0.000000,0.000000
0.002902,0.000000
0.005805,0.000000
0.008707,0.000000
0.011610,0.000000
0.014512,0.000000
0.017415,0.000000
0.020317,0.000000
0.023220,0.000000
0.026122,0.000000
0.029025,0.000000
0.031927,0.000000
0.034830,0.000000
0.037732,0.000000
0.040635,0.000000
0.043537,0.000000
0.046440,0.000000
0.049342,0.000000
0.052245,0.000000
0.055147,0.000000
0.058050,0.000000
0.060952,0.000000
0.063855,0.000000
0.066757,0.000000
0.069660,0.000000
0.072562,0.000000
0.075465,0.000000
0.078367,0.000000
0.081270,0.000000
0.084172,0.000000
0.087075,0.000000
0.089977,0.000000
0.092880,0.000000
0.095782,0.000000
0.098685,0.000000
0.101587,0.000000
0.104490,0.000000
0.107392,0.000000
0.110295,0.000000
0.113197,0.000000
0.116100,0.000000
0.119002,0.000000
0.121905,0.000000
0.124807,0.000000
0.127710,0.000000
0.130612,0.000000
0.133515,0.000000
0.136417,0.000000
0.139320,0.000000
0.142222,0.000000
0.145125,0.000000
0.148027,0.000000
0.150930,0.000000
0.153832,0.000000
0.156735,0.000000
0.159637,0.000000
0.162540,0.000000
0.165442,0.000000
0.168345,0.000000
0.171247,0.000000
0.174150,0.000000
0.177052,0.000000
0.179955,0.000000
0.182857,0.000000
0.185760,0.000000
0.188662,0.000000
0.191565,0.000000
0.194467,0.000000
0.197370,0.000000
0.200272,0.000000
0.203175,0.000000
0.206077,0.000000
0.208980,0.000000
0.211882,0.000000
0.214785,0.000000
0.217687,0.000000
0.220590,0.000000
0.223492,0.000000
0.226395,0.000000
0.229297,0.000000
0.232200,0.000000
0.235102,0.000000
0.238005,0.000000
0.240907,0.000000
0.243810,0.000000
0.246712,0.000000
0.249615,0.000000
0.252517,0.000000
0.255420,0.000000
0.258322,0.000000
0.261224,0.000000
0.264127,0.000000
0.267029,0.000000
0.269932,0.000000
0.272834,0.000000
0.275737,0.000000
0.278639,0.000000
0.281542,0.000000
0.284444,0.000000
0.287347,0.000000
0.290249,0.000000
0.293152,0.000000
0.296054,0.000000
0.298957,0.000000
0.301859,0.000000
0.304762,0.000000
0.307664,0.000000
0.310567,0.000000
0.313469,0.000000
0.316372,0.000000
0.319274,0.000000
0.322177,0.000000
0.325079,0.000000
0.327982,0.000000
0.330884,0.000000
0.333787,0.000000
0.336689,0.000000
0.339592,0.000000
0.342494,0.000000
0.345397,0.000000
0.348299,0.000000
0.351202,0.000000
0.354104,0.000000
0.357007,0.000000
0.359909,0.000000
0.362812,0.000000
0.365714,0.000000
0.368617,0.000000
0.371519,0.000000
0.374422,0.000000
0.377324,0.000000
0.380227,0.000000
0.383129,0.000000
0.386032,0.000000
0.388934,0.000000
0.391837,0.000000
0.394739,0.000000
0.397642,0.000000
0.400544,0.000000
0.403447,0.000000
0.406349,0.000000
0.409252,0.000000
0.412154,0.000000
0.415057,0.000000
0.417959,0.000000
0.420862,0.000000
0.423764,0.000000
0.426667,0.000000
0.429569,0.000000
0.432472,0.000000
0.435374,0.000000
0.438277,0.000000
0.441179,0.000000
0.444082,0.000000
0.446984,0.000000
0.449887,0.000000
0.452789,0.000000
0.455692,0.000000
0.458594,0.000000
0.461497,0.000000
0.464399,0.000000
0.467302,0.000000
0.470204,0.000000
0.473107,0.000000
0.476009,0.000000
0.478912,0.000000
0.481814,0.000000
0.484717,0.000000
0.487619,0.000000
0.490522,0.000000
0.493424,0.000000
0.496327,0.000000
0.499229,0.000000
0.502132,0.000000
0.505034,0.000000
0.507937,0.000000
0.510839,0.000000
0.513741,0.000000
0.516644,0.000000
0.519546,0.000000
0.522449,0.000000
0.525351,0.000000
0.528254,0.000000
0.531156,0.000000
0.534059,0.000000
0.536961,0.000000
0.539864,0.000000
0.542766,0.000000
0.545669,0.000000
0.548571,0.000000
0.551474,0.000000
0.554376,0.000000
0.557279,0.000000
0.560181,0.000000
0.563084,0.000000
0.565986,0.000000
0.568889,0.000000
0.571791,0.000000
0.574694,0.000000
0.577596,0.000000
0.580499,0.000000
0.583401,0.000000
0.586304,0.000000
0.589206,0.000000
0.592109,0.000000
0.595011,0.000000
0.597914,0.000000
0.600816,0.000000
0.603719,0.000000
0.606621,0.000000
0.609524,0.000000
0.612426,0.000000
0.615329,0.000000
0.618231,0.000000
0.621134,0.000000
0.624036,0.000000
0.626939,0.000000
0.629841,0.000000
0.632744,0.000000
0.635646,0.000000
0.638549,0.000000
0.641451,0.000000
0.644354,0.000000
0.647256,0.000000
0.650159,0.000000
0.653061,0.000000
0.655964,0.000000
0.658866,0.000000
0.661769,0.000000
0.664671,0.000000
0.667574,0.000000
0.670476,0.000000
0.673379,0.000000
0.676281,0.000000
0.679184,0.000000
0.682086,0.000000
0.684989,0.000000
0.687891,0.000000
0.690794,0.000000
0.693696,0.000000
0.696599,0.000000
0.699501,0.000000
0.702404,0.000000
0.705306,0.000000
0.708209,0.000000
0.711111,0.000000
0.714014,0.000000
0.716916,0.000000
0.719819,0.000000
0.722721,0.000000
0.725624,0.000000
0.728526,0.000000
0.731429,0.000000
0.734331,0.000000
0.737234,0.000000
0.740136,0.000000
0.743039,0.000000
0.745941,0.000000
0.748844,0.000000
0.751746,0.000000
0.754649,0.000000
0.757551,0.000000
0.760454,0.000000
0.763356,0.000000
0.766259,0.000000
0.769161,0.000000
0.772063,0.000000
0.774966,0.000000
0.777868,0.000000
0.780771,0.000000
0.783673,0.000000
0.786576,0.000000
0.789478,0.000000
0.792381,0.000000
0.795283,0.000000
0.798186,0.000000
0.801088,0.000000
0.803991,0.000000
0.806893,0.000000
0.809796,0.000000
0.812698,0.000000
0.815601,0.000000
0.818503,0.000000
0.821406,0.000000
0.824308,0.000000
0.827211,0.000000
0.830113,0.000000
0.833016,0.000000
0.835918,0.000000
0.838821,0.000000
0.841723,0.000000
0.844626,0.000000
0.847528,0.000000
0.850431,0.000000
0.853333,0.000000
0.856236,0.000000
0.859138,0.000000
0.862041,0.000000
0.864943,0.000000
0.867846,0.000000
0.870748,0.000000
0.873651,0.000000
0.876553,0.000000
0.879456,0.000000
0.882358,0.000000
0.885261,0.000000
0.888163,0.000000
0.891066,0.000000
0.893968,0.000000
0.896871,0.000000
0.899773,0.000000
0.902676,0.000000
0.905578,0.000000
0.908481,0.000000
0.911383,0.000000
0.914286,0.000000
0.917188,0.000000
0.920091,0.000000
0.922993,0.000000
0.925896,0.000000
0.928798,0.000000
0.931701,0.000000
0.934603,0.000000
0.937506,0.000000
0.940408,0.000000
0.943311,0.000000
0.946213,0.000000
0.949116,0.000000
0.952018,0.000000
0.954921,0.000000
0.957823,0.000000
0.960726,0.000000
0.963628,0.000000
0.966531,0.000000
0.969433,0.000000
0.972336,0.000000
0.975238,0.000000
0.978141,0.000000
0.981043,0.000000
0.983946,0.000000
0.986848,0.000000
0.989751,0.000000
0.992653,0.000000
0.995556,0.000000
0.998458,0.000000
1.001361,0.000000
1.004263,0.000000
1.007166,0.000000
1.010068,0.000000
1.012971,0.000000
1.015873,0.000000
1.018776,0.000000
1.021678,0.000000
1.024580,0.000000
1.027483,0.000000
1.030385,0.000000
1.033288,0.000000
1.036190,0.000000
1.039093,0.000000
1.041995,0.000000
1.044898,0.000000
1.047800,0.000000
1.050703,0.000000
1.053605,0.000000
1.056508,0.000000
1.059410,0.000000
1.062313,0.000000
1.065215,0.000000
1.068118,0.000000
1.071020,0.000000
1.073923,0.000000
1.076825,0.000000
1.079728,0.000000
1.082630,0.000000
1.085533,0.000000
1.088435,0.000000
1.091338,0.000000
1.094240,0.000000
1.097143,0.000000
1.100045,0.000000
1.102948,0.000000
1.105850,0.000000
1.108753,0.000000
1.111655,0.000000
1.114558,0.000000
1.117460,0.000000
1.120363,0.000000
1.123265,0.000000
1.126168,0.000000
1.129070,0.000000
1.131973,0.000000
1.134875,0.000000
1.137778,0.000000
1.140680,0.000000
1.143583,0.000000
1.146485,0.000000
1.149388,0.000000
1.152290,0.000000
1.155193,0.000000
1.158095,0.000000
1.160998,0.000000
1.163900,0.000000
1.166803,0.000000
1.169705,0.000000
1.172608,0.000000
1.175510,0.000000
1.178413,0.000000
1.181315,0.000000
1.184218,0.000000
1.187120,0.000000
1.190023,0.000000
1.192925,0.000000
1.195828,0.000000
1.198730,0.000000
1.201633,0.000000
1.204535,0.000000
1.207438,0.000000
1.210340,0.000000
1.213243,0.000000
1.216145,0.000000
1.219048,0.000000
1.221950,0.000000
1.224853,0.000000
1.227755,0.000000
1.230658,0.000000
1.233560,0.000000
1.236463,0.000000
1.239365,0.000000
1.242268,0.000000
1.245170,0.000000
1.248073,0.000000
1.250975,0.000000
1.253878,0.000000
1.256780,0.000000
1.259683,0.000000
1.262585,0.000000
1.265488,0.000000
1.268390,0.000000
1.271293,0.000000
1.274195,0.000000
1.277098,0.000000
1.280000,0.000000
1.282902,0.000000
1.285805,0.000000
1.288707,0.000000
1.291610,0.000000
1.294512,0.000000
1.297415,0.000000
1.300317,0.000000
1.303220,0.000000
1.306122,0.000000
1.309025,0.000000
1.311927,0.000000
1.314830,0.000000
1.317732,0.000000
1.320635,0.000000
1.323537,0.000000
1.326440,0.000000
1.329342,0.000000
1.332245,0.000000
1.335147,0.000000
1.338050,0.000000
1.340952,0.000000
1.343855,0.000000
1.346757,0.000000
1.349660,0.000000
1.352562,0.000000
1.355465,0.000000
1.358367,0.000000
1.361270,0.000000
1.364172,0.000000
1.367075,0.000000
1.369977,0.000000
1.372880,0.000000
1.375782,0.000000
1.378685,0.000000
1.381587,0.000000
1.384490,0.000000
1.387392,0.000000
1.390295,0.000000
1.393197,0.000000
1.396100,0.000000
1.399002,0.000000
1.401905,0.000000
1.404807,0.000000
1.407710,0.000000
1.410612,0.000000
1.413515,0.000000
1.416417,0.000000
1.419320,0.000000
1.422222,0.000000
1.425125,0.000000
1.428027,0.000000
1.430930,0.000000
1.433832,0.000000
1.436735,0.000000
1.439637,0.000000
1.442540,0.000000
1.445442,0.000000
1.448345,0.000000
1.451247,0.000000
1.454150,0.000000
1.457052,0.000000
1.459955,0.000000
1.462857,0.000000
1.465760,0.000000
1.468662,0.000000
1.471565,0.000000
1.474467,0.000000
1.477370,0.000000
1.480272,0.000000
1.483175,0.000000
1.486077,0.000000
1.488980,0.000000
1.491882,0.000000
1.494785,0.000000
1.497687,0.000000
1.500590,0.000000
1.503492,0.000000
1.506395,0.000000
1.509297,0.000000
1.512200,0.000000
1.515102,0.000000
1.518005,0.000000
1.520907,0.000000
1.523810,0.000000
1.526712,0.000000
1.529615,0.000000
1.532517,0.000000
1.535420,0.000000
1.538322,0.000000
1.541224,0.000000
1.544127,0.000000
1.547029,0.000000
1.549932,0.000000
1.552834,0.000000
1.555737,0.000000
1.558639,0.000000
1.561542,0.000000
1.564444,0.000000
1.567347,0.000000
1.570249,0.000000
1.573152,0.000000
1.576054,0.000000
1.578957,0.000000
1.581859,0.000000
1.584762,0.000000
1.587664,0.000000
1.590567,0.000000
1.593469,0.000000
1.596372,0.000000
1.599274,0.000000
1.602177,0.000000
1.605079,0.000000
1.607982,0.000000
1.610884,0.000000
1.613787,0.000000
1.616689,0.000000
1.619592,0.000000
1.622494,0.000000
1.625397,0.000000
1.628299,0.000000
1.631202,0.000000
1.634104,0.000000
1.637007,0.000000
1.639909,0.000000
1.642812,0.000000
1.645714,0.000000
1.648617,0.000000
1.651519,0.000000
1.654422,0.000000
1.657324,0.000000
1.660227,0.000000
1.663129,0.000000
1.666032,0.000000
1.668934,0.000000
1.671837,0.000000
1.674739,0.000000
1.677642,0.000000
1.680544,0.000000
1.683447,0.000000
1.686349,0.000000
1.689252,0.000000
1.692154,0.000000
1.695057,0.000000
1.697959,0.000000
1.700862,0.000000
1.703764,0.000000
1.706667,0.000000
1.709569,0.000000
1.712472,0.000000
1.715374,0.000000
1.718277,0.000000
1.721179,0.000000
1.724082,0.000000
1.726984,0.000000
1.729887,0.000000
1.732789,0.000000
1.735692,0.000000
1.738594,0.000000
1.741497,0.000000
1.744399,0.000000
1.747302,0.000000
1.750204,0.000000
1.753107,0.000000
1.756009,0.000000
1.758912,0.000000
1.761814,0.000000
1.764717,0.000000
1.767619,0.000000
1.770522,0.000000
1.773424,0.000000
1.776327,0.000000
1.779229,0.000000
1.782132,0.000000
1.785034,0.000000
1.787937,0.000000
1.790839,0.000000
1.793741,0.000000
1.796644,0.000000
1.799546,0.000000
1.802449,0.000000
1.805351,0.000000
1.808254,0.000000
1.811156,0.000000
1.814059,0.000000
1.816961,0.000000
1.819864,0.000000
1.822766,0.000000
1.825669,0.000000
1.828571,0.000000
1.831474,0.000000
1.834376,0.000000
1.837279,0.000000
1.840181,0.000000
1.843084,0.000000
1.845986,0.000000
1.848889,0.000000
1.851791,0.000000
1.854694,0.000000
1.857596,0.000000
1.860499,0.000000
1.863401,0.000000
1.866304,0.000000
1.869206,0.000000
1.872109,0.000000
1.875011,0.000000
1.877914,0.000000
1.880816,0.000000
1.883719,0.000000
1.886621,0.000000
1.889524,0.000000
1.892426,0.000000
1.895329,0.000000
1.898231,0.000000
1.901134,0.000000
1.904036,0.000000
1.906939,0.000000
1.909841,0.000000
1.912744,0.000000
1.915646,0.000000
1.918549,0.000000
1.921451,0.000000
1.924354,0.000000
1.927256,0.000000
1.930159,0.000000
1.933061,0.000000
1.935964,0.000000
1.938866,0.000000
1.941769,0.000000
1.944671,0.000000
1.947574,0.000000
1.950476,0.000000
1.953379,0.000000
1.956281,488.745691
1.959184,489.028083
1.962086,494.710315
1.964989,497.576143
1.967891,498.217820
1.970794,498.793716
1.973696,499.947507
1.976599,500.441480
1.979501,500.441480
1.982404,499.863681
1.985306,499.912732
1.988209,499.912732
1.991111,500.490588
1.994014,499.912732
1.996916,499.976834
1.999819,500.265716
2.002721,500.554764
2.005624,500.512304
2.008526,500.223280
2.011429,499.645733
2.014331,499.068853
2.017234,498.765525
2.020136,498.477510
2.023039,498.189661
2.025941,497.765797
2.028844,496.617041
2.031746,496.043658
2.034649,494.898877
2.037551,494.667302
2.040454,494.096170
2.043356,493.810851
2.046259,493.643915
2.049161,493.358858
2.052063,493.073965
2.054966,492.789236
2.057868,492.646312
2.060771,492.646312
2.063673,492.646312
2.066576,492.935711
2.069478,493.220524
2.072381,493.220524
2.075283,493.506803
2.078186,493.791946
2.081088,494.362727
2.083991,494.934167
2.086893,495.547842
2.089796,495.834165
2.092698,496.407306
2.095601,496.992512
2.098503,498.717945
2.101406,499.006099
2.104308,499.006099
2.107211,499.745069
2.110113,500.611812
2.113016,500.611812
2.115918,501.055752
2.118821,501.345257
2.121723,501.634929
2.124626,501.924769
2.127528,501.820620
2.130431,502.400681
2.133333,502.981413
2.136236,502.992683
2.139138,502.992683
2.142041,502.992683
2.144943,502.992683
2.147846,503.195397
2.150748,503.195397
2.153651,503.195397
2.156553,502.877984
2.159456,502.587594
2.162358,502.297372
2.165261,501.996416
2.168163,501.996416
2.171066,501.706535
2.173968,501.127276
2.176871,499.926325
2.179773,499.637639
2.182676,498.484564
2.185578,497.965560
2.188481,497.103399
2.191383,497.390620
2.194286,497.103399
2.197188,497.106776
2.200091,497.106776
2.202993,497.106776
2.205896,497.434722
2.208798,496.860394
2.211701,497.147475
2.214603,497.722134
2.217506,497.862935
2.220408,498.150595
2.223311,498.438421
2.226213,498.687320
2.229116,498.399350
2.232018,498.399350
2.234921,499.552228
2.237823,499.402988
2.240726,499.402988
2.243628,499.114605
2.246531,499.464294
2.249433,500.041631
2.252336,500.619635
2.255238,500.381533
2.258141,501.249380
2.261043,500.959931
2.263946,500.959931
2.266848,500.800787
2.269751,500.800787
2.272653,500.511596
2.275556,501.108971
2.278458,501.108971
2.281361,500.819603
2.284263,0.000000
2.287166,501.746661
2.290068,501.746661
2.292971,502.036565
2.295873,502.036774
2.298776,501.457133
2.301678,501.167564
2.304580,500.588927
2.307483,501.483458
2.310385,502.063129
2.313288,502.063129
2.316190,501.358631
2.319093,500.779773
2.321995,500.490595
2.324898,500.779773
2.327800,501.374917
2.330703,501.664606
2.333605,501.954463
2.336508,501.549445
2.339410,501.259823
2.342313,500.970367
2.345215,499.322194
2.348118,499.899367
2.351020,500.188203
2.353923,500.188203
2.356825,500.407070
2.359728,500.407070
2.362630,499.829311
2.365533,0.000000
2.368435,0.000000
2.371338,0.000000
2.374240,0.000000
2.377143,0.000000
2.380045,0.000000
2.382948,0.000000
2.385850,0.000000
2.388753,0.000000
2.391655,0.000000
2.394558,0.000000
2.397460,0.000000
2.400363,0.000000
2.403265,0.000000
2.406168,0.000000
2.409070,0.000000
2.411973,0.000000
2.414875,495.806153
2.417778,494.464931
2.420680,493.323793
2.423583,493.038920
2.426485,495.067930
2.429388,496.213102
2.432290,497.073720
2.435193,497.241019
2.438095,498.679183
2.440998,500.410472
2.443900,505.056684
2.446803,508.285303
2.449705,510.934557
2.452608,515.380701
2.455510,515.958148
2.458413,516.554551
2.461315,518.048575
2.464218,518.048575
2.467120,517.961014
2.470023,517.661914
2.472925,517.961014
2.475828,517.377797
2.478730,517.377797
2.481633,517.975841
2.484535,518.874203
2.487438,519.201985
2.490340,519.501975
2.493243,519.501975
2.496145,519.675880
2.499048,519.976143
2.501950,519.675880
2.504853,519.675880
2.507755,519.892824
2.510658,519.892824
2.513560,519.892824
2.516463,519.773054
2.519365,519.773054
2.522268,520.073374
2.525170,520.045180
2.528073,520.045180
2.530975,520.045180
2.533878,520.345657
2.536780,520.594916
2.539683,520.594916
2.542585,520.594916
2.545488,520.853395
2.548390,520.552626
2.551293,520.853395
2.554195,520.853395
2.557098,520.661007
2.560000,520.661007
2.562902,520.961840
2.565805,521.182365
2.568707,521.182365
2.571610,521.483499
2.574512,521.483499
2.577415,521.448509
2.580317,521.448509
2.583220,521.448509
2.586122,521.518507
2.589025,521.518507
2.591927,521.819835
2.594830,521.819835
2.597732,521.764443
2.600635,521.463147
2.603537,521.764443
2.606440,521.700027
2.609342,521.700027
2.612245,521.700027
2.615147,521.766848
2.618050,521.766848
2.620952,522.068319
2.623855,522.369965
2.626757,522.328247
2.629660,522.026626
2.632562,522.026626
2.635465,521.990064
2.638367,521.990064
2.641270,521.990064
2.644172,521.990064
2.647075,522.052074
2.649977,522.052074
2.652880,522.052074
2.655782,521.901255
2.658685,521.901255
2.661587,521.901255
2.664490,521.901255
2.667392,522.093119
2.670295,522.093119
2.673197,522.093119
2.676100,522.181863
2.679002,522.181863
2.681905,522.181863
2.684807,522.181863
2.687710,522.096149
2.690612,522.096149
2.693515,522.096149
2.696417,522.432422
2.699320,522.432422
2.702222,522.432422
2.705125,522.411879
2.708027,522.713723
2.710930,522.713723
2.713832,522.713723
2.716735,522.676101
2.719637,522.676101
2.722540,522.676101
2.725442,522.592910
2.728345,522.291135
2.731247,522.291135
2.734150,522.291135
2.737052,522.416009
2.739955,522.416009
2.742857,522.416009
2.745760,522.327561
2.748662,522.327561
2.751565,522.327561
2.754467,522.327561
2.757370,522.410173
2.760272,522.410173
2.763175,522.410173
2.766077,522.358210
2.768980,522.358210
2.771882,522.358210
2.774785,522.358210
2.777687,522.283714
2.780590,522.283714
2.783492,522.283714
2.786395,522.088287
2.789297,522.088287
2.792200,521.786804
2.795102,521.748491
2.798005,521.748491
2.800907,521.748491
2.803810,521.447205
2.806712,521.479964
2.809615,521.178832
2.812517,521.479964
2.815420,521.690746
2.818322,521.690746
2.821224,521.690746
2.824127,521.690746
2.827029,521.617502
2.829932,521.617502
2.832834,521.316291
2.835737,521.542740
2.838639,521.542740
2.841542,521.542740
2.844444,521.844082
2.847347,521.563894
2.850249,521.563894
2.853152,0.000000
2.856054,0.000000
2.858957,0.000000
2.861859,0.000000
2.864762,0.000000
2.867664,0.000000
2.870567,0.000000
2.873469,0.000000
2.876372,0.000000
2.879274,0.000000
2.882177,0.000000
2.885079,0.000000
2.887982,0.000000
2.890884,0.000000
2.893787,0.000000
2.896689,0.000000
2.899592,0.000000
2.902494,0.000000
2.905397,0.000000
2.908299,0.000000
2.911202,0.000000
2.914104,0.000000
2.917007,0.000000
2.919909,0.000000
2.922812,0.000000
2.925714,0.000000
2.928617,0.000000
2.931519,0.000000
2.934422,0.000000
2.937324,0.000000
2.940227,0.000000
2.943129,0.000000
2.946032,0.000000
2.948934,0.000000
2.951837,0.000000
2.954739,0.000000
2.957642,578.143887
2.960544,579.146602
2.963447,580.486262
2.966349,581.587302
2.969252,581.923337
2.972154,582.932607
2.975057,583.866919
2.977959,584.541818
2.980862,585.555630
2.983764,586.232481
2.986667,586.628874
2.989569,586.628874
2.992472,586.967822
2.995374,587.204905
2.998277,587.883663
3.001179,588.563205
3.004082,588.903271
3.006984,589.640263
3.009887,589.640263
3.012789,589.299772
3.015692,589.385793
3.018594,589.726334
3.021497,589.726334
3.024399,589.726334
3.027302,589.520140
3.030204,589.860759
3.033107,590.542587
3.036009,590.256825
3.038912,590.256825
3.041814,590.256825
3.044717,590.256825
3.047619,590.653738
3.050522,590.653738
3.053424,590.653738
3.056327,590.399894
3.059229,590.399894
3.062132,590.399894
3.065034,590.308883
3.067937,590.649957
3.070839,590.991228
3.073741,590.991228
3.076644,590.791570
3.079546,590.791570
3.082449,590.791570
3.085351,590.736693
3.088254,590.736693
3.091156,590.736693
3.094059,590.736693
3.096961,590.721985
3.099864,590.721985
3.102766,590.380869
3.105669,590.561879
3.108571,590.561879
3.111474,590.561879
3.114376,590.903099
3.117279,590.957019
3.120181,590.615767
3.123084,590.615767
3.125986,590.548837
3.128889,590.548837
3.131791,590.548837
3.134694,590.207822
3.137596,590.469713
3.140499,590.469713
3.143401,590.469713
3.146304,590.709753
3.149206,590.709753
3.152109,591.051059
3.155011,590.939391
3.157914,590.939391
3.160816,590.939391
3.163719,590.939391
3.166621,590.919927
3.169524,590.919927
3.172426,590.919927
3.175329,591.001186
3.178231,591.001186
3.181134,591.001186
3.184036,591.342660
3.186939,591.447890
3.189841,591.789622
3.192744,591.789622
3.195646,591.848694
3.198549,591.848694
3.201451,591.848694
3.204354,591.506927
3.207256,591.607693
3.210159,591.607693
3.213061,591.949517
3.215964,592.184761
3.218866,592.184761
3.221769,591.842801
3.224671,591.842801
3.227574,591.910019
3.230476,591.910019
3.233379,591.910019
3.236281,592.063307
3.239184,592.063307
3.242086,592.063307
3.244989,592.405395
3.247891,592.055852
3.250794,592.397935
3.253696,592.397935
3.256599,592.063098
3.259501,592.063098
3.262404,592.063098
3.265306,592.092415
3.268209,592.092415
3.271111,592.092415
3.274014,592.092415
3.276916,592.127893
3.279819,592.127893
3.282721,592.127893
3.285624,592.216853
3.288526,592.216853
3.291429,591.874874
3.294331,591.874874
3.297234,592.351836
3.300136,592.351836
3.303039,592.351836
3.305941,592.137556
3.308844,592.479687
3.311746,592.479687
3.314649,592.479687
3.317551,592.507756
3.320454,592.507756
3.323356,592.507756
3.326259,592.546646
3.329161,592.546646
3.332063,592.546646
3.334966,592.546646
3.337868,592.471649
3.340771,592.471649
3.343673,592.471649
3.346576,592.371654
3.349478,592.371654
3.352381,592.371654
3.355283,592.324542
3.358186,592.324542
3.361088,592.324542
3.363991,592.324542
3.366893,592.122899
3.369796,592.122899
3.372698,591.780974
3.375601,591.624157
3.378503,591.624157
3.381406,591.965992
3.384308,591.624157
3.387211,591.747496
3.390113,591.747496
3.393016,591.405787
3.395918,591.156161
3.398821,591.156161
3.401723,591.156161
3.404626,591.156161
3.407528,590.932370
3.410431,591.273804
3.413333,591.273804
3.416236,590.781577
3.419138,591.464469
3.422041,591.464469
3.424943,591.464469
3.427846,592.013958
3.430748,592.356018
3.433651,592.013958
3.436553,591.711916
3.439456,0.000000
3.442358,0.000000
3.445261,0.000000
3.448163,0.000000
3.451066,0.000000
3.453968,0.000000
3.456871,0.000000
3.459773,0.000000
3.462676,0.000000
3.465578,788.973543
3.468481,788.973543
3.471383,788.973543
3.474286,789.429403
3.477188,789.396521
3.480091,789.396521
3.482993,792.137107
3.485896,793.822077
3.488798,792.905547
3.491701,791.990076
3.494603,791.990076
3.497506,792.359368
3.500408,792.359368
3.503311,791.901816
3.506213,791.395063
3.509116,790.938067
3.512018,790.481335
3.514921,790.024867
3.517823,789.345670
3.520726,789.345670
3.523628,788.889858
3.526531,787.854139
3.529433,786.944500
3.532336,785.582010
3.535238,784.997475
3.538141,784.544174
3.541043,783.638356
3.543946,783.638356
3.546848,782.550267
3.549751,781.646751
3.552653,781.195385
3.555556,780.715354
3.558458,780.264526
3.561361,779.813957
3.564263,778.913601
3.567166,778.472884
3.570068,778.472884
3.572971,778.922677
3.575873,779.474838
3.578776,780.375843
3.581678,780.826736
3.584580,781.729304
3.587483,782.352434
3.590385,783.256765
3.593288,784.615222
3.596190,785.279729
3.599093,786.641695
3.601995,787.550984
3.604898,787.550984
3.607800,788.773103
3.610703,790.141128
3.613605,791.054462
3.616508,791.608578
3.619410,791.608578
3.622313,792.065961
3.625215,792.868945
3.628118,792.868945
3.631020,793.785433
3.633923,795.162151
3.636825,796.603035
3.639728,797.984640
3.642630,798.445707
3.645533,798.331562
3.648435,798.792830
3.651338,798.792830
3.654240,799.254364
3.657143,798.967675
3.660045,797.123799
3.662948,794.824936
3.665850,793.661032
3.668753,793.202728
3.671655,792.286913
3.674558,790.915173
3.677460,790.027466
3.680363,789.571260
3.683265,788.659639
3.686168,788.078772
3.689070,786.260025
3.691973,783.992493
3.694875,781.731501
3.697778,781.728897
3.700680,781.728897
3.703583,780.826330
3.706485,780.255710
3.709388,780.255710
3.712290,779.805147
3.715193,778.989109
3.718095,778.539277
3.720998,778.989109
3.723900,779.439201
3.726803,779.554272
3.729705,780.004690
3.732608,780.906307
3.735510,781.446814
3.738413,782.350098
3.741315,783.254427
3.744218,784.159801
3.747120,785.002241
3.750023,785.909636
3.752925,786.363726
3.755828,786.924067
3.758730,787.833683
3.761633,788.288885
3.764535,788.744350
3.767438,789.636092
3.770340,790.092335
3.773243,790.092335
3.776145,790.180537
3.779048,790.180537
3.781950,790.180537
3.784853,790.637095
3.787755,790.971770
3.790658,791.428785
3.793560,791.886064
3.796463,791.654007
3.799365,792.111416
3.802268,792.111416
3.805170,792.078328
3.808073,792.078328
3.810975,792.078328
3.813878,792.078328
3.816780,791.699325
3.819683,791.242153
3.822585,791.242153
3.825488,790.171851
3.828390,789.715562
3.831293,789.259536
3.834195,789.259536
3.837098,789.176919
3.840000,788.721204
3.842902,788.721204
3.845805,788.570369
3.848707,788.570369
3.851610,789.025996
3.854512,789.025996
3.857415,789.440005
3.860317,789.896135
3.863220,790.352529
3.866122,790.706327
3.869025,790.706327
3.871927,790.706327
3.874830,790.706327
3.877732,790.503104
3.880635,790.046623
3.883537,790.046623
3.886440,789.677622
3.889342,789.677622
3.892245,789.221618
3.895147,788.733753
3.898050,788.278294
3.900952,787.823098
3.903855,787.368165
3.906757,786.854524
3.909660,786.400150
3.912562,786.400150
3.915465,789.957539
3.918367,790.413968
3.921270,791.784839
3.924172,789.501373
3.927075,474.520128
3.929977,474.520128
3.932880,475.068632
3.935782,490.387297
3.938685,491.237810
3.941587,496.658754
3.944490,499.535869
3.947392,500.376632
3.950295,500.665744
3.953197,500.955024
3.956100,500.723367
3.959002,500.723367
3.961905,500.434221
3.964807,500.434221
3.967710,500.290864
3.970612,500.001968
3.973515,499.713239
3.976417,499.514481
3.979320,499.226034
3.982222,499.226034
3.985125,498.931515
3.988027,498.931515
3.990930,498.931515
3.993832,498.643404
3.996735,498.745412
3.999637,498.457409
4.002540,498.745412
4.005442,498.818748
4.008345,498.530702
4.011247,498.530702
4.014150,498.818748
4.017052,498.751541
4.019955,498.751541
4.022857,499.039715
4.025760,499.048243
4.028662,499.336588
4.031565,499.336588
4.034467,499.336588
4.037370,499.648902
4.040272,499.648902
4.043175,499.648902
4.046077,499.729535
4.048980,499.729535
4.051882,500.018273
4.054785,500.307179
4.057687,500.369547
4.060590,500.369547
4.063492,500.369547
4.066395,500.629145
4.069297,500.340054
4.072200,500.629145
4.075102,500.853447
4.078005,501.142834
4.080907,501.142834
4.083810,501.142834
4.086712,501.213570
4.089615,501.213570
4.092517,501.503166
4.095420,501.403232
4.098322,501.692937
4.101224,501.692937
4.104127,501.982810
4.107029,501.659442
4.109932,501.659442
4.112834,501.659442
4.115737,501.729547
4.118639,502.019441
4.121542,502.019441
4.124444,502.019441
4.127347,501.921514
4.130249,501.921514
4.133152,502.211519
4.136054,502.204421
4.138957,502.494590
4.141859,502.494590
4.144762,502.784926
4.147664,501.678569
4.150567,500.520783
4.153469,499.654198
4.156372,492.922116
4.159274,498.361647
4.162177,496.350660
4.165079,444.599226
4.167982,443.829462
4.170884,442.038523
4.173787,442.038523
4.176689,442.436788
4.179592,442.181301
4.182494,442.181301
4.185397,442.809084
4.188299,442.809084
4.191202,442.553381
4.194104,442.809084
4.197007,442.696773
4.199909,442.441135
4.202812,442.696773
4.205714,442.840782
4.208617,443.096651
4.211519,443.096651
4.214422,443.096651
4.217324,442.888037
4.220227,442.888037
4.223129,442.888037
4.226032,442.931875
4.228934,442.931875
4.231837,443.187796
4.234739,443.187796
4.237642,443.213903
4.240544,442.957966
4.243447,443.213903
4.246349,442.981550
4.249252,443.237500
4.252154,443.237500
4.255057,443.432626
4.257959,443.176563
4.260862,443.176563
4.263764,443.176563
4.266667,443.318601
4.269569,443.574746
4.272472,443.574746
4.275374,443.489161
4.278277,443.233065
4.281179,443.489161
4.284082,443.489161
4.286984,443.711845
4.289887,443.711845
4.292789,443.711845
4.295692,443.754331
4.298594,443.498083
4.301497,443.754331
4.304399,443.498083
4.307302,443.647867
4.310204,443.647867
4.313107,443.647867
4.316009,443.584004
4.318912,443.584004
4.321814,443.584004
4.324717,443.584004
4.327619,443.506353
4.330522,443.506353
4.333424,443.506353
4.336327,443.688040
4.339229,443.688040
4.342132,443.688040
4.345034,443.614600
4.347937,443.102413
4.350839,442.079811
4.353741,441.314408
4.356644,440.670267
4.359546,440.415799
4.362449,441.179643
4.365351,441.775104
4.368254,445.104921
4.371156,444.847892
4.374059,443.564975
4.376961,442.708119
4.379864,443.732174
4.382766,443.219851
4.385669,489.652106
4.388571,492.204241
4.391474,495.914161
4.394376,495.627792
4.397279,496.566299
4.400181,497.714937
4.403084,499.442879
4.405986,500.133427
4.408889,499.267512
4.411791,498.691069
4.414694,499.267512
4.417596,499.447215
4.420499,499.447215
4.423401,499.158806
4.426304,498.727352
4.429206,498.727352
4.432109,499.015511
4.435011,499.337518
4.437914,499.049173
4.440816,499.049173
4.443719,499.049173
4.446621,498.921448
4.449524,499.209719
4.452426,499.209719
4.455329,498.925959
4.458231,498.637851
4.461134,498.637851
4.464036,498.637851
4.466939,498.587421
4.469841,498.587421
4.472744,498.587421
4.475646,498.742595
4.478549,498.742595
4.481451,498.742595
4.484354,498.742595
4.487256,498.459894
4.490159,498.459894
4.493061,498.459894
4.495964,498.753883
4.498866,498.753883
4.501769,498.753883
4.504671,498.753883
4.507574,498.443329
4.510476,498.443329
4.513379,498.731324
4.516281,498.936853
4.519184,498.648739
4.522086,499.225133
4.524989,498.936853
4.527891,499.006351
4.530794,499.294672
4.533696,499.583159
4.536599,499.400252
4.539501,499.688800
4.542404,499.400252
4.545306,498.587164
4.548209,498.299251
4.551111,498.875242
4.554014,496.862183
4.556916,497.928199
4.559819,498.215896
4.562721,497.640667
4.565624,498.554619
4.568526,498.842678
4.571429,0.000000
4.574331,0.000000
4.577234,501.181415
4.580136,502.340729
4.583039,501.760737
4.585941,518.917700
4.588844,518.618048
4.591746,519.817696
4.594649,520.118041
4.597551,520.902018
4.600454,521.504136
4.603356,521.805455
4.606259,521.649784
4.609161,521.649784
4.612063,522.252766
4.614966,522.252766
4.617868,521.902050
4.620771,521.902050
4.623673,522.203600
4.626576,522.485046
4.629478,522.183334
4.632381,522.183334
4.635283,522.246499
4.638186,522.548248
4.641088,522.246499
4.643991,522.246499
4.646893,522.375797
4.649796,522.677621
4.652698,522.677621
4.655601,522.712306
4.658503,522.712306
4.661406,522.712306
4.664308,522.712306
4.667211,522.800036
4.670113,522.800036
4.673016,522.800036
4.675918,522.747563
4.678821,523.049601
4.681723,523.049601
4.684626,523.049601
4.687528,523.003383
4.690431,523.003383
4.693333,523.003383
4.696236,523.073660
4.699138,523.375887
4.702041,523.073660
4.704943,523.073660
4.707846,522.825373
4.710748,522.825373
4.713651,522.825373
4.716553,522.970161
4.719456,523.272327
4.722358,522.970161
4.725261,522.937149
4.728163,522.937149
4.731066,522.937149
4.733968,522.635176
4.736871,522.832040
4.739773,522.832040
4.742676,522.530128
4.745578,522.873272
4.748481,522.873272
4.751383,522.873272
4.754286,522.873272
4.757188,522.816329
4.760091,522.816329
4.762993,522.816329
4.765896,523.214064
4.768798,522.911931
4.771701,522.609973
4.774603,521.705143
4.777506,521.558290
4.780408,522.161166
4.783311,522.462865
4.786213,522.583282
4.789116,524.094743
4.792018,525.003718
4.794921,524.397560
4.797823,524.316176
4.800726,521.597537
4.803628,520.995312
4.806531,584.604477
4.809433,584.942255
4.812336,586.295322
4.815238,588.515547
4.818141,590.217703
4.821043,589.876878
4.823946,590.899943
4.826848,591.667457
4.829751,592.351373
4.832653,592.351373
4.835556,592.098393
4.838458,592.098393
4.841361,593.125311
4.844263,593.125311
4.847166,593.242828
4.850068,593.242828
4.852971,593.242828
4.855873,593.326815
4.858776,593.326815
4.861678,592.984195
4.864580,592.984195
4.867483,592.572938
4.870385,592.915321
4.873288,592.915321
4.876190,592.916220
4.879093,592.231652
4.881995,591.889664
4.884898,591.889664
4.887800,591.804502
4.890703,591.804502
4.893605,591.462761
4.896508,591.136691
4.899410,591.136691
4.902313,591.136691
4.905215,590.963856
4.908118,590.963856
4.911020,590.622601
4.913923,590.622601
4.916825,590.540252
4.919728,590.199241
4.922630,589.858427
4.925533,590.140593
4.928435,589.799812
4.931338,589.459229
4.934240,589.118842
4.937143,588.750242
4.940045,588.410265
4.942948,588.410265
4.945850,588.204789
4.948753,587.865127
4.951655,588.204789
4.954558,587.865127
4.957460,587.524171
4.960363,587.184901
4.963265,587.184901
4.966168,587.500923
4.969070,587.500923
4.971973,587.161667
4.974875,587.161667
4.977778,587.254854
4.980680,587.933669
4.983583,587.594164
4.986485,587.163179
4.989388,587.502436
4.992290,587.841889
4.995193,588.130842
4.998095,588.130842
5.000998,588.130842
5.003900,588.810670
5.006803,588.967949
5.009705,589.648744
5.012608,590.330327
5.015510,590.285529
5.018413,590.967848
5.021315,591.309303
5.024218,592.334852
5.027120,592.847183
5.030023,593.189724
5.032925,594.218535
5.035828,594.982332
5.038730,595.670080
5.041633,596.703192
5.044535,597.392929
5.047438,598.371763
5.050340,598.717496
5.053243,598.026230
5.056145,597.979574
5.059048,598.325080
5.061950,599.016692
5.064853,599.016692
5.067755,598.460851
5.070658,598.460851
5.073560,597.769882
5.076463,596.928758
5.079365,595.895255
5.082268,595.551152
5.085170,595.308140
5.088073,594.964376
5.090975,594.277443
5.093878,593.591303
5.096780,592.638463
5.099683,592.296241
5.102585,591.270758
5.105488,590.669966
5.108390,588.966506
5.111293,589.306804
5.114195,588.626404
5.117098,587.732128
5.120000,586.375746
5.122902,585.698729
5.125805,585.235111
5.128707,584.897164
5.131610,584.559412
5.134512,584.897164
5.137415,585.076032
5.140317,584.738176
5.143220,585.076032
5.146122,585.244311
5.149025,585.582459
5.151927,585.920803
5.154830,585.920803
5.157732,585.791673
5.160635,586.468798
5.163537,587.485952
5.166440,587.459846
5.169342,587.799274
5.172245,588.138898
5.175147,588.641399
5.178050,589.662322
5.180952,590.343920
5.183855,590.685014
5.186757,592.054340
5.189660,593.081181
5.192562,593.081181
5.195465,593.773486
5.198367,594.803309
5.201270,596.179186
5.204172,597.213181
5.207075,597.704688
5.209977,598.741329
5.212880,599.087276
5.215782,599.105609
5.218685,600.144680
5.221587,598.759652
5.224490,599.798123
5.227392,600.794102
5.230295,600.447170
5.233197,599.407576
5.236100,599.210703
5.239002,599.210703
5.241905,599.556920
5.244807,599.556920
5.247710,598.898371
5.250612,597.861457
5.253515,597.516219
5.256417,596.797205
5.259320,596.108156
5.262222,595.763930
5.265125,595.178804
5.268027,594.148331
5.270930,593.119642
5.273832,591.409116
5.276735,589.882078
5.279637,589.882078
5.282540,589.201013
5.285442,589.410326
5.288345,589.069967
5.291247,587.371121
5.294150,586.692955
5.297052,585.438270
5.299955,584.762336
5.302857,584.762336
5.305760,584.940975
5.308662,586.294038
5.311565,584.603198
5.314467,584.603198
5.317370,584.299105
5.320272,584.974504
5.323175,585.650684
5.326077,585.394205
5.328980,585.394205
5.331882,585.732440
5.334785,586.070870
5.337687,586.386047
5.340590,586.724855
5.343492,587.742453
5.346395,588.644545
5.349297,589.665473
5.352200,590.347075
5.355102,591.163333
5.358005,591.846667
5.360907,592.530790
5.363810,592.873148
5.366712,592.904158
5.369615,593.589504
5.372517,594.619008
5.375420,595.811358
5.378322,596.500064
5.381224,598.225314
5.384127,599.262858
5.387029,599.359823
5.389932,599.359823
5.392834,600.052631
5.395737,600.339953
5.398639,599.993284
5.401542,600.339953
5.404444,599.646814
5.407347,600.142548
5.410249,600.142548
5.413152,600.142548
5.416054,600.777857
5.418957,600.777857
5.421859,600.777857
5.424762,600.084212
5.427664,599.881896
5.430567,598.843280
5.433469,597.116248
5.436372,597.236339
5.439274,596.546783
5.442177,596.546783
5.445079,594.675619
5.447982,593.989020
5.450884,592.618198
5.453787,590.909119
5.456689,590.455156
5.459592,590.455156
5.462494,589.092490
5.465397,588.482783
5.468299,586.446787
5.471202,586.108140
5.474104,585.093371
5.477007,584.400934
5.479909,584.738594
5.482812,585.076450
5.485714,585.101486
5.488617,584.763616
5.491519,585.101486
5.494422,586.454920
5.497324,585.885865
5.500227,585.547542
5.503129,586.563098
5.506032,587.465269
5.508934,587.804700
5.511837,587.465269
5.514739,588.484151
5.517642,589.902439
5.520544,589.902439
5.523447,589.561796
5.526349,589.476201
5.529252,590.839755
5.532154,591.522714
5.535057,590.863630
5.537959,591.888406
5.540862,593.943294
5.543764,595.317181
5.546667,596.084268
5.549569,596.428679
5.552472,597.808315
5.555374,598.288194
5.558277,597.942709
5.561179,598.288194
5.564082,599.325847
5.566984,599.231788
5.569887,599.924448
5.572789,598.885758
5.575692,598.329867
5.578594,598.329867
5.581497,598.675575
5.584399,598.675575
5.587302,598.621262
5.590204,597.930107
5.593107,597.930107
5.596009,597.286561
5.598912,595.908129
5.601814,593.846443
5.604717,593.160801
5.607619,592.972218
5.610522,594.000651
5.613424,593.657642
5.616327,592.668654
5.619229,592.326414
5.622132,591.642526
5.625034,591.797512
5.627937,592.139446
5.630839,591.797512
5.633741,591.797512
5.636644,591.812182
5.639546,592.496265
5.642449,592.154125
5.645351,592.229961
5.648254,592.572145
5.651156,593.257107
5.654059,593.599885
5.656961,593.654699
5.659864,593.311889
5.662766,592.969278
5.665669,593.429562
5.668571,594.458789
5.671474,594.458789
5.674376,594.115515
5.677279,594.721615
5.680181,595.409062
5.683084,595.409062
5.685986,595.339092
5.688889,595.683072
5.691791,595.339092
5.694694,595.339092
5.697596,595.495863
5.700499,595.151990
5.703401,595.495863
5.706304,595.467097
5.709206,595.467097
5.712109,595.467097
5.715011,595.120203
5.717914,594.433091
5.720816,594.089832
5.723719,594.433091
5.726621,594.276652
5.729524,594.620019
5.732426,593.933483
5.735329,593.426907
5.738231,592.741749
5.741134,591.373805
5.744036,590.349920
5.746939,591.423542
5.749841,591.423542
5.752744,591.082022
5.755646,589.998259
5.758549,590.339153
5.761451,593.416084
5.764354,0.000000
5.767256,0.000000
5.770159,0.000000
5.773061,0.000000
5.775964,0.000000
5.778866,0.000000
5.781769,0.000000
5.784671,0.000000
5.787574,0.000000
5.790476,0.000000
5.793379,0.000000
5.796281,0.000000
5.799184,0.000000
5.802086,0.000000
5.804989,0.000000
5.807891,0.000000
5.810794,0.000000
5.813696,0.000000
5.816599,780.361176
5.819501,782.618206
5.822404,785.335259
5.825306,787.511102
5.828209,788.876938
5.831111,789.332743
5.834014,790.701738
5.836916,792.266495
5.839819,792.724259
5.842721,792.724259
5.845624,792.972254
5.848526,793.430425
5.851429,793.430425
5.854331,793.430425
5.857234,793.288469
5.860136,792.830380
5.863039,792.830380
5.865941,792.094637
5.868844,791.637238
5.871746,791.180102
5.874649,790.266623
5.877551,789.715269
5.880454,789.259244
5.883356,788.347982
5.886259,787.612308
5.889161,786.702948
5.892063,785.794638
5.894966,784.887376
5.897868,783.099665
5.900771,782.195516
5.903673,780.841248
5.906576,780.937190
5.909478,780.035537
5.912381,779.134925
5.915283,777.858510
5.918186,776.511751
5.921088,776.063349
5.923991,776.063349
5.926893,776.194829
5.929796,776.643306
5.932698,777.092043
5.935601,777.975396
5.938503,778.424902
5.941406,779.324693
5.944308,780.225524
5.947211,0.000000
5.950113,781.844988
5.953016,782.748733
5.955918,783.621812
5.958821,784.527611
5.961723,785.434456
5.964626,786.342350
5.967528,787.123973
5.970431,787.578765
5.973333,788.489137
5.976236,789.544435
5.979138,790.457079
5.982041,790.913797
5.984943,791.370779
5.987846,791.541382
5.990748,791.541382
5.993651,792.456335
5.996553,792.752068
5.999456,793.668420
6.002358,794.585832
6.005261,795.800013
6.008163,796.259818
6.011066,796.719889
6.013968,796.259818
6.016871,795.295722
6.019773,794.377491
6.022676,793.918773
6.025578,793.597108
6.028481,793.138841
6.031383,793.138841
6.034286,792.680838
6.037188,792.168884
6.040091,791.254264
6.042993,790.340699
6.045896,789.357579
6.048798,787.990911
6.051701,787.535881
6.054603,786.172367
6.057506,784.641972
6.060408,782.831157
6.063311,781.475788
6.066213,780.817457
6.069116,780.366570
6.072018,779.465575
6.074921,779.015468
6.077823,777.576559
6.080726,776.230288
6.083628,775.782049
6.086531,775.538636
6.089433,775.986734
6.092336,775.986734
6.095238,776.579266
6.098141,777.476924
6.101043,777.926142
6.103946,778.825356
6.106848,779.662565
6.109751,780.563787
6.112653,781.466051
6.115556,782.245188
6.118458,783.601891
6.121361,784.960946
6.124263,786.322359
6.127166,787.401884
6.130068,786.947194
6.132971,787.856836
6.135873,788.722835
6.138776,789.634530
6.141678,790.090773
6.144580,790.547279
6.147483,791.090527
6.150385,791.547611
6.153288,791.547611
6.156190,791.731443
6.159093,792.188897
6.161995,792.188897
6.164898,791.731443
6.167800,791.837914
6.170703,791.837914
6.173605,791.837914
6.176508,791.281179
6.179410,791.281179
6.182313,791.281179
6.185215,791.026637
6.188118,790.569854
6.191020,790.569854
6.193923,790.113335
6.196825,789.366067
6.199728,789.366067
6.202630,788.910242
6.205533,788.432605
6.208435,787.977320
6.211338,787.977320
6.214240,787.522298
6.217143,787.504358
6.220045,787.049609
6.222948,786.595123
6.225850,786.392864
6.228753,786.847233
6.231655,786.847233
6.234558,787.301865
6.237460,786.986486
6.240363,786.986486
6.243265,786.986486
6.246168,786.951925
6.249070,787.406617
6.251973,787.406617
6.254875,787.406617
6.257778,787.150595
6.260680,787.150595
6.263583,787.150595
6.266485,786.509942
6.269388,786.055767
6.272290,785.601855
6.275193,782.464954
6.278095,785.181475
6.280998,784.274922
6.283900,0.000000
6.286803,0.000000
6.289705,0.000000
6.292608,0.000000
6.295510,0.000000
6.298413,0.000000
6.301315,0.000000
6.304218,0.000000
6.307120,0.000000
6.310023,0.000000
6.312925,0.000000
6.315828,0.000000
6.318730,0.000000
6.321633,0.000000
6.324535,0.000000
6.327438,0.000000
6.330340,0.000000
6.333243,753.161285
6.336145,753.129123
6.339048,752.694224
6.341950,752.259577
6.344853,752.259577
6.347755,751.723483
6.350658,751.723483
6.353560,751.723483
6.356463,751.751123
6.359365,751.751123
6.362268,751.751123
6.365170,751.825122
6.368073,751.825122
6.370975,751.825122
6.373878,751.825122
6.376780,751.696687
6.379683,751.696687
6.382585,752.131010
6.385488,752.288179
6.388390,752.288179
6.391293,752.722844
6.394195,752.722844
6.397098,752.880334
6.400000,752.880334
6.402902,753.315340
6.405805,753.407745
6.408707,753.407745
6.411610,753.407745
6.414512,753.407745
6.417415,753.579539
6.420317,753.144380
6.423220,753.144380
6.426122,752.949641
6.429025,752.949641
6.431927,752.514846
6.434830,752.514846
6.437732,752.020973
6.440635,751.152706
6.443537,750.718949
6.446440,750.945916
6.449342,750.945916
6.452245,750.945916
6.455147,750.664513
6.458050,750.664513
6.460952,750.664513
6.463855,750.664513
6.466757,755.190240
6.469660,755.190240
6.472562,757.374468
6.475465,0.000000
6.478367,769.195516
6.481270,767.420349
6.484172,776.785903
6.487075,753.324265
6.489977,751.585725
6.492880,752.889253
6.495782,648.686534
6.498685,649.061339
6.501587,650.562723
6.504490,652.444337
6.507392,654.380588
6.510295,657.791311
6.513197,660.837986
6.516100,663.389743
6.519002,664.156564
6.521905,664.540307
6.524807,664.924271
6.527710,665.034800
6.530612,665.419050
6.533515,665.419050
6.536417,665.694825
6.539320,666.079457
6.542222,665.694825
6.545125,665.962338
6.548027,666.347124
6.550930,666.732133
6.553832,666.732133
6.556735,666.902484
6.559637,666.902484
6.562540,666.517378
6.565442,666.665119
6.568345,666.665119
6.571247,667.050311
6.574150,666.665119
6.577052,666.822000
6.579955,666.822000
6.582857,667.207282
6.585760,667.343296
6.588662,667.343296
6.591565,667.343296
6.594467,667.343296
6.597370,667.463080
6.600272,667.463080
6.603175,667.463080
6.606077,667.573649
6.608980,667.573649
6.611882,667.188155
6.614785,667.188155
6.617687,667.391834
6.620590,667.391834
6.623492,667.391834
6.626395,667.317608
6.629297,667.317608
6.632200,667.317608
6.635102,667.303096
6.638005,667.303096
6.640907,667.303096
6.643810,667.303096
6.646712,667.360752
6.649615,667.746346
6.652517,667.746346
6.655420,667.293381
6.658322,667.293381
6.661224,667.293381
6.664127,667.293381
6.667029,667.423778
6.669932,667.423778
6.672834,667.423778
6.675737,667.267623
6.678639,667.653163
6.681542,667.653163
6.684444,667.267623
6.687347,667.263821
6.690249,667.649359
6.693152,667.263821
6.696054,668.284425
6.698957,667.898521
6.701859,668.284425
6.704762,667.512839
6.707664,667.529525
6.710567,667.529525
6.713469,667.144056
6.716372,667.264752
6.719274,666.109472
6.722177,666.494343
6.725079,591.298441
6.727982,593.351281
6.730884,595.755270
6.733787,596.099491
6.736689,596.343748
6.739592,595.655223
6.742494,595.999386
6.745397,596.697780
6.748299,597.042546
6.751202,596.697780
6.754104,596.697780
6.757007,596.684046
6.759909,596.684046
6.762812,595.995128
6.765714,595.259841
6.768617,594.916104
6.771519,594.229227
6.774422,593.886086
6.777324,593.568328
6.780227,593.225569
6.783129,592.540643
6.786032,591.992722
6.788934,591.309220
6.791837,590.626507
6.794739,589.263445
6.797642,589.077373
6.800544,588.737207
6.803447,588.397237
6.806349,587.530156
6.809252,586.512926
6.812154,585.497456
6.815057,585.562071
6.817959,585.562071
6.820862,585.900402
6.823764,585.223934
6.826667,585.506711
6.829569,585.168607
6.832472,585.168607
6.835374,585.723944
6.838277,585.723944
6.841179,585.723944
6.844082,586.739806
6.846984,587.520093
6.849887,587.859556
6.852789,588.539071
6.855692,589.642957
6.858594,590.324533
6.861497,592.716259
6.864399,593.058724
6.867302,593.927132
6.870204,594.957222
6.873107,596.333454
6.876009,596.921152
6.878912,597.956434
6.881814,599.339604
6.884717,600.379081
6.887619,601.570233
6.890522,602.613579
6.893424,602.961763
6.896327,602.668151
6.899229,603.364783
6.902132,604.062220
6.905034,603.749309
6.907937,603.749309
6.910839,603.749309
6.913741,603.749309
6.916644,603.733091
6.919546,603.384462
6.922449,603.036034
6.925351,602.240108
6.928254,601.544775
6.931156,601.197409
6.934059,599.809952
6.936961,599.410408
6.939864,598.372609
6.942766,596.302397
6.945669,594.748055
6.948571,593.718327
6.951474,593.032833
6.954376,592.690383
6.957279,590.142900
6.960181,589.802118
6.963084,589.461534
6.965986,589.167829
6.968889,588.147763
6.971791,587.129463
6.974694,587.129463
6.977596,586.216087
6.980499,586.216087
6.983401,585.539255
6.986304,585.559727
6.989206,586.236583
6.992109,586.236583
6.995011,586.781605
6.997914,586.781605
7.000816,587.459874
7.003719,587.799302
7.006621,588.121528
7.009524,589.141549
7.012426,590.504328
7.015329,590.822235
7.018231,591.505174
7.021134,591.846939
7.024036,591.846939
7.026939,592.550053
7.029841,592.892422
7.032744,593.920717
7.035646,594.452116
7.038549,594.795584
7.041451,595.483116
7.044354,596.171443
7.047256,596.352917
7.050159,597.387214
7.053061,598.077742
7.055964,598.572630
7.058866,598.226980
7.061769,597.881531
7.064671,597.881531
7.067574,597.799466
7.070476,597.454264
7.073379,597.454264
7.076281,597.193999
7.079184,597.539051
7.082086,597.539051
7.084989,597.193999
7.087891,597.457791
7.090794,597.112786
7.093696,596.767980
7.096599,596.364390
7.099501,596.364390
7.102404,596.364390
7.105306,596.164430
7.108209,595.820172
7.111111,595.476112
7.114014,595.132250
7.116916,594.549258
7.119819,594.549258
7.122721,594.205932
7.125624,594.904765
7.128526,594.904765
7.131429,594.217901
7.134331,594.217901
7.137234,593.751292
7.140136,593.065759
7.143039,592.381019
7.145941,591.633972
7.148844,590.268586
7.151746,590.268586
7.154649,589.246614
7.157551,588.464929
7.160454,588.125116
7.163356,594.271875
7.166259,591.732454
7.169161,591.049253
7.172063,592.758738
7.174966,594.129884
7.177868,592.669894
7.180771,594.384066
7.183673,593.354969
7.186576,519.811079
7.189478,519.811079
7.192381,522.218675
7.195283,523.419464
7.198186,522.815135
7.201088,525.236644
7.203991,525.540121
7.206893,526.016299
7.209796,526.320226
7.212698,526.016299
7.215601,526.142926
7.218503,526.142926
7.221406,526.446926
7.224308,526.142926
7.227211,526.138644
7.230113,526.442641
7.233016,526.442641
7.235918,526.052318
7.238821,525.748546
7.241723,525.748546
7.244626,525.748546
7.247528,526.045256
7.250431,526.045256
7.253333,525.741488
7.256236,525.741041
7.259138,525.741041
7.262041,525.741041
7.264943,526.044809
7.267846,525.732749
7.270748,525.429161
7.273651,525.429161
7.276553,525.701141
7.279456,525.701141
7.282358,525.397572
7.285261,525.251989
7.288163,525.555474
7.291066,525.555474
7.293968,525.555474
7.296871,525.545493
7.299773,525.545493
7.302676,525.242014
7.305578,525.692440
7.308481,525.692440
7.311383,525.388876
7.314286,525.388876
7.317188,525.442875
7.320091,525.442875
7.322993,525.139455
7.325896,525.036063
7.328798,524.732878
7.331701,524.732878
7.334603,524.429868
7.337506,524.217602
7.340408,523.309989
7.343311,522.705787
7.346213,522.137956
7.349116,521.836444
7.352018,520.331495
7.354921,518.830887
7.357823,518.298093
7.360726,520.698681
7.363628,522.204692
7.366531,526.761457
7.369433,523.727534
7.372336,522.518863
7.375238,525.024263
7.378141,524.418082
7.381043,522.905688
7.383946,522.000346
7.386848,500.592936
7.389751,498.285042
7.392653,497.422327
7.395556,499.426322
7.398458,500.003615
7.401361,500.581576
7.404263,500.870806
7.407166,500.778399
7.410068,501.067744
7.412971,501.357256
7.415873,501.209507
7.418776,501.209507
7.421678,501.209507
7.424580,501.209507
7.427483,500.988421
7.430385,500.988421
7.433288,500.988421
7.436190,500.713046
7.439093,500.713046
7.441995,500.713046
7.444898,500.713046
7.447800,500.415135
7.450703,500.415135
7.453605,500.415135
7.456508,500.109377
7.459410,500.109377
7.462313,500.109377
7.465215,500.299644
7.468118,500.299644
7.471020,500.299644
7.473923,500.299644
7.476825,500.208003
7.479728,499.919155
7.482630,499.919155
7.485533,499.955619
7.488435,499.955619
7.491338,500.244488
7.494240,500.244488
7.497143,500.020704
7.500045,500.020704
7.502948,499.731964
7.505850,499.604769
7.508753,499.604769
7.511655,499.604769
7.514558,499.893436
7.517460,499.861696
7.520363,499.573048
7.523265,499.573048
7.526168,499.633722
7.529070,499.633722
7.531973,499.633722
7.534875,499.633722
7.537778,499.607452
7.540680,499.607452
7.543583,499.607452
7.546485,499.660768
7.549388,499.660768
7.552290,499.660768
7.555193,499.824364
7.558095,499.535737
7.560998,499.535737
7.563900,499.535737
7.566803,499.657813
7.569705,499.657813
7.572608,499.946510
7.575510,499.693490
7.578413,499.693490
7.581315,499.404939
7.584218,499.404939
7.587120,498.819995
7.590023,497.668807
7.592925,497.381425
7.595828,497.898208
7.598730,499.049927
7.601633,500.782503
7.604535,500.493323
7.607438,501.618730
7.610340,500.461083
7.613243,503.942065
7.616145,489.569618
7.619048,497.552017
7.621950,489.569618
7.624853,490.418713
7.627755,498.614439
7.630658,501.502883
7.633560,502.082577
7.636463,502.183718
7.639365,501.893729
7.642268,502.183718
7.645170,502.032189
7.648073,501.452553
7.650975,501.452553
7.653878,501.742287
7.656780,501.243263
7.659683,500.953817
7.662585,500.375426
7.665488,500.057540
7.668390,499.191756
7.671293,498.039710
7.674195,497.464684
7.677098,496.886811
7.680000,496.026518
7.682902,494.881776
7.685805,495.088919
7.688707,494.517300
7.691610,493.946341
7.694512,494.231738
7.697415,493.214590
7.700317,493.214590
7.703220,492.929780
7.706122,492.676192
7.709025,492.676192
7.711927,492.960855
7.714830,493.245682
7.717732,493.215515
7.720635,493.215515
7.723537,493.215515
7.726440,493.704670
7.729342,493.989927
7.732245,494.560936
7.735147,494.710238
7.738050,494.996077
7.740952,495.568249
7.743855,496.141083
7.746757,497.293757
7.749660,497.581088
7.752562,499.020236
7.755465,499.192188
7.758367,498.903927
7.761270,500.057973
7.764172,500.635996
7.767075,501.195728
7.769977,501.485313
7.772880,501.485313
7.775782,501.189057
7.778685,501.768388
7.781587,503.510401
7.784490,504.383675
7.787392,504.724480
7.790295,504.433023
7.793197,504.724480
7.796100,504.999559
7.799002,504.999559
7.801905,504.707944
7.804807,504.707944
7.807710,504.322848
7.810612,503.740568
7.813515,503.158960
7.816417,502.315480
7.819320,501.735517
7.822222,500.866829
7.825125,499.724223
7.828027,498.859017
7.830930,497.707738
7.833832,497.133096
7.836735,496.454005
7.839637,495.594460
7.842540,495.308276
7.845442,494.569702
7.848345,494.569702
7.851247,494.284110
7.854150,493.713420
7.857052,493.634976
7.859955,493.349924
7.862857,493.349924
7.865760,493.472522
7.868662,493.187564
7.871565,493.187564
7.874467,493.187564
7.877370,493.525925
7.880272,493.525925
7.883175,493.525925
7.886077,493.780190
7.888980,494.065491
7.891882,494.350957
7.894785,494.636587
7.897687,494.922171
7.900590,495.494258
7.903492,496.353629
7.906395,496.991664
7.909297,497.278821
7.912200,497.853632
7.915102,498.090629
7.918005,498.090629
7.920907,499.242793
7.923810,499.531250
7.926712,499.668990
7.929615,499.668990
7.932517,499.957693
7.935420,500.024182
7.938322,500.024182
7.941224,500.602167
7.944127,501.180819
7.947029,501.565590
7.949932,501.855389
7.952834,501.855389
7.955737,501.959576
7.958639,501.959576
7.961542,502.249603
7.964444,501.959576
7.967347,502.063917
7.970249,502.063917
7.973152,501.773997
7.976054,501.617755
7.978957,501.617755
7.981859,501.617755
7.984762,501.617755
7.987664,501.557733
7.990567,501.557733
7.993469,501.268106
7.996372,501.313464
7.999274,501.313464
8.002177,500.734659
8.005079,499.904933
8.007982,500.193773
8.010884,499.039414
8.013787,499.616260
8.016689,500.352429
8.019592,498.909440
8.022494,498.333410
8.025397,497.836410
8.028299,499.564773
8.031202,499.276296
8.034104,498.987986
8.037007,499.849123
8.039909,498.695560
8.042812,500.426905
8.045714,433.967890
8.048617,432.716349
8.051519,432.216745
8.054422,432.966368
8.057324,437.496901
8.060227,439.015780
8.063129,440.539932
8.066032,441.290628
8.068934,442.055989
8.071837,442.055989
8.074739,441.800722
8.077642,0.000000
8.080544,442.387710
8.083447,442.643317
8.086349,442.931924
8.089252,442.931924
8.092154,442.676151
8.095057,443.065473
8.097959,443.321471
8.100862,443.321471
8.103764,443.321471
8.106667,443.711645
8.109569,443.455421
8.112472,443.199345
8.115374,443.275196
8.118277,443.531316
8.121179,443.531316
8.124082,443.275196
8.126984,443.593546
8.129887,443.593546
8.132789,443.593546
8.135692,443.544953
8.138594,443.544953
8.141497,443.544953
8.144399,443.544953
8.147302,443.584864
8.150204,443.584864
8.153107,443.328714
8.156009,443.392752
8.158912,443.392752
8.161814,443.392752
8.164717,443.392752
8.167619,443.451793
8.170522,443.451793
8.173424,443.451793
8.176327,443.526324
8.179229,443.270207
8.182132,443.526324
8.185034,443.414347
8.187937,443.414347
8.190839,443.414347
8.193741,443.670547
8.196644,443.540073
8.199546,443.283948
8.202449,442.516461
8.205351,441.898621
8.208254,443.176719
8.211156,444.201859
8.214059,443.688993
8.216961,442.547114
8.219864,443.570797
8.222766,443.827087
8.225669,441.763360
8.228571,443.809464
8.231474,443.809464
8.234376,443.809464
8.237279,443.691885
8.240181,443.179608
8.243084,445.232271
8.245986,444.192741
8.248889,443.167623
8.251791,442.655951
8.254694,443.936240
8.257596,386.754664
8.260499,386.754664
8.263401,387.201719
8.266304,389.614646
8.269206,391.645372
8.272109,392.324630
8.275011,392.826500
8.277914,392.599660
8.280816,392.372951
8.283719,391.467423
8.286621,391.475911
8.289524,391.249851
8.292426,392.154875
8.295329,391.842444
8.298231,391.390032
8.301134,391.164021
8.304036,391.616173
8.306939,391.869042
8.309841,391.416598
8.312744,391.416598
8.315646,391.893965
8.318549,392.573654
8.321451,391.893965
8.324354,391.667663
8.327256,391.922088
8.330159,392.148536
8.333061,391.922088
8.335964,391.886352
8.338866,392.566028
8.341769,392.792849
8.344671,392.792849
8.347574,392.347500
8.350476,392.801019
8.353379,393.255063
8.356281,393.294943
8.359184,393.294943
8.362086,393.522185
8.364989,393.522185
8.367891,393.460629
8.370794,393.460629
8.373696,393.460629
8.376599,393.656852
8.379501,393.429533
8.382404,393.656852
8.385306,393.668064
8.388209,393.440739
8.391111,393.440739
8.394014,393.440739
8.396916,393.749296
8.399819,393.521924
8.402721,393.521924
8.405624,393.474697
8.408526,393.702043
8.411429,393.702043
8.414331,393.702043
8.417234,393.555353
8.420136,393.555353
8.423039,393.782745
8.425941,393.851042
8.428844,393.623610
8.431746,393.851042
8.434649,393.623610
8.437551,393.226661
8.440454,392.545841
8.443356,392.092616
8.446259,392.771334
8.449161,391.864887
8.452063,392.317849
8.454966,393.225344
8.457868,0.000000
8.460771,393.383825
8.463673,393.838542
8.466576,394.578371
8.469478,393.667754
8.472381,393.667754
8.475283,378.191714
8.478186,378.191714
8.481088,378.191714
8.483991,378.191714
8.486893,375.905515
8.489796,377.210564
8.492698,377.864787
8.495601,378.015434
8.498503,378.452386
8.501406,378.233847
8.504308,377.578985
8.507211,376.805537
8.510113,378.113712
8.513016,378.113712
8.515918,376.848300
8.518821,376.630687
8.521723,376.195837
8.524626,376.195837
8.527528,375.749219
8.530431,375.315388
8.533333,375.098659
8.536236,374.245553
8.539138,373.813458
8.542041,374.029443
8.544943,374.461789
8.547846,373.477241
8.550748,372.185108
8.553651,370.897445
8.556553,370.974272
8.559456,371.403086
8.562358,370.760051
8.565261,369.583751
8.568163,369.797293
8.571066,367.455105
8.573968,367.455105
8.576871,368.521444
8.579773,0.000000
8.582676,0.000000
8.585578,0.000000
8.588481,0.000000
8.591383,0.000000
8.594286,0.000000
8.597188,0.000000
8.600091,0.000000
8.602993,0.000000
8.605896,0.000000
8.608798,0.000000
8.611701,0.000000
8.614603,0.000000
8.617506,0.000000
8.620408,0.000000
8.623311,0.000000
8.626213,0.000000
8.629116,0.000000
8.632018,376.458537
8.634921,376.458537
8.637823,376.647043
8.640726,377.300288
8.643628,378.173045
8.646531,378.858096
8.649433,377.983759
8.652336,377.547347
8.655238,378.397169
8.658141,379.710869
8.661043,379.930262
8.663946,379.491602
8.666848,379.362083
8.669751,379.581275
8.672653,379.581275
8.675556,379.227861
8.678458,379.227861
8.681361,379.666215
8.684263,379.008874
8.687166,378.135084
8.690068,378.353566
8.692971,377.916727
8.695873,378.133216
8.698776,377.696632
8.701678,376.607375
8.704580,375.738232
8.707483,375.255922
8.710385,374.389897
8.713288,373.741691
8.716190,372.656468
8.719093,371.796442
8.721995,0.000000
8.724898,370.938402
8.727800,370.867964
8.730703,370.653804
8.733605,370.439768
8.736508,369.683399
8.739410,369.043342
8.742313,368.191655
8.745215,368.827439
8.748118,369.467122
8.751020,369.680597
8.753923,368.827439
8.756825,369.129957
8.759728,369.556639
8.762630,369.556639
8.765533,369.875588
8.768435,370.517089
8.771338,370.945374
8.774240,371.588731
8.777143,373.112585
8.780045,373.759700
8.782948,374.407938
8.785850,374.514714
8.788753,374.947620
8.791655,375.164261
8.794558,376.032077
8.797460,375.475313
8.800363,375.909330
8.803265,376.996568
8.806168,377.382449
8.809070,378.255396
8.811973,377.818671
8.814875,378.036970
8.817778,378.438086
8.820680,378.438086
8.823583,379.532638
8.826485,378.950329
8.829388,379.388363
8.832290,379.169283
8.835193,379.434035
8.838095,379.434035
8.840998,379.434035
8.843900,378.995949
8.846803,378.946316
8.849705,379.384345
8.852608,378.946316
8.855510,378.204252
8.858413,377.549441
8.861315,376.895764
8.864218,376.243219
8.867120,375.896477
8.870023,375.896477
8.872925,375.462475
8.875828,374.948757
8.878730,374.299583
8.881633,373.867424
8.884535,373.004604
8.887438,372.695621
8.890340,372.695621
8.893243,372.695621
8.896145,372.679921
8.899048,372.679921
8.901950,372.679921
8.904853,372.895251
8.907755,373.249547
8.910658,373.465206
8.913560,373.034012
8.916463,373.149732
8.919365,374.012887
8.922268,374.228988
8.925170,374.927850
8.928073,375.144479
8.930975,374.927850
8.933878,375.144479
8.936780,375.645213
8.939683,375.862256
8.942585,375.862256
8.945488,376.099112
8.948390,376.533850
8.951293,376.751407
8.954195,376.751407
8.957098,376.684766
8.960000,376.467248
8.962902,376.249854
8.965805,376.285073
8.968707,375.850622
8.971610,375.416673
8.974512,374.983226
8.977415,375.365114
8.980317,375.799003
8.983220,376.450778
8.986122,376.277109
8.989025,376.059825
8.991927,374.326069
8.994830,374.326069
8.997732,375.392968
9.000635,375.176195
9.003537,374.959548
9.006440,0.000000
9.009342,0.000000
9.012245,0.000000
9.015147,0.000000
9.018050,0.000000
9.020952,0.000000
9.023855,0.000000
9.026757,0.000000
9.029660,0.000000
9.032562,0.000000
9.035465,0.000000
9.038367,0.000000
9.041270,294.877519
9.044172,294.707241
9.047075,295.308578
9.049977,295.479204
9.052880,295.479204
9.055782,294.943168
9.058685,293.922742
9.061587,294.262491
9.064490,294.943168
9.067392,295.540391
9.070295,295.369730
9.073197,295.369730
9.076100,295.058436
9.079002,295.058436
9.081905,295.058436
9.084807,295.058436
9.087710,295.434421
9.090612,294.922916
9.093515,295.605120
9.096417,295.309982
9.099320,295.651334
9.102222,295.651334
9.105125,295.241166
9.108027,0.000000
9.110930,295.070677
9.113832,295.241166
9.116735,294.690264
9.119637,294.520094
9.122540,295.030901
9.125442,295.121567
9.128345,294.951147
9.131247,295.121567
9.134150,295.121567
9.137052,295.497202
9.139955,295.156028
9.142857,294.645004
9.145760,295.037953
9.148662,295.037953
9.151565,295.208422
9.154467,295.208422
9.157370,295.199317
9.160272,295.199317
9.163175,295.028853
9.166077,294.839169
9.168980,294.668912
9.171882,295.009524
9.174785,295.179977
9.177687,295.239675
9.180590,294.898798
9.183492,294.728507
9.186395,295.053413
9.189297,295.223892
9.192200,294.883033
9.195102,294.821792
9.198005,294.821792
9.200907,294.992137
9.203810,294.992137
9.206712,295.010602
9.209615,295.010602
9.212517,295.010602
9.215420,295.060955
9.218322,295.060955
9.221224,294.890571
9.224127,295.060955
9.227029,294.869962
9.229932,295.040335
9.232834,295.040335
9.235737,295.051401
9.238639,295.051401
9.241542,294.881021
9.244444,294.881021
9.247347,295.024116
9.250249,295.535797
9.253152,295.365138
9.256054,294.525253
9.258957,294.695427
9.261859,295.206538
9.264762,295.036069
9.267664,294.769518
9.270567,295.451367
9.273469,295.963789
9.276372,294.945828
9.279274,295.116244
9.282177,294.945828
9.285079,294.903101
9.287982,294.903101
9.290884,295.243984
9.293787,295.414572
9.296689,295.136487
9.299592,295.136487
9.302494,295.477639
9.305397,295.180795
9.308299,295.010341
9.311202,295.010341
9.314104,295.351347
9.317007,295.312462
9.319909,295.312462
9.322812,295.141932
9.325714,294.888829
9.328617,294.888829
9.331519,0.000000
9.334422,0.000000
9.337324,0.000000
9.340227,0.000000
9.343129,0.000000
9.346032,0.000000
9.348934,0.000000
9.351837,294.758395
9.354739,295.440218
9.357642,294.995360
9.360544,295.336349
9.363447,294.825013
9.366349,294.787001
9.369252,294.616775
9.372154,295.127749
9.375057,294.950635
9.377959,294.950635
9.380862,294.950635
9.383764,294.950635
9.386667,295.177298
9.389569,295.006846
9.392472,295.006846
9.395374,295.003770
9.398277,294.663166
9.401179,295.003770
9.404082,295.174221
9.406984,295.025449
9.409887,294.855085
9.412789,294.684819
9.415692,294.993872
9.418594,0.000000
9.421497,0.000000
9.424399,294.993872
9.427302,295.869829
9.430204,295.869829
9.433107,295.869829
9.436009,295.032120
9.438912,295.032120
9.441814,295.032120
9.444717,294.521311
9.447619,295.309484
9.450522,294.627962
9.453424,294.287791
9.456327,295.833600
9.459229,295.662770
9.462132,295.321404
9.465034,295.062289
9.467937,294.551428
9.470839,295.062289
9.473741,294.721617
9.476644,296.608265
9.479546,295.582078
9.482449,294.389347
9.485351,295.908047
9.488254,297.278597
9.491156,296.250091
9.494059,295.395722
9.496961,295.103159
9.499864,295.273666
9.502766,294.932750
9.505669,295.656779
9.508571,293.784176
9.511474,0.000000
9.514376,0.000000
9.517279,0.000000
9.520181,0.000000
9.523084,0.000000
9.525986,0.000000
9.528889,0.000000
9.531791,0.000000
9.534694,0.000000
9.537596,0.000000
9.540499,0.000000
9.543401,0.000000
9.546304,495.536576
9.549206,496.396019
9.552109,497.256954
9.555011,498.094532
9.557914,499.535165
9.560816,499.535165
9.563719,499.535165
9.566621,499.390173
9.569524,499.390173
9.572426,499.101798
9.575329,498.479138
9.578231,497.041550
9.581134,495.894466
9.584036,495.321917
9.586939,494.422576
9.589841,494.422576
9.592744,494.137069
9.595646,493.660710
9.598549,492.806002
9.601451,492.521429
9.604354,492.806002
9.607256,492.745702
9.610159,492.461163
9.613061,492.176789
9.615964,492.127269
9.618866,491.843087
9.621769,492.127269
9.624671,492.411615
9.627574,492.417059
9.630476,492.701572
9.633379,492.701572
9.636281,492.767929
9.639184,493.052646
9.642086,493.337526
9.644989,493.907781
9.647891,494.238883
9.650794,494.810180
9.653696,495.382137
9.656599,495.696865
9.659501,496.269847
9.662404,497.705202
9.665306,499.046623
9.668209,499.623478
9.671111,499.334967
9.674014,500.200999
9.676916,500.867566
9.679819,501.156962
9.682721,501.156962
9.685624,501.860797
9.688526,502.440905
9.691429,503.312323
9.694331,503.312323
9.697234,503.263104
9.700136,503.263104
9.703039,503.553884
9.705941,502.492685
9.708844,503.655032
9.711746,503.655032
9.714649,503.655032
9.717551,503.473223
9.720454,504.346432
9.723356,503.473223
9.726259,502.454983
9.729161,501.874859
9.732063,500.716621
9.734966,499.272580
9.737868,499.337317
9.740771,498.472781
9.743673,499.337317
9.746576,498.565075
9.749478,497.127240
9.752381,495.693552
9.755283,496.542402
9.758186,496.829299
9.761088,497.978546
9.763991,497.690985
9.766893,497.510759
9.769796,0.000000
9.772698,0.000000
9.775601,0.000000
9.778503,0.000000
9.781406,0.000000
9.784308,0.000000
9.787211,0.000000
9.790113,0.000000
9.793016,0.000000
9.795918,0.000000
9.798821,0.000000
9.801723,0.000000
9.804626,0.000000
9.807528,0.000000
9.810431,0.000000
9.813333,0.000000
9.816236,0.000000
9.819138,0.000000
9.822041,0.000000
9.824943,0.000000
9.827846,0.000000
9.830748,0.000000
9.833651,0.000000
9.836553,0.000000
9.839456,0.000000
9.842358,0.000000
9.845261,0.000000
9.848163,0.000000
9.851066,0.000000
9.853968,0.000000
9.856871,0.000000
9.859773,0.000000
9.862676,0.000000
9.865578,0.000000
9.868481,0.000000
9.871383,0.000000
9.874286,0.000000
9.877188,0.000000
9.880091,0.000000
9.882993,0.000000
9.885896,0.000000
9.888798,0.000000
9.891701,0.000000
9.894603,0.000000
9.897506,0.000000
9.900408,0.000000
9.903311,0.000000
9.906213,0.000000
9.909116,0.000000
9.912018,0.000000
9.914921,0.000000
9.917823,0.000000
9.920726,0.000000
9.923628,0.000000
9.926531,0.000000
9.929433,0.000000
9.932336,0.000000
9.935238,0.000000
9.938141,0.000000
9.941043,0.000000
9.943946,0.000000
9.946848,0.000000
9.949751,0.000000
9.952653,0.000000
9.955556,0.000000
9.958458,0.000000
9.961361,0.000000
9.964263,0.000000
9.967166,0.000000
9.970068,0.000000
9.972971,500.466853
9.975873,507.856824
9.978776,512.572174
9.981678,513.757836
9.984580,514.351696
9.987483,516.194239
9.990385,519.184522
9.993288,521.288021
9.996190,522.332734
9.999093,523.843471
10.001995,525.662123
10.004898,526.878065
10.007800,527.367692
10.010703,527.977283
10.013605,528.282342
10.016508,528.308482
10.019410,528.003407
10.022313,527.698509
10.025215,527.727852
10.028118,527.727852
10.031020,527.727852
10.033923,527.423112
10.036825,526.833254
10.039728,525.921112
10.042630,525.617416
10.045533,524.830931
10.048435,523.922256
10.051338,523.015154
10.054240,522.411292
10.057143,522.117089
10.060045,521.514264
10.062948,520.912135
10.065850,520.712321
10.068753,520.111118
10.071655,520.411633
10.074558,520.411633
10.077460,520.417250
10.080363,520.417250
10.083265,520.717942
10.086168,521.111248
10.089070,521.713608
10.091973,522.015048
10.094875,522.920416
10.097778,523.702304
10.100680,523.702304
10.103583,524.307658
10.106485,524.438065
10.109388,524.741080
10.112290,525.347635
10.115193,526.016670
10.118095,527.538061
10.120998,527.538061
10.123900,528.453008
10.126803,528.205476
10.129705,528.816036
10.132608,529.733199
10.135510,529.381118
10.138413,530.299261
10.141315,531.525929
10.144218,531.833039
10.147120,531.477032
10.150023,530.863400
10.152925,531.170127
10.155828,531.646945
10.158730,531.954125
10.161633,531.646945
10.164535,531.033117
10.167438,530.346555
10.170340,530.040304
10.173243,529.734229
10.176145,528.507580
10.179048,527.592539
10.181950,526.679082
10.184853,525.463600
10.187755,524.663834
10.190658,524.360864
10.193560,523.453003
10.196463,522.721963
10.199365,522.118440
10.202268,522.118440
10.205170,521.747512
10.208073,520.844175
10.210975,520.242820
10.213878,520.543411
10.216780,520.304766
10.219683,520.004313
10.222585,519.704033
10.225488,519.939748
10.228390,521.142452
10.231293,521.142452
10.234195,521.142452
10.237098,521.822624
10.240000,522.727658
10.242902,522.425806
10.245805,523.311101
10.248707,523.311101
10.251610,523.613464
10.254512,523.311101
10.257415,523.498208
10.260317,524.406148
10.263220,524.709144
10.266122,525.284664
10.269025,525.588168
10.271927,526.195702
10.274830,526.195702
10.277732,526.327731
10.280635,526.023800
10.283537,526.023800
10.286440,525.528626
10.289342,526.136091
10.292245,527.048606
10.295147,527.062404
10.298050,527.671642
10.300952,527.976525
10.303855,527.671642
10.306757,527.575002
10.309660,526.965875
10.312562,526.965875
10.315465,527.617631
10.318367,527.617631
10.321270,527.008455
10.324172,525.792212
10.327075,525.397274
10.329977,526.004587
10.332880,526.612603
10.335782,526.988557
10.338685,526.988557
10.341587,526.380107
10.344490,525.468750
10.347392,524.348518
10.350295,524.651481
10.353197,525.257933
10.356100,524.821490
10.359002,524.821490
10.361905,525.124726
10.364807,526.035487
10.367710,525.936544
10.370612,525.329310
10.373515,525.936544
10.376417,527.548536
10.379320,525.419775
10.382222,0.000000
10.385125,0.000000
10.388027,0.000000
10.390930,0.000000
10.393832,0.000000
10.396735,0.000000
10.399637,0.000000
10.402540,0.000000
10.405442,0.000000
10.408345,0.000000
10.411247,0.000000
10.414150,0.000000
10.417052,0.000000
10.419955,0.000000
10.422857,0.000000
10.425760,0.000000
10.428662,0.000000
10.431565,0.000000
10.434467,0.000000
10.437370,0.000000
10.440272,0.000000
10.443175,0.000000
10.446077,0.000000
10.448980,0.000000
10.451882,0.000000
10.454785,0.000000
10.457687,0.000000
10.460590,0.000000
10.463492,0.000000
10.466395,0.000000
10.469297,0.000000
10.472200,0.000000
10.475102,598.260366
10.478005,599.990707
10.480907,601.378582
10.483810,600.684244
10.486712,600.379878
10.489615,601.073865
10.492517,600.726771
10.495420,600.526909
10.498322,600.526909
10.501224,600.526909
10.504127,599.833554
10.507029,599.440050
10.509932,598.402199
10.512834,597.021193
10.515737,596.667921
10.518639,595.979021
10.521542,595.979021
10.524444,594.603607
10.527347,594.300301
10.530249,593.271349
10.533152,592.928761
10.536054,592.572264
10.538957,592.230080
10.541859,591.204712
10.544762,590.522120
10.547664,590.342814
10.550567,589.661217
10.553469,589.320713
10.556372,589.325866
10.559274,588.985556
10.562177,588.985556
10.565079,588.416275
10.567982,589.096433
10.570884,589.436807
10.573787,590.118145
10.576689,590.366981
10.579592,590.366981
10.582494,590.708089
10.585397,591.128238
10.588299,591.469786
10.591202,591.469786
10.594104,592.153473
10.597007,592.486178
10.599909,593.171041
10.602812,593.856695
10.605714,593.133743
10.608617,593.819354
10.611519,595.536851
10.614422,596.914424
10.617324,597.776022
10.620227,599.158775
10.623129,599.504962
10.626032,599.054409
10.628934,599.400537
10.631837,600.787047
10.634739,601.481504
10.637642,602.603738
10.640544,603.648876
10.643447,604.346641
10.646349,604.962116
10.649252,605.311657
10.652154,604.962116
10.655057,605.256844
10.657959,604.558028
10.660862,604.208922
10.663764,603.860018
10.666667,603.533887
10.669569,602.837060
10.672472,602.141037
10.675374,601.380473
10.678277,599.992593
10.681179,598.262246
10.684082,597.916776
10.686984,596.885032
10.689887,596.195881
10.692789,595.163647
10.695692,594.569738
10.698594,593.883261
10.701497,593.540319
10.704399,593.197576
10.707302,592.642330
10.710204,591.274616
10.713107,590.933181
10.716009,590.540999
10.718912,590.199987
10.721814,591.565215
10.724717,590.199987
10.727619,589.007612
10.730522,588.327557
10.733424,588.667486
10.736327,589.543952
10.739229,589.543952
10.742132,589.543952
10.745034,589.770774
10.747937,589.430207
10.750839,589.430207
10.753741,589.430207
10.756644,589.445696
10.759546,589.445696
10.762449,589.786271
10.765351,590.271903
10.768254,590.612955
10.771156,591.295653
10.774059,591.637297
10.776961,592.199358
10.779864,593.569211
10.782766,594.255325
10.785669,594.223370
10.788571,594.223370
10.791474,594.566706
10.794376,595.253973
10.797279,596.539397
10.800181,597.228945
10.803084,597.919289
10.805986,597.915644
10.808889,597.915644
10.811791,597.915644
10.814694,597.915644
10.817596,597.742473
10.820499,597.742473
10.823401,597.397303
10.826304,597.380162
10.829206,597.380162
10.832109,597.380162
10.835011,597.439097
10.837914,597.094102
10.840816,597.439097
10.843719,597.439097
10.846621,597.172769
10.849524,596.827928
10.852426,596.827928
10.855329,597.006591
10.858231,597.006591
10.861134,596.661846
10.864036,596.661846
10.866939,596.697314
10.869841,597.042080
10.872744,597.042080
10.875646,596.781225
10.878549,596.781225
10.881451,596.781225
10.884354,596.781225
10.887256,596.757573
10.890159,596.412972
10.893061,596.068570
10.895964,595.541791
10.898866,595.885889
10.901769,595.541791
10.904671,595.197892
10.907574,594.546231
10.910476,594.546231
10.913379,594.889754
10.916281,594.664635
10.919184,594.321242
10.922086,595.696004
10.924989,596.040191
10.927891,597.672641
10.930794,597.672641
10.933696,597.672641
10.936599,597.412947
10.939501,596.723187
10.942404,595.690040
10.945306,596.419310
10.948209,596.074904
10.951111,596.419310
10.954014,596.074904
10.956916,596.215145
10.959819,595.526767
10.962721,589.367029
10.965624,593.607118
10.968526,0.000000
10.971429,0.000000
10.974331,0.000000
10.977234,787.138506
10.980136,786.683968
10.983039,786.229693
10.985941,787.070365
10.988844,787.525126
10.991746,787.525126
10.994649,787.525126
10.997551,787.031513
11.000454,786.577037
11.003356,786.577037
11.006259,786.376917
11.009161,786.376917
11.012063,786.376917
11.014966,786.376917
11.017868,786.854623
11.020771,786.854623
11.023673,786.854623
11.026576,787.043926
11.029478,787.043926
11.032381,787.043926
11.035283,787.377160
11.038186,787.377160
11.041088,787.377160
11.043991,787.377160
11.046893,787.561052
11.049796,787.106271
11.052698,786.651752
11.055601,786.757621
11.058503,786.757621
11.061406,787.212201
11.064308,787.212201
11.067211,787.103506
11.070113,787.103506
11.073016,787.103506
11.075918,787.178392
11.078821,787.178392
11.081723,787.178392
11.084626,787.178392
11.087528,786.881473
11.090431,787.336125
11.093333,787.336125
11.096236,787.554658
11.099138,788.009699
11.102041,788.009699
11.104943,788.465003
11.107846,788.409530
11.110748,787.954259
11.113651,787.954259
11.116553,787.966207
11.119456,787.966207
11.122358,788.421486
11.125261,788.196098
11.128163,788.196098
11.131066,788.196098
11.133968,788.651510
11.136871,788.713862
11.139773,788.713862
11.142676,788.713862
11.145578,788.946546
11.148481,788.946546
11.151383,788.946546
11.154286,788.946546
11.157188,789.040817
11.160091,789.040817
11.162993,789.040817
11.165896,788.874623
11.168798,788.874623
11.171701,788.874623
11.174603,788.874623
11.177506,789.177339
11.180408,789.177339
11.183311,789.177339
11.186213,789.013067
11.189116,789.013067
11.192018,789.013067
11.194921,789.013067
11.197823,788.665345
11.200726,788.665345
11.203628,788.209925
11.206531,787.959254
11.209433,787.959254
11.212336,787.959254
11.215238,787.900083
11.218141,787.900083
11.221043,787.445105
11.223946,787.445105
11.226848,787.547357
11.229751,788.002394
11.232653,788.002394
11.235556,788.186517
11.238458,788.186517
11.241361,788.186517
11.244263,788.186517
11.247166,788.235241
11.250068,788.235241
11.252971,788.690675
11.255873,789.049450
11.258776,789.049450
11.261678,789.049450
11.264580,789.049450
11.267483,788.680665
11.270385,788.680665
11.273288,789.136357
11.276190,789.069631
11.279093,789.525547
11.281995,789.525547
11.284898,789.069631
11.287800,789.113424
11.290703,789.113424
11.293605,789.113424
11.296508,789.190727
11.299410,789.190727
11.302313,789.190727
11.305215,789.578864
11.308118,789.578864
11.311020,789.578864
11.313923,789.578864
11.316825,789.565771
11.319728,789.109832
11.322630,789.109832
11.325533,789.341270
11.328435,788.885461
11.331338,788.885461
11.334240,788.885461
11.337143,788.537791
11.340045,788.993400
11.342948,788.993400
11.345850,789.274631
11.348753,788.818860
11.351655,789.274631
11.354558,789.274631
11.357460,788.951600
11.360363,788.951600
11.363265,789.863560
11.366168,789.536072
11.369070,0.000000
11.371973,789.536072
11.374875,789.992257
11.377778,789.691179
11.380680,790.603993
11.383583,790.147454
11.386485,789.908040
11.389388,789.451903
11.392290,787.629988
11.395193,789.726170
11.398095,790.182466
11.400998,791.095848
11.403900,787.903622
11.406803,789.332599
11.409705,788.876794
11.412608,790.701594
11.415510,490.879708
11.418413,488.334441
11.421315,486.644932
11.424218,492.299474
11.427120,497.324101
11.430023,498.762506
11.432925,500.205070
11.435828,500.499616
11.438730,500.499616
11.441633,500.210600
11.444535,500.210600
11.447438,499.540000
11.450340,499.828629
11.453243,499.540000
11.456145,498.729215
11.459048,497.865732
11.461950,496.716745
11.464853,495.570411
11.467755,494.657984
11.470658,494.086862
11.473560,493.801549
11.476463,493.722915
11.479365,493.437812
11.482268,493.152873
11.485170,493.122199
11.488073,492.552851
11.490975,492.268423
11.493878,492.268423
11.496780,492.360373
11.499683,492.360373
11.502585,492.360373
11.505488,492.396327
11.508390,492.680829
11.511293,492.680829
11.514195,492.965495
11.517098,493.202218
11.520000,493.487185
11.522902,494.057613
11.525805,494.650342
11.528707,494.936146
11.531610,495.794549
11.534512,496.654440
11.537415,497.897122
11.540317,498.760660
11.543220,499.337183
11.546122,499.616844
11.549025,499.616844
11.551927,500.483365
11.554830,501.351388
11.557732,0.000000
11.560635,0.000000
11.563537,0.000000
11.566440,501.740943
11.569342,501.740943
11.572245,502.030844
11.575147,502.583113
11.578050,502.292894
11.580952,502.292894
11.583855,501.712957
11.586757,501.440241
11.589660,501.440241
11.592562,501.150681
11.595465,500.807118
11.598367,500.517924
11.601270,499.940037
11.604172,500.228897
11.607075,500.511745
11.609977,500.800935
11.612880,501.379817
11.615782,500.127838
11.618685,498.685496
11.621587,497.534617
11.624490,496.673202
11.627392,495.391048
11.630295,492.253386
11.633197,491.401115
11.636100,447.704821
11.639002,443.330060
11.641905,441.541137
11.644807,442.051520
11.647710,443.112867
11.650612,442.345676
11.653515,441.834953
11.656417,442.204013
11.659320,442.459514
11.662222,442.459514
11.665125,442.413645
11.668027,441.902843
11.670930,441.902843
11.673832,442.413645
11.676735,442.188948
11.679637,442.444440
11.682540,442.444440
11.685442,442.395345
11.688345,442.395345
11.691247,442.650956
11.694150,442.650956
11.697052,443.191353
11.699955,442.424026
11.702857,442.424026
11.705760,442.593345
11.708662,443.104945
11.711565,442.849071
11.714467,442.337767
11.717370,442.437262
11.720272,442.692898
11.723175,442.692898
11.726077,442.652133
11.728980,442.652133
11.731882,442.652133
11.734785,442.652133
11.737687,442.864647
11.740590,442.608912
11.743492,442.864647
11.746395,442.838023
11.749297,442.838023
11.752200,442.582304
11.755102,442.533862
11.758005,442.533862
11.760907,442.789554
11.763810,442.533862
11.766712,442.590695
11.769615,442.590695
11.772517,442.590695
11.775420,442.467264
11.778322,442.722917
11.781224,442.722917
11.784127,442.722917
11.787029,442.725520
11.789932,442.725520
11.792834,442.469866
11.795737,442.406603
11.798639,442.662221
11.801542,442.662221
11.804444,442.662221
11.807347,442.468248
11.810249,442.468248
11.813152,442.723901
11.816054,442.823831
11.818957,442.568120
11.821859,442.823831
11.824762,442.568120
11.827664,442.183490
11.830567,442.183490
11.833469,441.928149
11.836372,441.964227
11.839274,441.709012
11.842177,442.219589
11.845079,442.426289
11.847982,442.426289
11.850884,442.170807
11.853787,442.426289
11.856689,441.474025
11.859592,441.984330
11.862494,442.239704
11.865397,443.036303
11.868299,440.993763
11.871202,441.503514
11.874104,442.269244
11.877007,488.024330
11.879909,489.153209
11.882812,491.418807
11.885714,494.155678
11.888617,495.298740
11.891519,496.157772
11.894422,496.157772
11.897324,496.320813
11.900227,496.894517
11.903129,496.894517
11.906032,496.549119
11.908934,496.262384
11.911837,496.836020
11.914739,496.836020
11.917642,497.036064
11.920544,496.749048
11.923447,496.749048
11.926349,497.119475
11.929252,496.832411
11.932154,497.119475
11.935057,497.403773
11.937959,497.403773
11.940862,497.116544
11.943764,497.116544
11.946667,497.186422
11.949569,497.186422
11.952472,497.473691
11.955374,497.333865
11.958277,497.333865
11.961179,497.621220
11.964082,497.621220
11.966984,497.486919
11.969887,497.774362
11.972789,497.486919
11.975692,497.611432
11.978594,497.324084
11.981497,497.611432
11.984399,497.611432
11.987302,497.865027
11.990204,497.577532
11.993107,497.577532
11.996009,497.805273
11.998912,497.805273
12.001814,497.805273
12.004717,497.805273
12.007619,497.762597
12.010522,497.475161
12.013424,497.187891
12.016327,497.293280
12.019229,497.006115
12.022132,497.293280
12.025034,497.092638
12.027937,496.231988
12.030839,495.945436
12.033741,495.086772
12.036644,495.939210
12.039546,497.086398
12.042449,495.366609
12.045351,498.022230
12.048254,498.022230
12.051156,498.885985
12.054059,499.462654
12.056961,503.520845
12.059864,504.977173
12.062766,512.322235
12.065669,516.582262
12.068571,517.777201
12.071474,519.274761
12.074376,519.574793
12.077279,519.353791
12.080181,519.954119
12.083084,520.855912
12.085986,521.006047
12.088889,521.006047
12.091791,521.307079
12.094694,521.608284
12.097596,521.514436
12.100499,521.815762
12.103401,521.815762
12.106304,522.158125
12.109206,522.158125
12.112109,522.158125
12.115011,522.138469
12.117914,522.138469
12.120816,522.138469
12.123719,522.440155
12.126621,522.608838
12.129524,522.608838
12.132426,522.307054
12.135329,522.032909
12.138231,522.334534
12.141134,522.636334
12.144036,522.636334
12.146939,522.747012
12.149841,522.747012
12.152744,522.747012
12.155646,522.876807
12.158549,522.876807
12.161451,522.574869
12.164354,522.876807
12.167256,522.971374
12.170159,522.971374
12.173061,522.971374
12.175964,522.829965
12.178866,523.132051
12.181769,523.132051
12.184671,523.132051
12.187574,523.095452
12.190476,523.397691
12.193379,523.095452
12.196281,523.249221
12.199184,523.249221
12.202086,523.249221
12.204989,523.249221
12.207891,523.192132
12.210794,522.890012
12.213696,523.192132
12.216599,523.362694
12.219501,523.362694
12.222404,523.060475
12.225306,522.632871
12.228209,522.934843
12.231111,522.934843
12.234014,522.934843
12.236916,523.073606
12.239819,523.375832
12.242721,523.375832
12.245624,523.397365
12.248526,523.095126
12.251429,523.397365
12.254331,523.095126
12.257234,523.066296
12.260136,523.066296
12.263039,522.462375
12.265941,522.712611
12.268844,521.807604
12.271746,522.109099
12.274649,521.506283
12.277551,521.757402
12.280454,521.757402
12.283356,522.964311
12.286259,521.113166
12.289161,522.620375
12.292063,521.414260
12.294966,521.414260
12.297868,522.505735
12.300771,525.532580
12.303673,524.925811
12.306576,524.802170
12.309478,522.382663
12.312381,522.382663
12.315283,593.455114
12.318186,593.798007
12.321088,594.484385
12.323991,594.827872
12.326893,595.723844
12.329796,596.068047
12.332698,596.412449
12.335601,596.828106
12.338503,597.172947
12.341406,596.828106
12.344308,596.483464
12.347211,596.715903
12.350113,596.371326
12.353016,596.026948
12.355918,595.955129
12.358821,595.610992
12.361723,595.610992
12.364626,595.267052
12.367528,594.547837
12.370431,594.204512
12.373333,593.861385
12.376236,593.071594
12.379138,592.386846
12.382041,591.702889
12.384943,590.678434
12.387846,590.034058
12.390748,590.034058
12.393651,590.034058
12.396553,589.910194
12.399456,588.548785
12.402358,588.208924
12.405261,587.570075
12.408163,587.570075
12.411066,586.891680
12.413968,586.552776
12.416871,586.758288
12.419773,586.419461
12.422676,586.419461
12.425578,586.117577
12.428481,585.779120
12.431383,585.440858
12.434286,585.440858
12.437188,585.887444
12.440091,585.887444
12.442993,586.564679
12.445896,587.174724
12.448798,587.513988
12.451701,587.853447
12.454603,588.193103
12.457506,588.503882
12.460408,588.843914
12.463311,589.524566
12.466213,589.899281
12.469116,590.581153
12.472018,591.947263
12.474921,591.605440
12.477823,592.606558
12.480726,593.977353
12.483628,595.007530
12.486531,595.734469
12.489433,596.078678
12.492336,597.457505
12.495238,598.609231
12.498141,599.301171
12.501043,599.647441
12.503946,600.340581
12.506848,600.638886
12.509751,601.333172
12.512653,600.985929
12.515556,600.716998
12.518458,601.064086
12.521361,601.411374
12.524263,601.411374
12.527166,601.034518
12.530068,600.340577
12.532971,599.647436
12.535873,599.279073
12.538776,598.587158
12.541678,597.550784
12.544580,596.516204
12.547483,595.185448
12.550385,594.498259
12.553288,593.468965
12.556190,592.221270
12.559093,592.563449
12.561995,591.195917
12.564898,589.831541
12.567800,589.409689
12.570703,587.709863
12.573605,587.031306
12.576508,586.447566
12.579410,585.432210
12.582313,585.432210
12.585215,585.010022
12.588118,583.997154
12.591020,583.997154
12.593923,584.672204
12.596825,583.859889
12.599728,584.197237
12.602630,585.548580
12.605533,584.972881
12.608435,585.310872
12.611338,585.987440
12.614240,586.326018
12.617143,586.629528
12.620045,587.307620
12.622948,587.986497
12.625850,588.523759
12.628753,589.204041
12.631655,589.885110
12.634558,590.566966
12.637460,591.198980
12.640363,591.882355
12.643265,592.566519
12.646168,593.279558
12.649070,594.308525
12.651973,595.339276
12.654875,596.371815
12.657778,597.536115
12.660680,598.226814
12.663583,598.918312
12.666485,599.589221
12.669388,599.935658
12.672290,599.935658
12.675193,600.229597
12.678095,600.576403
12.680998,600.576403
12.683900,600.576403
12.686803,600.708297
12.689705,601.055380
12.692608,600.708297
12.695510,600.399040
12.698413,600.052336
12.701315,599.359529
12.704218,598.667522
12.707120,597.897464
12.710023,597.207145
12.712925,596.173160
12.715828,595.224030
12.718730,594.880314
12.721633,593.850358
12.724535,593.850358
12.727438,593.206207
12.730340,591.837191
12.733243,590.471336
12.736145,589.612455
12.739048,589.271980
12.741950,588.931702
12.744853,587.912044
12.747755,586.127407
12.750658,585.450677
12.753560,585.112605
12.756463,584.950383
12.759365,584.612600
12.762268,583.937619
12.765170,584.239234
12.768073,584.576801
12.770975,584.914563
12.773878,584.914563
12.776780,585.571376
12.779683,585.909713
12.782585,586.586974
12.785488,587.052738
12.788390,588.070905
12.791293,588.410686
12.794195,589.090838
12.797098,589.837941
12.800000,590.860938
12.802902,592.227695
12.805805,593.315303
12.808707,593.315303
12.811610,592.972690
12.814512,594.001124
12.817415,595.911234
12.820317,596.944765
12.823220,597.980088
12.826122,598.739049
12.829025,599.777484
12.831927,600.817720
12.834830,600.470775
12.837732,600.483501
12.840635,601.524962
12.843537,602.220272
12.846440,602.466916
12.849342,602.119018
12.852245,602.466916
12.855147,603.183210
12.858050,602.834898
12.860952,601.791169
12.863855,601.443661
12.866757,601.655959
12.869660,600.961301
12.872562,600.267444
12.875465,600.285182
12.878367,600.285182
12.881270,599.938544
12.884172,598.208353
12.887075,597.592561
12.889977,596.213423
12.892880,595.869136
12.895782,594.089998
12.898685,592.718943
12.901587,592.718943
12.904490,592.034602
12.907392,590.974544
12.910295,588.929927
12.913197,588.589846
12.916100,587.238267
12.919002,586.899163
12.921905,585.883025
12.924807,585.206577
12.927710,584.515666
12.930612,583.840797
12.933515,584.178134
12.936417,584.742892
12.939320,585.757052
12.942222,585.080750
12.945125,585.129906
12.948027,586.144738
12.950930,587.500586
12.953832,587.161330
12.956735,588.103618
12.959637,588.783415
12.962540,589.463997
12.965442,589.609553
12.968345,590.291091
12.971247,590.632155
12.974150,591.314874
12.977052,592.111965
12.979955,592.796395
12.982857,593.824524
12.985760,594.611829
12.988662,595.299148
12.991565,597.365877
12.994467,597.711029
12.997370,598.825948
13.000272,599.864534
13.003175,600.211129
13.006077,599.931164
13.008980,600.624632
13.011882,600.971666
13.014785,601.318902
13.017687,601.023871
13.020590,601.371136
13.023492,602.414136
13.026395,603.167803
13.029297,602.471399
13.032200,601.775798
13.035102,601.028551
13.038005,600.681483
13.040907,600.334616
13.043810,599.295217
13.046712,599.721445
13.049615,598.337394
13.052517,599.375133
13.055420,594.413782
13.058322,593.727485
13.061224,592.699524
13.064127,593.041980
13.067029,592.434065
13.069932,594.490847
13.072834,592.434065
13.075737,591.733429
13.078639,591.050226
13.081542,0.000000
13.084444,0.000000
13.087347,0.000000
13.090249,590.573064
13.093152,590.573064
13.096054,590.379772
13.098957,591.062200
13.101859,592.087320
13.104762,591.745416
13.107664,592.450793
13.110567,592.450793
13.113469,592.793105
13.116372,593.325054
13.119274,593.667871
13.122177,594.697511
13.125079,595.045611
13.127982,595.045611
13.130884,595.045611
13.133787,595.389422
13.136689,595.324698
13.139592,596.357212
13.142494,597.391516
13.145397,597.803556
13.148299,598.148961
13.151202,597.113345
13.154104,597.113345
13.157007,596.936970
13.159909,597.281874
13.162812,597.626977
13.165714,597.711666
13.168617,598.057018
13.171519,598.057018
13.174422,597.711666
13.177324,597.678306
13.180227,597.678306
13.183129,596.643505
13.186032,596.625258
13.188934,596.625258
13.191837,596.625258
13.194739,596.280733
13.197642,596.589096
13.200544,596.589096
13.203447,595.900288
13.206349,595.457232
13.209252,595.801281
13.212154,596.145529
13.215057,595.644591
13.217959,595.988748
13.220862,595.644591
13.223764,595.300633
13.226667,598.261068
13.229569,595.502892
13.232472,597.570329
13.235374,592.444296
13.238277,594.501113
13.241179,596.565072
13.244082,0.000000
13.246984,0.000000
13.249887,0.000000
13.252789,0.000000
13.255692,0.000000
13.258594,594.715037
13.261497,592.999910
13.264399,594.371615
13.267302,592.133167
13.270204,596.596287
13.273107,594.188905
13.276009,778.759451
13.278912,779.209410
13.281814,782.366412
13.284717,784.629240
13.287619,785.464332
13.290522,787.281238
13.293424,788.646676
13.296327,789.136128
13.299229,789.592083
13.302132,789.592083
13.305034,790.022403
13.307937,790.022403
13.310839,790.022403
13.313741,790.022403
13.316644,789.979987
13.319546,789.979987
13.322449,789.523808
13.325351,789.705042
13.328254,789.249023
13.331156,789.249023
13.334059,789.705042
13.336961,789.795356
13.339864,789.795356
13.342766,789.795356
13.345669,789.501934
13.348571,789.501934
13.351474,789.501934
13.354376,789.501934
13.357279,789.714147
13.360181,789.714147
13.363084,789.714147
13.365986,789.294556
13.368889,789.294556
13.371791,789.294556
13.374694,788.838773
13.377596,788.823802
13.380499,788.368291
13.383401,788.368291
13.386304,788.011472
13.389206,788.011472
13.392109,788.011472
13.395011,788.118772
13.397914,788.118772
13.400816,788.118772
13.403719,788.118772
13.406621,788.389145
13.409524,788.844668
13.412426,788.844668
13.415329,789.307676
13.418231,789.307676
13.421134,789.763730
13.424036,790.220047
13.426939,790.277947
13.429841,790.277947
13.432744,790.734561
13.435646,790.852519
13.438549,790.852519
13.441451,790.852519
13.444354,791.309465
13.447256,791.403389
13.450159,791.403389
13.453061,791.403389
13.455964,791.449655
13.458866,791.449655
13.461769,790.992628
13.464671,790.992628
13.467574,790.558166
13.470476,790.101653
13.473379,789.189419
13.476281,788.240505
13.479184,787.330420
13.482086,786.421385
13.484989,785.513400
13.487891,783.519000
13.490794,782.162441
13.493696,781.710776
13.496599,780.941767
13.499501,780.040109
13.502404,779.139491
13.505306,778.124751
13.508209,776.777532
13.511111,776.777532
13.514014,0.000000
13.516916,777.060179
13.519819,777.958393
13.522721,778.407889
13.525624,779.162196
13.528526,780.062840
13.531429,780.513552
13.534331,781.415758
13.537234,782.939650
13.540136,783.844660
13.543039,784.750716
13.545941,786.265954
13.548844,787.174809
13.551746,787.629630
13.554649,788.084714
13.557551,788.662710
13.560454,789.574335
13.563356,790.487014
13.566259,791.374317
13.569161,791.831565
13.572063,791.831565
13.574966,792.289077
13.577868,792.311473
13.580771,792.311473
13.583673,792.311473
13.586576,792.306181
13.589478,792.306181
13.592381,792.306181
13.595283,792.289257
13.598186,792.289257
13.601088,791.831745
13.603991,791.374497
13.606893,790.970218
13.609796,790.513468
13.612698,790.056981
13.615601,789.590617
13.618503,788.678973
13.621406,787.768381
13.624308,787.313480
13.627211,786.909297
13.630113,786.000749
13.633016,786.454892
13.635918,785.953776
13.638821,785.953776
13.641723,785.499923
13.644626,785.953776
13.647528,786.411311
13.650431,786.411311
13.653333,786.865691
13.656236,786.894547
13.659138,787.349207
13.662041,787.804129
13.664943,787.804129
13.667846,787.860011
13.670748,788.315228
13.673651,788.315228
13.676553,788.745434
13.679456,788.745434
13.682358,789.201163
13.685261,788.987594
13.688163,789.443463
13.691066,789.443463
13.693968,789.443463
13.696871,789.162454
13.699773,789.162454
13.702676,788.706748
13.705578,787.791712
13.708481,787.336797
13.711383,786.882145
13.714286,785.973628
13.717188,784.560633
13.720091,782.298002
13.722993,781.394778
13.725896,779.672439
13.728798,783.736201
13.731701,784.189035
13.734603,783.736201
13.737506,787.787427
13.740408,785.061889
13.743311,782.797813
13.746213,782.509875
13.749116,783.414388
13.752018,781.155063
13.754921,784.773119
13.757823,761.600222
13.760726,0.000000
13.763628,761.600222
13.766531,758.480895
13.769433,758.480895
13.772336,758.480895
13.775238,758.568381
13.778141,758.130341
13.781043,758.130341
13.783946,757.692554
13.786848,757.818554
13.789751,757.818554
13.792653,757.380947
13.795556,757.286668
13.798458,756.849368
13.801361,756.849368
13.804263,756.849368
13.807166,756.302773
13.810068,756.302773
13.812971,755.866042
13.815873,755.598735
13.818776,755.598735
13.821678,755.162410
13.824580,755.162410
13.827483,754.902609
13.830385,754.902609
13.833288,754.902609
13.836190,754.993518
13.839093,754.993518
13.841995,754.993518
13.844898,754.557542
13.847800,754.599347
13.850703,754.599347
13.853605,754.599347
13.856508,754.629901
13.859410,754.629901
13.862313,754.629901
13.865215,754.711761
13.868118,754.275948
13.871020,754.275948
13.873923,754.275948
13.876825,754.328330
13.879728,754.328330
13.882630,754.328330
13.885533,753.914744
13.888435,753.479391
13.891338,753.914744
13.894240,754.786203
13.897143,0.000000
13.900045,0.000000
13.902948,0.000000
13.905850,0.000000
13.908753,0.000000
13.911655,0.000000
13.914558,0.000000
13.917460,0.000000
13.920363,0.000000
13.923265,0.000000
13.926168,0.000000
13.929070,0.000000
13.931973,0.000000
13.934875,0.000000
13.937778,0.000000
13.940680,0.000000
13.943583,0.000000
13.946485,641.539164
13.949388,641.539164
13.952290,646.374675
13.955193,656.795638
13.958095,658.314913
13.960998,662.511063
13.963900,665.195256
13.966803,665.728805
13.969705,665.728805
13.972608,666.113456
13.975510,666.243774
13.978413,666.628723
13.981315,666.628723
13.984218,667.013894
13.987120,667.170691
13.990023,666.785430
13.992925,666.785430
13.995828,667.119355
13.998730,667.119355
14.001633,667.119355
14.004535,667.119355
14.007438,666.978216
14.010340,666.978216
14.013243,666.978216
14.016145,667.016713
14.019048,667.402108
14.021950,667.016713
14.024853,667.016713
14.027755,667.010188
14.030658,667.010188
14.033560,667.395579
14.036463,667.354768
14.039365,667.354768
14.042268,667.354768
14.045170,667.641587
14.048073,667.256053
14.050975,667.256053
14.053878,667.256053
14.056780,667.320386
14.059683,667.320386
14.062585,667.320386
14.065488,667.416941
14.068390,667.416941
14.071293,667.416941
14.074195,667.416941
14.077098,667.539180
14.080000,667.539180
14.082902,667.539180
14.085805,667.607020
14.088707,667.607020
14.091610,667.221506
14.094512,667.607020
14.097415,667.615445
14.100317,667.229927
14.103220,667.229927
14.106122,667.132683
14.109025,667.132683
14.111927,667.518145
14.114830,667.132683
14.117732,667.146680
14.120635,667.532150
14.123537,667.146680
14.126440,667.088047
14.129342,667.088047
14.132245,667.088047
14.135147,667.311471
14.138050,667.311471
14.140952,667.311471
14.143855,667.311471
14.146757,667.466819
14.149660,668.238353
14.152562,668.624454
14.155465,668.679978
14.158367,668.293845
14.161270,668.293845
14.164172,667.907935
14.167075,668.271127
14.169977,667.114104
14.172880,666.728875
14.175782,667.089934
14.178685,667.089934
14.181587,667.089934
14.184490,667.861032
14.187392,667.373672
14.190295,666.603137
14.193197,666.988293
14.196100,595.020870
14.199002,595.364667
14.201905,595.708662
14.204807,597.086633
14.207710,596.981482
14.210612,596.636751
14.213515,595.603754
14.216417,595.187985
14.219320,595.531879
14.222222,595.187985
14.225125,594.828827
14.228027,594.142050
14.230930,593.798959
14.233832,593.456067
14.236735,592.546019
14.239637,591.520104
14.242540,590.837148
14.245442,590.349128
14.248345,589.667524
14.251247,588.646593
14.254150,586.948968
14.257052,585.109055
14.259955,584.433501
14.262857,583.758727
14.265760,582.288477
14.268662,582.288477
14.271565,581.616179
14.274467,580.944658
14.277370,581.465513
14.280272,582.137637
14.283175,581.801478
14.286077,581.794689
14.288980,582.130844
14.291882,583.140475
14.294785,583.477407
14.297687,583.548224
14.300590,584.560313
14.303492,585.236014
14.306395,586.139444
14.309297,587.156027
14.312200,587.495280
14.315102,589.047778
14.318005,588.027920
14.320907,588.707629
14.323810,590.069405
14.326712,591.738749
14.329615,592.765043
14.332517,594.136204
14.335420,594.540145
14.338322,595.571298
14.341224,596.604239
14.344127,597.638971
14.347029,598.694832
14.349932,599.733191
14.352834,600.079710
14.355737,600.122123
14.358639,600.468868
14.361542,600.815812
14.364444,601.162957
14.367347,600.994340
14.370249,600.994340
14.373152,600.994340
14.376054,600.532654
14.378957,600.532654
14.381859,599.492911
14.384762,598.454969
14.387664,596.647325
14.390567,596.302788
14.393469,594.926626
14.396372,593.777968
14.399274,592.407633
14.402177,592.065544
14.405079,591.949639
14.407982,590.924757
14.410884,590.242488
14.413787,589.220561
14.416689,588.446713
14.419592,588.446713
14.422494,588.446713
14.425397,587.189224
14.428299,586.850149
14.431202,586.511268
14.434104,586.850149
14.437007,586.867609
14.439909,587.206695
14.442812,587.885455
14.445714,588.123585
14.448617,588.803404
14.451519,589.143609
14.454422,589.143609
14.457324,590.027555
14.460227,590.709575
14.463129,591.734084
14.466032,591.783087
14.468934,591.783087
14.471837,592.467137
14.474739,593.151977
14.477642,593.701165
14.480544,594.387432
14.483447,595.074492
14.486349,595.763370
14.489252,596.107596
14.492154,596.107596
14.495057,596.434150
14.497959,596.089736
14.500862,596.434150
14.503764,596.434150
14.506667,596.036029
14.509569,596.036029
14.512472,596.036029
14.515374,595.752577
14.518277,595.408556
14.521179,595.064734
14.524082,595.064734
14.526984,595.116954
14.529887,595.116954
14.532789,594.773301
14.535692,594.993410
14.538594,594.649828
14.541497,594.306444
14.544399,593.963258
14.547302,593.537893
14.550204,592.852607
14.553107,592.168112
14.556009,591.287361
14.558912,590.604673
14.561814,589.922774
14.564717,590.263625
14.567619,592.883494
14.570522,593.911773
14.573424,595.285587
14.576327,594.298903
14.579229,591.558994
14.582132,591.217395
14.585034,592.673822
14.587937,595.762921
14.590839,592.331579
14.593741,591.647686
14.596644,519.357821
14.599546,520.258580
14.602449,522.064787
14.605351,523.662202
14.608254,522.755550
14.611156,523.662202
14.614059,524.873517
14.616961,524.227143
14.619864,524.833104
14.622766,525.439765
14.625669,525.801780
14.628571,526.409561
14.631474,525.498153
14.634376,525.194701
14.637279,525.078816
14.640181,525.078816
14.643084,525.078816
14.645986,524.838190
14.648889,524.535119
14.651791,524.838190
14.654694,524.535119
14.657596,524.466822
14.660499,524.769853
14.663401,524.466822
14.666304,524.348709
14.669206,523.743307
14.672109,0.000000
14.675011,525.129878
14.677914,524.826638
14.680816,524.523574
14.683719,524.523574
14.686621,524.479250
14.689524,524.782289
14.692426,524.782289
14.695329,524.750964
14.698231,524.447943
14.701134,524.750964
14.704036,524.750964
14.706939,525.004557
14.709841,524.701390
14.712744,525.004557
14.715646,524.726424
14.718549,524.726424
14.721451,524.726424
14.724354,524.726424
14.727256,524.634443
14.730159,524.937571
14.733061,524.937571
14.735964,525.112639
14.738866,524.809409
14.741769,524.809409
14.744671,524.809409
14.747574,524.669973
14.750476,524.366999
14.753379,524.366999
14.756281,524.209149
14.759184,524.209149
14.762086,523.906441
14.764989,524.209149
14.767891,522.276242
14.770794,521.371990
14.773696,522.578007
14.776599,522.089380
14.779501,525.113813
14.782404,525.720799
14.785306,525.578826
14.788209,527.098952
14.791111,524.668856
14.794014,524.365883
14.796916,522.300118
14.799819,521.998513
14.802721,524.113413
14.805624,502.729028
14.808526,0.000000
14.811429,502.729028
14.814331,502.729028
14.817234,502.719926
14.820136,502.429627
14.823039,502.139496
14.825941,501.635999
14.828844,501.346327
14.831746,501.056821
14.834649,500.767483
14.837551,500.870870
14.840454,500.581639
14.843356,500.581639
14.846259,500.521816
14.849161,500.521816
14.852063,500.521816
14.854966,500.521816
14.857868,500.119245
14.860771,500.119245
14.863673,500.408208
14.866576,500.217398
14.869478,500.217398
14.872381,500.217398
14.875283,500.094640
14.878186,500.094640
14.881088,500.383589
14.883991,500.383589
14.886893,500.318247
14.889796,500.607326
14.892698,500.607326
14.895601,500.448526
14.898503,500.448526
14.901406,500.448526
14.904308,500.737680
14.907211,500.523507
14.910113,500.812705
14.913016,500.812705
14.915918,500.681267
14.918821,500.681267
14.921723,500.681267
14.924626,500.681267
14.927528,500.623861
14.930431,500.623861
14.933333,500.623861
14.936236,500.586330
14.939138,500.586330
14.942041,500.586330
14.944943,500.875563
14.947846,500.686980
14.950748,500.976271
14.953651,500.976271
14.956553,500.719653
14.959456,500.719653
14.962358,500.719653
14.965261,500.761127
14.968163,500.761127
14.971066,500.761127
14.973968,500.761127
14.976871,500.981870
14.979773,500.981870
14.982676,500.692575
14.985578,500.790117
14.988481,500.790117
14.991383,501.079468
14.994286,501.079468
14.997188,500.947664
15.000091,501.237107
15.002993,501.237107
15.005896,501.216044
15.008798,501.216044
15.011701,501.216044
15.014603,501.216044
15.017506,501.596097
15.020408,502.175898
15.023311,500.727650
15.026213,500.596488
15.029116,501.175134
15.032018,501.754449
15.034921,502.044357
15.037823,509.870570
15.040726,509.870570
15.043628,514.901950
15.046531,517.679617
15.049433,519.176896
15.052336,520.077341
15.055238,519.878390
15.058141,522.890015
15.061043,522.588069
15.063946,523.796899
15.066848,524.382953
15.069751,524.989094
15.072653,525.292427
15.075556,525.461082
15.078458,525.764687
15.081361,526.068469
15.084263,526.372426
15.087166,526.154565
15.090068,525.850734
15.092971,525.850734
15.095873,525.710788
15.098776,525.103813
15.101678,524.800589
15.104580,524.497540
15.107483,523.448848
15.110385,523.146579
15.113288,522.844485
15.116190,521.891187
15.119093,521.288623
15.121995,520.686754
15.124898,519.785254
15.127800,518.699267
15.130703,518.100388
15.133605,516.904703
15.136508,516.039250
15.139410,515.145797
15.142313,514.253890
15.145215,513.898981
15.148118,513.602227
15.151020,513.305645
15.153923,513.305645
15.156825,513.530821
15.159728,513.234279
15.162630,513.530821
15.165533,513.849638
15.168435,513.849638
15.171338,514.443603
15.174240,515.038255
15.177143,515.708527
15.180045,516.006498
15.182948,516.304641
15.185850,516.928298
15.188753,517.226974
15.191655,518.124037
15.194558,518.722943
15.197460,519.399839
15.200363,520.000220
15.203265,520.902093
15.206168,521.213965
15.209070,522.117943
15.211973,522.721466
15.214875,523.628058
15.217778,524.221454
15.220680,525.130648
15.223583,525.434063
15.226485,526.713089
15.229388,528.236495
15.232290,529.764307
15.235193,530.689016
15.238095,530.689016
15.240998,530.689016
15.243900,530.689016
15.246803,530.656904
15.249705,530.350474
15.252608,529.432242
15.255510,529.113233
15.258413,527.892133
15.261315,526.978157
15.264218,526.673851
15.267120,526.341404
15.270023,525.126701
15.272925,524.217514
15.275828,523.569989
15.278730,523.569989
15.281633,522.663497
15.284535,521.156163
15.287438,521.057671
15.290340,520.756783
15.293243,519.855161
15.296145,519.557336
15.299048,519.257315
15.301950,518.957467
15.304853,518.657792
15.307755,518.290694
15.310658,517.991404
15.313560,517.991404
15.316463,518.004094
15.319365,518.004094
15.322268,517.704970
15.325170,517.480552
15.328073,517.480552
15.330975,517.480552
15.333878,518.078715
15.336780,518.284417
15.339683,518.583876
15.342585,518.883508
15.345488,519.271905
15.348390,519.571935
15.351293,520.172515
15.354195,520.172515
15.357098,520.675219
15.360000,522.784757
15.362902,522.482872
15.365805,521.828256
15.368707,522.431444
15.371610,522.733299
15.374512,522.733299
15.377415,522.817671
15.380317,522.817671
15.383220,522.817671
15.386122,522.917713
15.389025,523.522161
15.391927,523.824646
15.394830,524.127307
15.397732,524.556535
15.400635,524.556535
15.403537,524.556535
15.406440,524.751967
15.409342,525.055163
15.412245,525.055163
15.415147,525.017621
15.418050,525.017621
15.420952,525.320970
15.423855,525.320970
15.426757,525.023302
15.429660,524.720125
15.432562,524.720125
15.435465,524.225214
15.438367,523.922497
15.441270,523.922497
15.444172,523.922497
15.447075,523.273966
15.449977,522.971798
15.452880,522.669805
15.455782,521.692257
15.458685,520.488283
15.461587,516.893008
15.464490,516.594525
15.467392,516.872222
15.470295,518.067831
15.473197,518.966353
15.476100,510.776633
15.479002,510.776633
15.481905,505.493494
15.484807,501.422195
15.487710,491.861649
15.490612,492.714720
15.493515,491.861649
15.496417,494.083281
15.499320,498.382786
15.502222,500.691133
15.505125,500.651525
15.508027,501.230235
15.510930,501.809613
15.513832,502.389662
15.516735,502.203505
15.519637,502.203505
15.522540,502.203505
15.525442,502.022148
15.528345,502.022148
15.531247,501.732253
15.534150,502.022148
15.537052,502.063486
15.539955,502.063486
15.542857,502.353573
15.545760,501.931186
15.548662,501.641343
15.551565,501.351667
15.554467,501.641343
15.557370,501.348721
15.560272,501.059215
15.563175,501.059215
15.566077,500.909078
15.568980,500.909078
15.571882,500.909078
15.574785,500.909078
15.577687,500.946422
15.580590,500.657148
15.583492,500.946422
15.586395,501.241477
15.589297,501.241477
15.592200,500.952033
15.595102,500.918724
15.598005,500.918724
15.600907,500.918724
15.603810,501.208149
15.606712,500.997591
15.609615,500.997591
15.612517,500.997591
15.615420,501.142904
15.618322,501.142904
15.621224,501.142904
15.624127,501.142904
15.627029,501.669695
15.629932,501.669695
15.632834,501.959554
15.635737,501.834504
15.638639,501.834504
15.641542,0.000000
15.644444,0.000000
15.647347,0.000000
15.650249,0.000000
15.653152,0.000000
15.656054,0.000000
15.658957,0.000000
15.661859,0.000000
15.664762,0.000000
15.667664,0.000000
15.670567,0.000000
15.673469,0.000000
15.676372,0.000000
15.679274,0.000000
15.682177,0.000000
15.685079,0.000000
15.687982,0.000000
15.690884,0.000000
15.693787,0.000000
15.696689,440.454698
15.699592,433.889289
15.702494,435.647211
15.705397,437.282320
15.708299,438.547066
15.711202,440.578273
15.714104,443.386553
15.717007,443.892915
15.719909,443.892915
15.722812,443.124373
15.725714,442.751033
15.728617,443.006850
15.731519,443.518927
15.734422,443.775188
15.737324,443.757468
15.740227,443.501217
15.743129,443.501217
15.746032,443.494230
15.748934,443.494230
15.751837,443.494230
15.754739,443.494230
15.757642,443.641247
15.760544,443.385064
15.763447,443.385064
15.766349,443.314266
15.769252,443.314266
15.772154,443.314266
15.775057,443.508254
15.777959,443.508254
15.780862,443.508254
15.783764,443.508254
15.786667,443.662077
15.789569,443.662077
15.792472,443.405882
15.795374,443.222685
15.798277,443.222685
15.801179,443.478775
15.804082,443.222685
15.806984,443.355236
15.809887,443.355236
15.812789,443.099218
15.815692,443.122025
15.818594,443.378056
15.821497,443.378056
15.824399,443.122025
15.827302,442.828595
15.830204,442.828595
15.833107,443.084457
15.836009,443.042264
15.838912,443.042264
15.841814,443.298249
15.844717,443.042264
15.847619,442.982737
15.850522,443.238688
15.853424,443.238688
15.856327,443.343957
15.859229,443.087945
15.862132,443.087945
15.865034,443.001997
15.867937,443.257959
15.870839,443.514068
15.873741,443.514068
15.876644,443.474051
15.879546,443.730285
15.882449,443.730285
15.885351,443.703750
15.888254,443.447531
15.891156,445.244178
15.894059,443.960118
15.896961,444.109134
15.899864,444.109134
15.902766,443.340218
15.905669,443.486614
15.908571,444.255784
15.911474,444.512470
15.914376,443.486614
15.917279,444.395016
15.920181,443.369431
15.923084,442.601796
15.925986,389.543427
15.928889,389.543427
15.931791,389.543427
15.934694,389.543427
15.937596,388.545540
15.940499,388.770037
15.943401,388.994665
15.946304,390.222824
15.949206,392.710134
15.952109,393.391239
15.955011,393.062686
15.957914,391.929115
15.960816,393.744403
15.963719,393.517033
15.966621,392.955949
15.969524,393.864920
15.972426,393.637480
15.975329,393.564290
15.978231,393.337024
15.981134,393.564290
15.984036,393.564290
15.986939,393.922824
15.989841,393.922824
15.992744,393.922824
15.995646,394.528680
15.998549,394.300857
16.001451,394.300857
16.004354,394.073166
16.007256,393.753526
16.010159,393.526150
16.013061,393.526150
16.015964,393.603293
16.018866,393.376004
16.021769,392.921821
16.024671,392.694926
16.027574,392.473433
16.030476,391.793917
16.033379,391.115578
16.036281,390.867573
16.039184,390.416286
16.042086,390.190837
16.044989,389.065548
16.047891,388.375906
16.050794,388.600305
16.053696,388.600305
16.056599,388.225933
16.059501,388.450246
16.062404,388.450246
16.065306,388.427787
16.068209,388.203487
16.071111,388.427787
16.074014,388.652216
16.076916,388.633240
16.079819,388.857788
16.082721,389.082466
16.085624,389.343502
16.088526,389.343502
16.091429,390.018768
16.094331,390.695205
16.097234,390.616356
16.100136,391.067875
16.103039,391.519915
16.105941,391.733883
16.108844,391.960222
16.111746,393.093884
16.114649,393.548267
16.117551,393.955394
16.120454,394.183017
16.123356,393.955394
16.126259,395.151361
16.129161,395.379676
16.132063,397.210946
16.134966,398.820263
16.137868,399.044343
16.140771,399.044343
16.143673,399.505604
16.146576,399.075426
16.149478,0.000000
16.152381,399.536723
16.155283,399.987947
16.158186,400.219056
16.161088,400.219056
16.163991,399.756972
16.166893,399.735083
16.169796,399.042994
16.172698,398.122073
16.175601,397.173231
16.178503,396.943881
16.181406,396.256626
16.184308,396.256626
16.187211,395.735790
16.190113,395.507270
16.193016,395.050626
16.195918,393.823784
16.198821,392.688018
16.201723,391.555526
16.204626,391.329420
16.207528,391.290734
16.210431,390.613266
16.213333,390.613266
16.216236,390.175749
16.219138,390.626758
16.222041,390.175749
16.224943,388.152643
16.227846,387.585213
16.230748,387.585213
16.233651,388.033228
16.236553,388.112977
16.239456,388.337225
16.242358,388.337225
16.245261,387.620848
16.248163,387.844811
16.251066,388.293126
16.253968,388.741959
16.256871,389.069541
16.259773,389.519271
16.262676,389.519271
16.265578,389.542664
16.268481,389.767738
16.271383,390.218276
16.274286,390.443740
16.277188,390.529140
16.280091,390.980558
16.282993,391.884959
16.285896,392.069212
16.288798,392.976131
16.291701,393.657697
16.294603,393.885148
16.297506,394.718925
16.300408,395.175186
16.303311,394.946990
16.306213,0.000000
16.309116,396.239778
16.312018,398.075031
16.314921,398.305035
16.317823,399.312088
16.320726,399.542806
16.323628,399.773658
16.326531,399.832511
16.329433,399.601625
16.332336,399.370873
16.335238,399.194101
16.338141,399.655535
16.341043,399.424751
16.343946,399.194101
16.346848,398.933839
16.349751,398.703472
16.352653,398.473239
16.355556,398.087941
16.358458,397.628318
16.361361,397.858063
16.364263,395.795123
16.367166,395.783044
16.370068,396.011723
16.372971,396.240535
16.375873,395.709049
16.378776,395.480545
16.381678,393.884703
16.384580,392.521966
16.387483,392.160981
16.390385,391.482007
16.393288,391.482007
16.396190,390.879610
16.399093,390.202853
16.401995,389.977528
16.404898,389.977528
16.407800,390.357104
16.410703,389.906406
16.413605,389.006571
16.416508,389.005314
16.419410,389.005314
16.422313,389.230077
16.425215,389.113163
16.428118,389.562944
16.431020,389.562944
16.433923,389.337989
16.436825,389.888795
16.439728,390.114069
16.442630,390.565007
16.445533,391.283259
16.448435,391.283259
16.451338,391.509338
16.454240,392.868560
16.457143,392.533035
16.460045,392.533035
16.462948,392.759836
16.465850,392.984953
16.468753,393.439210
16.471655,393.666535
16.474558,393.893991
16.477460,394.319058
16.480363,394.091356
16.483265,395.231182
16.486168,396.783133
16.489070,397.930744
16.491973,397.930744
16.494875,398.851222
16.497778,399.034432
16.500680,399.034432
16.503583,398.573715
16.506485,398.485362
16.509388,398.945977
16.512290,399.637897
16.515193,399.972439
16.518095,400.203539
16.520998,399.972439
16.523900,399.972439
16.526803,399.511993
16.529705,398.129787
16.532608,398.359822
16.535510,396.791697
16.538413,397.020959
16.541315,397.479881
16.544218,397.250354
16.547120,396.532368
16.550023,395.617242
16.552925,394.476303
16.555828,394.279329
16.558730,394.279329
16.561633,393.596687
16.564535,392.008447
16.567438,392.606189
16.570340,392.833033
16.573243,392.152894
16.576145,393.376671
16.579048,394.286615
16.581950,0.000000
16.584853,0.000000
16.587755,0.000000
16.590658,391.822224
16.593560,393.864456
16.596463,392.505316
16.599365,392.052138
16.602268,392.052138
16.605170,391.642525
16.608073,391.190343
16.610975,391.190343
16.613878,391.642525
16.616780,391.926968
16.619683,392.153419
16.622585,392.606714
16.625488,393.371019
16.628390,394.280950
16.631293,394.736705
16.634195,394.508762
16.637098,394.890815
16.640000,395.118979
16.642902,395.347275
16.645805,396.156965
16.648707,397.302765
16.651610,397.991835
16.654512,397.532323
16.657415,396.703463
16.660317,398.540865
16.663220,397.850844
16.666122,397.141473
16.669025,397.370937
16.671927,397.370937
16.674830,397.600534
16.677732,397.951122
16.680635,397.721322
16.683537,398.641316
16.686440,397.682765
16.689342,397.682765
16.692245,396.764984
16.695147,397.091870
16.698050,397.550873
16.700952,396.633396
16.703855,396.175452
16.706757,396.578225
16.709660,397.266039
16.712562,397.036635
16.715465,396.085307
16.718367,395.856585
16.721270,396.314161
16.724172,396.314161
16.727075,395.480106
16.729977,395.023494
16.732880,395.937247
16.735782,395.620953
16.738685,396.536089
16.741587,396.536089
16.744490,396.536089
16.747392,396.268419
16.750295,396.726471
16.753197,396.497379
16.756100,396.413330
16.759002,0.000000
16.761905,0.000000
16.764807,396.642374
16.767710,396.390274
16.770612,396.619304
16.773515,396.619304
16.776417,396.230321
16.779320,396.001516
16.782222,396.230321
16.785125,396.271346
16.788027,395.813820
16.790930,395.585255
16.793832,395.585255
16.796735,397.471294
16.799637,396.783125
16.802540,395.182028
16.805442,395.118112
16.808345,395.803393
16.811247,396.948170
16.814150,395.574834
16.817052,396.067969
16.819955,395.610677
16.822857,395.382230
16.825760,396.331985
16.828662,396.103121
16.831565,397.019372
16.834467,395.874389
16.837370,394.673696
16.840272,394.218014
16.843175,390.591450
16.846077,395.088519
16.848980,394.176724
16.851882,396.002423
16.854785,395.545207
16.857687,395.587004
16.860590,396.960382
16.863492,397.878616
16.866395,444.002754
16.869297,444.259294
16.872200,444.515982
16.875102,443.695058
16.878005,443.182777
16.880907,443.182777
16.883810,442.926859
16.886712,443.091558
16.889615,444.373106
16.892517,444.373106
16.895420,0.000000
16.898322,0.000000
16.901224,0.000000
16.904127,0.000000
16.907029,0.000000
16.909932,0.000000
16.912834,0.000000
16.915737,0.000000
16.918639,0.000000
16.921542,0.000000
16.924444,0.000000
16.927347,0.000000
16.930249,0.000000
16.933152,0.000000
16.936054,0.000000
16.938957,0.000000
16.941859,0.000000
16.944762,0.000000
16.947664,0.000000
16.950567,0.000000
16.953469,0.000000
16.956372,0.000000
16.959274,0.000000
16.962177,0.000000
16.965079,0.000000
16.967982,0.000000
16.970884,0.000000
16.973787,0.000000
16.976689,0.000000
16.979592,0.000000
16.982494,0.000000
16.985397,0.000000
16.988299,0.000000
16.991202,0.000000
16.994104,0.000000
16.997007,0.000000
16.999909,0.000000
17.002812,0.000000
17.005714,0.000000
17.008617,0.000000
17.011519,0.000000
17.014422,0.000000
17.017324,0.000000
17.020227,0.000000
17.023129,0.000000
17.026032,0.000000
17.028934,0.000000
17.031837,0.000000
17.034739,0.000000
17.037642,0.000000
17.040544,0.000000
17.043447,0.000000
17.046349,0.000000
17.049252,0.000000
17.052154,0.000000
17.055057,0.000000
17.057959,0.000000
17.060862,0.000000
17.063764,0.000000
17.066667,0.000000
17.069569,0.000000
17.072472,0.000000
17.075374,0.000000
17.078277,0.000000
17.081179,0.000000
17.084082,0.000000
17.086984,0.000000
17.089887,0.000000
17.092789,0.000000
17.095692,0.000000
17.098594,0.000000
17.101497,0.000000
17.104399,0.000000
17.107302,0.000000
17.110204,0.000000
17.113107,0.000000
17.116009,0.000000
17.118912,0.000000
17.121814,0.000000
17.124717,0.000000
17.127619,0.000000
17.130522,0.000000
17.133424,0.000000
17.136327,0.000000
17.139229,0.000000
17.142132,0.000000
17.145034,0.000000
17.147937,0.000000
17.150839,0.000000
17.153741,0.000000
17.156644,0.000000
17.159546,0.000000
17.162449,0.000000
17.165351,0.000000
17.168254,0.000000
17.171156,0.000000
17.174059,0.000000
17.176961,0.000000
17.179864,0.000000
17.182766,0.000000
17.185669,0.000000
17.188571,0.000000
17.191474,0.000000
17.194376,0.000000
17.197279,0.000000
17.200181,0.000000
17.203084,0.000000
17.205986,0.000000
17.208889,0.000000
17.211791,0.000000
17.214694,0.000000
17.217596,0.000000
17.220499,0.000000
17.223401,0.000000
17.226304,0.000000
17.229206,0.000000
17.232109,0.000000
17.235011,0.000000
17.237914,0.000000
17.240816,0.000000
17.243719,0.000000
17.246621,0.000000
17.249524,0.000000
17.252426,0.000000
17.255329,0.000000
17.258231,0.000000
17.261134,0.000000
17.264036,0.000000
17.266939,0.000000
17.269841,0.000000
17.272744,0.000000
17.275646,0.000000
17.278549,0.000000
17.281451,0.000000
17.284354,0.000000
17.287256,0.000000
17.290159,0.000000
17.293061,0.000000
17.295964,0.000000
17.298866,0.000000
17.301769,0.000000
17.304671,0.000000
17.307574,0.000000
17.310476,0.000000
17.313379,0.000000
17.316281,0.000000
17.319184,0.000000
17.322086,0.000000
17.324989,0.000000
17.327891,0.000000
17.330794,0.000000
17.333696,0.000000
17.336599,0.000000
17.339501,0.000000
17.342404,0.000000
17.345306,0.000000
17.348209,0.000000
17.351111,0.000000
17.354014,0.000000
17.356916,0.000000
17.359819,0.000000
17.362721,0.000000
17.365624,0.000000
17.368526,0.000000
17.371429,0.000000
17.374331,0.000000
17.377234,0.000000
17.380136,295.426400
17.383039,294.914908
17.385941,297.221564
17.388844,297.393296
17.391746,294.657460
17.394649,293.468460
17.397551,528.420953
17.400454,528.726269
17.403356,529.337430
17.406259,528.091039
17.409161,525.049459
17.412063,525.960089
17.414966,525.960089
17.417868,525.859562
17.420771,525.859562
17.423673,526.467409
17.426576,526.746025
17.429478,526.137856
17.432381,526.441853
17.435283,526.392220
17.438186,525.784459
17.441088,525.480841
17.443991,524.571041
17.446893,523.656590
17.449796,522.749948
17.452698,523.051987
17.455601,523.037683
17.458503,522.433795
17.461406,522.132113
17.464308,522.132113
17.467211,522.061742
17.470113,521.760274
17.473016,521.760274
17.475918,521.607738
17.478821,522.210671
17.481723,521.909117
17.484626,521.607738
17.487528,521.406150
17.490431,521.707413
17.493333,521.707413
17.496236,522.074652
17.499138,522.678125
17.502041,522.678125
17.504943,522.678125
17.507846,522.908358
17.510748,523.210489
17.513651,523.210489
17.516553,523.655760
17.519456,523.958322
17.522358,524.261060
17.525261,524.886216
17.528163,525.189490
17.531066,525.796563
17.533968,526.708489
17.536871,526.987151
17.539773,527.291639
17.542676,527.291639
17.545578,527.739019
17.548481,527.739019
17.551383,528.043941
17.554286,529.265392
17.557188,530.821876
17.560091,532.049753
17.562993,532.972524
17.565896,532.924341
17.568798,533.540355
17.571701,533.540355
17.574603,532.309038
17.577506,532.279210
17.580408,531.664652
17.583311,531.050803
17.586213,530.348819
17.589116,530.042566
17.592018,529.430590
17.594921,528.208758
17.597823,527.688146
17.600726,527.688146
17.603628,527.078888
17.606531,526.364091
17.609433,525.452761
17.612336,525.149335
17.615238,524.514944
17.618141,523.606816
17.621043,523.304456
17.623946,523.002271
17.626848,522.636729
17.629751,522.334930
17.632653,522.334930
17.635556,522.324885
17.638458,522.023265
17.641361,521.721820
17.644263,521.420548
17.647166,522.234769
17.650068,522.536510
17.652971,521.933201
17.655873,522.188293
17.658776,522.188293
17.661678,522.490008
17.664580,522.188293
17.667483,523.015200
17.670385,523.317393
17.673288,523.619760
17.676190,523.899082
17.679093,524.201785
17.681995,524.504663
17.684898,525.717928
17.687800,526.232441
17.690703,526.232441
17.693605,526.536493
17.696508,526.926214
17.699410,527.535295
17.702313,527.840099
17.705215,527.296710
17.708118,528.211237
17.711020,528.516432
17.713923,529.127351
17.716825,529.588685
17.719728,529.588685
17.722630,529.894676
17.725533,530.135137
17.728435,529.829008
17.731338,529.829008
17.734240,529.829008
17.737143,529.465826
17.740045,529.160083
17.742948,528.854516
17.745850,528.648127
17.748753,528.037761
17.751655,527.428101
17.754558,527.428101
17.757460,527.096682
17.760363,526.792307
17.763265,526.488108
17.766168,525.939925
17.769070,525.636218
17.771973,525.332686
17.774875,524.726148
17.777778,524.294810
17.780680,524.294810
17.783583,523.992053
17.786485,523.942316
17.789388,524.245044
17.792290,524.547948
17.795193,524.430949
17.798095,524.430949
17.800998,524.430949
17.803900,524.733960
17.806803,525.061181
17.809705,525.668106
17.812608,525.971832
17.815510,526.281697
17.818413,526.281697
17.821315,526.585777
17.824218,526.585777
17.827120,526.712947
17.830023,526.408794
17.832925,526.408794
17.835828,525.717128
17.838730,525.110147
17.841633,523.293403
17.844535,523.595757
17.847438,522.865928
17.850340,521.358010
17.853243,520.154808
17.856145,519.825368
17.859048,519.825368
17.861950,519.225189
17.864853,518.625702
17.867755,520.275488
17.870658,522.081754
17.873560,522.383407
17.876463,522.418929
17.879365,525.445271
17.882268,525.748868
17.885170,526.704638
17.888073,525.489097
17.890975,521.859279
17.893878,522.462502
17.896780,525.458785
17.899683,523.640836
17.902585,525.155356
17.905488,463.841505
17.908390,464.109508
17.911293,464.377665
17.914195,464.645978
17.917098,464.765694
17.920000,465.034231
17.922902,465.034231
17.925805,465.616878
17.928707,465.079286
17.931610,464.810724
17.934512,465.079286
17.937415,465.072821
17.940317,465.341535
17.943220,464.804262
17.946122,465.458847
17.949025,465.727784
17.951927,465.458847
17.954830,465.727784
17.957732,465.413664
17.960635,465.144908
17.963537,465.144908
17.966440,465.540551
17.969342,465.540551
17.972245,465.540551
17.975147,464.981696
17.978050,464.981696
17.980952,464.981696
17.983855,465.250357
17.986757,465.707588
17.989660,465.438663
17.992562,465.438663
17.995465,465.743857
17.998367,465.743857
18.001270,466.012959
18.004172,466.012959
18.007075,466.119484
18.009977,465.581313
18.012880,465.581313
18.015782,465.423237
18.018685,465.154476
18.021587,465.154476
18.024490,465.423237
18.027392,465.644365
18.030295,465.644365
18.033197,465.644365
18.036100,465.769733
18.039002,466.038850
18.041905,465.769733
18.044807,465.769733
18.047710,465.812550
18.050612,466.081692
18.053515,466.350989
18.056417,466.235865
18.059320,465.697559
18.062222,465.428639
18.065125,465.411671
18.068027,465.411671
18.070930,465.680581
18.073832,465.949647
18.076735,465.970170
18.079637,465.970170
18.082540,465.970170
18.085442,465.956622
18.088345,465.418638
18.091247,465.687552
18.094150,465.687552
18.097052,466.108581
18.099955,465.839424
18.102857,465.839424
18.105760,465.684604
18.108662,465.953672
18.111565,465.953672
18.114467,466.222895
18.117370,466.061124
18.120272,465.791994
18.123175,465.523020
18.126077,465.780769
18.128980,465.780769
18.131882,465.780769
18.134785,465.780769
18.137687,465.831859
18.140590,465.831859
18.143492,466.101012
18.146395,466.084007
18.149297,466.353305
18.152200,466.084007
18.155102,466.290494
18.158005,466.290494
18.160907,466.290494
18.163810,466.021232
18.166712,466.121064
18.169615,466.121064
18.172517,466.121064
18.175420,466.286394
18.178322,466.286394
18.181224,466.286394
18.184127,466.017134
18.187029,465.923936
18.189932,465.923936
18.192834,465.923936
18.195737,465.865720
18.198639,465.865720
18.201542,465.865720
18.204444,465.865720
18.207347,465.811052
18.210249,465.811052
18.213152,465.811052
18.216054,466.141114
18.218957,466.141114
18.221859,466.141114
18.224762,465.871938
18.227664,465.821308
18.230567,465.821308
18.233469,465.821308
18.236372,465.988049
18.239274,465.718961
18.242177,465.718961
18.245079,465.433906
18.247982,465.433906
18.250884,465.433906
18.253787,465.702829
18.256689,465.560775
18.259592,465.560775
18.262494,465.291934
18.265397,465.040579
18.268299,465.309274
18.271202,465.309274
18.274104,464.772038
18.277007,464.381788
18.279909,464.381788
18.282812,464.381788
18.285714,464.241393
18.288617,463.705390
18.291519,463.170006
18.294422,462.635240
18.297324,462.024981
18.300227,461.758182
18.303129,461.491537
18.306032,460.923880
18.308934,459.860149
18.311837,460.657717
18.314739,463.593985
18.317642,446.925617
18.320544,446.925617
18.323447,447.700752
18.326349,442.436498
18.329252,0.000000
18.332154,0.000000
18.335057,0.000000
18.337959,0.000000
18.340862,0.000000
18.343764,0.000000
18.346667,0.000000
18.349569,0.000000
18.352472,0.000000
18.355374,0.000000
18.358277,0.000000
18.361179,0.000000
18.364082,0.000000
18.366984,0.000000
18.369887,0.000000
18.372789,0.000000
18.375692,0.000000
18.378594,440.958543
18.381497,441.213325
18.384399,441.723329
18.387302,441.175270
18.390204,441.940432
18.393107,441.685231
18.396009,442.263320
18.398912,442.774538
18.401814,442.518856
18.404717,442.263320
18.407619,442.237657
18.410522,442.237657
18.413424,441.727059
18.416327,441.697099
18.419229,441.952307
18.422132,441.952307
18.425034,442.157137
18.427937,441.646632
18.430839,442.157137
18.433741,442.157137
18.436644,442.364907
18.439546,442.876243
18.442449,442.620501
18.445351,442.384653
18.448254,443.151911
18.451156,442.896011
18.454059,441.363707
18.456961,440.902371
18.459864,441.412016
18.462766,440.647770
18.465669,440.996423
18.468571,0.000000
18.471474,0.000000
18.474376,0.000000
18.477279,0.000000
18.480181,0.000000
18.483084,0.000000
18.485986,0.000000
18.488889,0.000000
18.491791,0.000000
18.494694,0.000000
18.497596,0.000000
18.500499,0.000000
18.503401,0.000000
18.506304,0.000000
18.509206,0.000000
18.512109,0.000000
18.515011,0.000000
18.517914,0.000000
18.520816,0.000000
18.523719,0.000000
18.526621,0.000000
18.529524,0.000000
18.532426,0.000000
18.535329,0.000000
18.538231,0.000000
18.541134,0.000000
18.544036,0.000000
18.546939,0.000000
18.549841,393.087474
18.552744,393.314595
18.555646,393.035107
18.558549,393.262198
18.561451,393.262198
18.564354,393.262198
18.567256,392.980268
18.570159,392.980268
18.573061,393.207328
18.575964,393.016371
18.578866,391.882932
18.581769,391.430473
18.584671,392.109358
18.587574,392.534040
18.590476,392.307369
18.593379,392.760842
18.596281,392.686428
18.599184,392.233041
18.602086,392.686428
18.604989,393.822190
18.607891,392.942149
18.610794,392.942149
18.613696,393.169187
18.616599,393.446709
18.619501,393.446709
18.622404,392.992444
18.625306,393.296084
18.628209,393.296084
18.631111,393.068973
18.634014,393.068973
18.636916,393.219499
18.639819,392.992432
18.642721,392.992432
18.645624,393.271235
18.648526,393.498463
18.651429,393.271235
18.654331,393.044138
18.657234,393.039991
18.660136,393.039991
18.663039,393.039991
18.665941,393.182838
18.668844,393.182838
18.671746,392.728878
18.674649,392.275442
18.677551,392.449778
18.680454,392.223156
18.683356,392.449778
18.686259,392.385809
18.689161,392.385809
18.692063,391.932768
18.694966,391.932768
18.697868,392.203217
18.700771,388.595188
18.703673,390.620600
18.706576,386.620747
18.709478,392.924572
18.712381,391.791398
18.715283,391.384785
18.718186,388.232530
18.721088,384.883281
18.723991,391.610923
18.726893,387.449576
18.729796,0.000000
18.732698,380.353768
18.735601,377.823313
18.738503,377.823313
18.741406,377.823313
18.744308,377.823313
18.747211,376.053440
18.750113,376.923313
18.753016,376.270720
18.755918,375.732368
18.758821,375.298556
18.761723,375.298556
18.764626,375.081837
18.767528,374.136179
18.770431,374.136179
18.773333,374.136179
18.776236,372.882082
18.779138,372.236486
18.782041,372.236486
18.784943,372.236486
18.787846,371.895862
18.790748,371.895862
18.793651,371.681108
18.796553,371.830619
18.799456,371.186844
18.802358,370.972500
18.805261,371.080687
18.808163,371.509624
18.811066,371.939056
18.813968,371.939056
18.816871,372.397723
18.819773,372.828183
18.822676,372.828183
18.825578,372.720105
18.828481,372.935459
18.831383,372.935459
18.834286,372.935459
18.837188,373.705334
18.840091,374.353477
18.842993,375.219418
18.845896,375.824357
18.848798,375.824357
18.851701,374.740499
18.854603,375.607335
18.857506,376.191185
18.860408,376.408545
18.863311,377.715341
18.866213,377.268929
18.869116,378.141613
18.872018,380.112540
18.874921,380.551917
18.877823,379.808193
18.880726,379.808193
18.883628,379.808193
18.886531,379.121007
18.889433,379.121007
18.892336,379.121007
18.895238,377.984389
18.898141,377.329959
18.901043,376.894302
18.903946,377.329959
18.906848,377.228199
18.909751,377.446157
18.912653,375.923088
18.915556,375.094789
18.918458,375.962444
18.921361,376.179671
18.924263,374.445362
18.927166,374.136379
18.930068,374.785270
18.932971,0.000000
18.935873,0.000000
18.938776,0.000000
18.941678,0.000000
18.944580,0.000000
18.947483,0.000000
18.950385,0.000000
18.953288,0.000000
18.956190,0.000000
18.959093,0.000000
18.961995,0.000000
18.964898,0.000000
18.967800,0.000000
18.970703,0.000000
18.973605,0.000000
18.976508,0.000000
18.979410,0.000000
18.982313,0.000000
18.985215,0.000000
18.988118,0.000000
18.991020,0.000000
18.993923,0.000000
18.996825,0.000000
18.999728,0.000000
19.002630,0.000000
19.005533,0.000000
19.008435,0.000000
19.011338,0.000000
19.014240,0.000000
19.017143,0.000000
19.020045,0.000000
19.022948,0.000000
19.025850,0.000000
19.028753,0.000000
19.031655,0.000000
19.034558,0.000000
19.037460,0.000000
19.040363,0.000000
19.043265,0.000000
19.046168,0.000000
19.049070,0.000000
19.051973,0.000000
19.054875,0.000000
19.057778,0.000000
19.060680,0.000000
19.063583,0.000000
19.066485,0.000000
19.069388,0.000000
19.072290,0.000000
19.075193,0.000000
19.078095,0.000000
19.080998,0.000000
19.083900,0.000000
19.086803,0.000000
19.089705,0.000000
19.092608,0.000000
19.095510,0.000000
19.098413,0.000000
19.101315,0.000000
19.104218,0.000000
19.107120,0.000000
19.110023,0.000000
19.112925,0.000000
19.115828,0.000000
19.118730,0.000000
19.121633,0.000000
19.124535,0.000000
19.127438,0.000000
19.130340,0.000000
19.133243,0.000000
19.136145,0.000000
19.139048,0.000000
19.141950,387.211810
19.144853,387.211810
19.147755,389.918059
19.150658,394.676597
19.153560,393.993266
19.156463,393.830991
19.159365,394.286225
19.162268,394.970063
19.165170,394.535729
19.168073,394.991778
19.170975,394.763687
19.173878,394.991778
19.176780,395.075410
19.179683,395.532083
19.182585,395.532083
19.185488,395.620557
19.188390,395.163782
19.191293,394.707535
19.194195,394.251814
19.197098,393.826223
19.200000,393.598806
19.202902,393.371520
19.205805,393.026661
19.208707,392.572881
19.211610,392.119625
19.214512,391.893193
19.217415,391.463653
19.220317,391.237600
19.223220,390.785885
19.226122,390.587786
19.229025,390.362238
19.231927,389.686378
19.234830,389.686378
19.237732,388.451797
19.240635,388.900813
19.243537,388.900813
19.246440,389.328191
19.249342,389.328191
19.252245,389.103371
19.255147,389.390834
19.258050,390.066182
19.260952,390.517065
19.263855,0.000000
19.266757,0.000000
19.269660,390.756476
19.272562,390.982251
19.275465,391.287772
19.278367,392.192884
19.281270,392.873092
19.284172,393.781871
19.287075,394.114687
19.289977,394.570249
19.292880,394.798227
19.295782,395.082539
19.298685,395.767759
19.301587,395.996429
19.304490,396.454166
19.307392,397.261001
19.310295,398.409994
19.313197,398.870521
19.316100,399.237752
19.319002,399.237752
19.321905,399.237752
19.324807,399.237752
19.327710,399.429836
19.330612,399.660622
19.333515,400.353782
19.336417,400.751391
19.339320,399.826528
19.342222,399.134281
19.345125,399.027304
19.348027,398.796883
19.350930,398.336441
19.353832,398.336441
19.356735,398.453869
19.359637,397.993822
19.362540,397.304749
19.365442,396.833146
19.368345,396.374971
19.371247,395.688700
19.374150,395.003618
19.377052,393.728965
19.379955,393.274374
19.382857,393.047276
19.385760,392.956932
19.388662,392.730017
19.391565,392.503233
19.394467,392.050057
19.397370,391.354154
19.400272,391.354154
19.403175,391.354154
19.406077,391.881574
19.408980,391.655280
19.411882,391.655280
19.414785,392.107999
19.417687,392.029783
19.420590,392.256293
19.423492,392.482935
19.426395,392.941582
19.429297,393.395788
19.432200,393.395788
19.435102,393.243488
19.438005,392.789458
19.440907,393.243488
19.443810,393.698043
19.446712,393.755197
19.449615,394.210344
19.452517,394.438115
19.455420,394.481210
19.458322,394.937196
19.461224,394.709137
19.464127,395.165387
19.467029,395.111499
19.469932,395.568213
19.472834,395.796768
19.475737,395.900424
19.478639,395.900424
19.481542,396.358051
19.484444,396.816206
19.487347,396.563457
19.490249,396.563457
19.493152,396.563457
19.496054,396.315108
19.498957,396.086253
19.501859,396.086253
19.504762,396.544095
19.507664,396.386142
19.510567,395.928483
19.513469,395.699852
19.516372,395.658315
19.519274,395.886922
19.522177,396.344533
19.525079,396.137596
19.527982,395.908844
19.530884,395.680224
19.533787,395.908844
19.536689,395.727634
19.539592,396.185061
19.542494,396.643016
19.545397,396.443680
19.548299,395.072089
19.551202,393.932722
19.554104,395.985955
19.557007,395.471914
19.559909,395.243546
19.562812,395.929045
19.565714,394.596512
19.568617,395.280888
19.571519,396.653204
19.574422,396.195237
19.577324,0.000000
19.580227,0.000000
19.583129,0.000000
19.586032,0.000000
19.588934,0.000000
19.591837,0.000000
19.594739,0.000000
19.597642,0.000000
19.600544,0.000000
19.603447,0.000000
19.606349,0.000000
19.609252,0.000000
19.612154,0.000000
19.615057,0.000000
19.617959,0.000000
19.620862,0.000000
19.623764,0.000000
19.626667,0.000000
19.629569,0.000000
19.632472,290.853693
19.635374,290.113638
19.638277,290.448984
19.641179,290.784718
19.644082,291.457350
19.646984,290.591608
19.649887,290.759509
19.652789,291.263793
19.655692,291.376713
19.658594,291.882068
19.661497,292.557239
19.664399,293.912268
19.667302,292.448107
19.670204,293.293952
19.673107,293.972388
19.676009,294.042680
19.678912,293.025370
19.681814,292.856161
19.684717,295.063523
19.687619,295.286752
19.690522,294.945820
19.693424,294.265137
19.696327,295.244346
19.699229,295.585623
19.702132,294.733170
19.705034,294.776766
19.707937,295.458632
19.710839,295.117502
19.713741,294.947085
19.716644,295.381719
19.719546,295.040677
19.722449,294.700030
19.725351,294.646384
19.728254,295.327948
19.731156,294.816627
19.734059,294.816627
19.736961,295.396565
19.739864,295.055507
19.742766,294.714842
19.745669,294.910189
19.748571,295.251080
19.751474,294.910189
19.754376,294.910189
19.757279,295.000974
19.760181,294.830624
19.763084,294.490219
19.765986,294.198254
19.768889,294.538322
19.771791,294.538322
19.774694,294.538322
19.777596,294.410735
19.780499,294.580842
19.783401,294.580842
19.786304,294.764510
19.789206,294.764510
19.792109,294.764510
19.795011,294.633078
19.797914,294.803314
19.800816,294.803314
19.803719,294.633078
19.806621,294.721122
19.809524,295.061794
19.812426,294.721122
19.815329,294.586739
19.818231,294.756948
19.821134,294.927256
19.824036,294.927256
19.826939,295.183733
19.829841,295.183733
19.832744,294.842920
19.835646,294.837976
19.838549,294.837976
19.841451,295.008330
19.844354,295.178783
19.847256,295.022748
19.850159,295.022748
19.853061,295.022748
19.855964,294.814231
19.858866,294.984571
19.861769,294.814231
19.864671,294.814231
19.867574,294.826162
19.870476,294.826162
19.873379,294.996510
19.876281,295.029421
19.879184,295.029421
19.882086,294.859054
19.884989,295.029421
19.887891,295.043430
19.890794,294.873055
19.893696,295.043430
19.896599,295.077835
19.899501,294.907441
19.902404,294.907441
19.905306,294.919369
19.908209,295.089770
19.911111,294.919369
19.914014,294.919369
19.916916,294.918714
19.919819,294.918714
19.922721,295.089115
19.925624,295.235595
19.928526,294.894723
19.931429,294.894723
19.934331,294.894723
19.937234,294.931258
19.940136,294.931258
19.943039,295.101666
19.945941,295.113228
19.948844,294.942813
19.951746,295.113228
19.954649,295.113228
19.957551,295.043121
19.960454,295.213594
19.963356,295.213594
19.966259,295.183295
19.969161,295.012840
19.972063,295.012840
19.974966,295.183295
19.977868,295.185974
19.980771,295.185974
19.983673,295.185974
19.986576,295.142284
19.989478,294.971853
19.992381,294.801519
19.995283,294.965454
19.998186,294.965454
20.001088,294.965454
20.003991,294.965454
20.006893,295.067539
20.009796,295.067539
20.012698,294.897150
20.015601,295.146687
20.018503,295.146687
20.021406,294.976253
20.024308,294.976253
20.027211,295.164784
20.030113,295.164784
20.033016,294.994340
20.035918,295.002842
20.038821,295.173292
20.041723,295.002842
20.044626,295.002842
20.047528,295.121757
20.050431,295.121757
20.053333,294.951337
20.056236,294.939833
20.059138,295.110246
20.062041,295.110246
20.064943,295.110246
20.067846,295.312834
20.070748,295.142304
20.073651,295.142304
20.076553,295.209946
20.079456,295.209946
20.082358,295.209946
20.085261,295.027577
20.088163,295.027577
20.091066,295.198041
20.093968,295.198041
20.096871,295.230834
20.099773,295.230834
20.102676,295.230834
20.105578,295.172854
20.108481,295.172854
20.111383,295.002405
20.114286,295.002405
20.117188,295.133660
20.120091,295.133660
20.122993,294.963234
20.125896,295.103934
20.128798,295.103934
20.131701,295.103934
20.134603,294.933524
20.137506,295.123316
20.140408,295.123316
20.143311,295.123316
20.146213,295.052387
20.149116,295.052387
20.152018,295.052387
20.154921,295.052387
20.157823,295.101983
20.160726,295.101983
20.163628,294.931575
20.166531,294.930947
20.169433,294.930947
20.172336,294.930947
20.175238,295.051558
20.178141,295.051558
20.181043,295.051558
20.183946,295.051558
20.186848,294.892426
20.189751,294.892426
20.192653,295.062812
20.195556,295.056705
20.198458,294.886323
20.201361,295.056705
20.204263,295.056705
20.207166,295.025811
20.210068,295.025811
20.212971,295.025811
20.215873,295.034104
20.218776,295.034104
20.221678,295.034104
20.224580,295.034104
20.227483,295.135214
20.230385,295.135214
20.233288,295.135214
20.236190,295.150810
20.239093,295.150810
20.241995,295.150810
20.244898,294.980373
20.247800,295.163238
20.250703,294.992794
20.253605,295.163238
20.256508,295.314852
20.259410,294.973888
20.262313,294.973888
20.265215,295.115117
20.268118,295.285631
20.271020,295.115117
20.273923,295.285631
20.276825,295.356188
20.279728,295.185633
20.282630,295.015177
20.285533,295.146851
20.288435,295.317384
20.291338,295.146851
20.294240,295.146851
20.297143,295.275596
20.300045,295.105088
20.302948,295.105088
20.305850,295.240841
20.308753,295.070352
20.311655,295.070352
20.314558,295.070352
20.317460,295.061051
20.320363,295.061051
20.323265,295.061051
20.326168,295.047143
20.329070,295.388192
20.331973,295.047143
20.334875,295.047143
20.337778,295.086544
20.340680,295.257042
20.343583,295.257042
20.346485,295.078624
20.349388,295.078624
20.352290,295.078624
20.355193,295.067295
20.358095,295.237781
20.360998,295.237781
20.363900,295.237781
20.366803,295.239336
20.369705,295.239336
20.372608,295.239336
20.375510,295.234706
20.378413,295.234706
20.381315,295.234706
20.384218,295.234706
20.387120,295.289766
20.390023,295.289766
20.392925,295.289766
20.395828,295.197704
20.398730,295.197704
20.401633,295.197704
20.404535,295.027240
20.407438,294.831393
20.410340,295.001743
20.413243,295.001743
20.416145,294.981122
20.419048,295.151559
20.421950,295.151559
20.424853,295.322094
20.427755,295.263234
20.430658,295.433834
20.433560,295.092732
20.436463,295.127099
20.439365,295.127099
20.442268,295.127099
20.445170,295.132224
20.448073,295.132224
20.450975,295.132224
20.453878,0.000000
20.456780,0.000000
20.459683,0.000000
20.462585,0.000000
20.465488,0.000000
20.468390,0.000000
20.471293,0.000000
20.474195,0.000000
20.477098,0.000000
20.480000,0.000000
20.482902,0.000000
20.485805,0.000000
20.488707,0.000000
20.491610,0.000000
20.494512,0.000000
20.497415,0.000000
20.500317,0.000000
20.503220,0.000000
20.506122,0.000000
20.509025,0.000000
20.511927,0.000000
20.514830,0.000000
20.517732,0.000000
20.520635,0.000000
20.523537,0.000000
20.526440,0.000000
20.529342,0.000000
20.532245,0.000000
20.535147,0.000000
20.538050,0.000000
20.540952,0.000000
20.543855,0.000000
20.546757,0.000000
20.549660,0.000000
20.552562,0.000000
20.555465,0.000000
20.558367,0.000000
20.561270,0.000000
20.564172,0.000000
20.567075,0.000000
20.569977,0.000000
20.572880,0.000000
20.575782,0.000000
20.578685,0.000000
20.581587,0.000000
20.584490,0.000000
20.587392,0.000000
20.590295,0.000000
20.593197,0.000000
20.596100,0.000000
20.599002,0.000000
20.601905,0.000000
20.604807,0.000000
20.607710,0.000000
20.610612,0.000000
20.613515,0.000000
20.616417,0.000000
20.619320,0.000000
20.622222,0.000000
20.625125,0.000000
20.628027,0.000000
20.630930,0.000000
20.633832,0.000000
20.636735,0.000000
20.639637,0.000000
20.642540,0.000000
20.645442,0.000000
20.648345,0.000000
20.651247,0.000000
20.654150,0.000000
20.657052,0.000000
20.659955,0.000000
20.662857,0.000000
20.665760,0.000000
20.668662,0.000000
20.671565,0.000000
20.674467,0.000000
20.677370,0.000000
20.680272,0.000000
20.683175,0.000000
20.686077,0.000000
20.688980,0.000000
20.691882,0.000000
20.694785,0.000000
20.697687,0.000000
20.700590,0.000000
20.703492,0.000000
20.706395,0.000000
20.709297,0.000000
20.712200,0.000000
20.715102,0.000000
20.718005,0.000000
20.720907,0.000000
20.723810,0.000000
20.726712,0.000000
20.729615,0.000000
20.732517,0.000000
20.735420,0.000000
20.738322,0.000000
20.741224,0.000000
20.744127,0.000000
20.747029,0.000000
20.749932,0.000000
20.752834,0.000000
20.755737,0.000000
20.758639,0.000000
20.761542,0.000000
20.764444,0.000000
20.767347,0.000000
20.770249,0.000000
20.773152,0.000000
20.776054,0.000000
20.778957,0.000000
20.781859,0.000000
20.784762,0.000000
20.787664,0.000000
20.790567,0.000000
20.793469,0.000000
20.796372,0.000000
20.799274,0.000000
20.802177,0.000000
20.805079,0.000000
20.807982,0.000000
20.810884,0.000000
20.813787,0.000000
20.816689,0.000000
20.819592,0.000000
20.822494,0.000000
20.825397,0.000000
20.828299,0.000000
20.831202,0.000000
20.834104,0.000000
20.837007,0.000000
20.839909,0.000000
20.842812,0.000000
20.845714,0.000000
20.848617,0.000000
20.851519,0.000000
20.854422,0.000000
20.857324,0.000000
20.860227,0.000000
20.863129,0.000000
20.866032,0.000000
20.868934,0.000000
20.871837,0.000000
20.874739,0.000000
20.877642,0.000000
20.880544,0.000000
20.883447,0.000000
20.886349,0.000000
20.889252,0.000000
20.892154,0.000000
20.895057,0.000000
20.897959,0.000000
20.900862,0.000000
20.903764,0.000000
20.906667,0.000000
20.909569,0.000000
20.912472,0.000000
20.915374,0.000000
20.918277,0.000000
20.921179,0.000000
20.924082,0.000000
20.926984,0.000000
20.929887,0.000000
20.932789,0.000000
20.935692,0.000000
20.938594,0.000000
20.941497,0.000000
20.944399,0.000000
20.947302,0.000000
20.950204,0.000000
20.953107,0.000000
20.956009,0.000000
20.958912,0.000000
20.961814,0.000000
20.964717,0.000000
20.967619,0.000000
20.970522,0.000000
20.973424,0.000000
20.976327,0.000000
20.979229,0.000000
20.982132,0.000000
20.985034,0.000000
20.987937,0.000000
20.990839,0.000000
20.993741,0.000000
20.996644,0.000000
20.999546,0.000000
21.002449,0.000000
21.005351,0.000000
21.008254,0.000000
21.011156,0.000000
21.014059,0.000000
21.016961,0.000000
21.019864,0.000000
21.022766,0.000000
21.025669,0.000000
21.028571,0.000000
21.031474,0.000000
21.034376,0.000000
21.037279,0.000000
21.040181,0.000000
21.043084,0.000000
21.045986,0.000000
21.048889,0.000000
21.051791,0.000000
21.054694,0.000000
21.057596,0.000000
21.060499,0.000000
21.063401,0.000000
21.066304,517.851382
21.069206,517.851382
21.072109,517.253482
21.075011,516.531030
21.077914,516.829477
21.080816,516.232756
21.083719,516.232756
21.086621,516.376830
21.089524,516.376830
21.092426,516.973716
21.095329,516.850554
21.098231,517.149184
21.101134,517.746964
21.104036,518.345434
21.106939,518.807760
21.109841,518.807760
21.112744,518.807760
21.115646,518.970430
21.118549,519.870517
21.121451,519.870517
21.124354,520.170893
21.127256,520.180491
21.130159,520.781774
21.133061,521.383752
21.135964,522.098751
21.138866,522.098751
21.141769,522.098751
21.144671,523.004264
21.147574,523.540270
21.150476,524.145437
21.153379,524.145437
21.156281,523.269839
21.159184,524.177383
21.162086,525.693455
21.164989,526.605202
21.167891,527.112491
21.170794,527.721787
21.173696,528.026699
21.176599,528.767921
21.179501,529.379131
21.182404,530.297270
21.185306,532.506758
21.188209,533.122289
21.191111,533.122289
21.194014,533.738532
21.196916,533.550213
21.199819,533.550213
21.202721,533.550213
21.205624,533.819742
21.208526,533.511484
21.211429,531.665675
21.214331,531.358661
21.217234,530.955858
21.220136,530.955858
21.223039,530.342828
21.225941,529.384588
21.228844,528.773372
21.231746,527.248418
21.234649,526.943955
21.237551,526.166725
21.240454,525.862887
21.243356,525.255737
21.246259,524.123673
21.249161,522.914088
21.252063,522.310342
21.254966,522.612128
21.257868,522.867261
21.260771,522.263569
21.263673,521.058277
21.266576,520.942974
21.269478,519.740730
21.272381,518.840868
21.275283,517.968302
21.278186,518.866651
21.281088,518.866651
21.283991,519.166446
21.286893,519.156060
21.289796,519.156060
21.292698,519.756159
21.295601,520.277341
21.298503,521.179695
21.301406,520.878736
21.304308,520.878736
21.307211,520.624415
21.310113,521.226211
21.313016,521.527370
21.315918,522.327010
21.318821,522.327010
21.321723,523.535237
21.324626,524.746259
21.327528,524.419064
21.330431,524.116235
21.333333,524.419064
21.336236,525.830981
21.339138,525.830981
21.342041,526.742966
21.344943,527.047313
21.347846,527.471526
21.350748,528.386357
21.353651,529.608600
21.356553,530.127985
21.359456,531.047423
21.362358,530.434287
21.365261,530.264804
21.368163,529.652572
21.371066,529.652572
21.373968,528.430228
21.376871,528.996949
21.379773,528.386181
21.382676,527.776118
21.385578,527.104423
21.388481,527.408978
21.391383,526.800043
21.394286,525.584282
21.397188,524.710801
21.400091,523.499861
21.402993,523.197563
21.405896,522.219897
21.408798,522.219897
21.411701,522.521630
21.414603,521.918338
21.417506,521.566941
21.420408,522.471531
21.423311,522.773409
21.426213,521.245215
21.429116,520.944219
21.432018,521.245215
21.434921,521.847729
21.437823,521.572399
21.440726,521.873759
21.443628,522.175292
21.446531,522.365666
21.449433,522.667484
21.452336,523.271642
21.455238,522.333789
21.458141,522.333789
21.461043,523.239709
21.463946,523.542031
21.466848,523.480953
21.469751,523.783415
21.472653,524.388863
21.475556,525.239260
21.478458,525.846391
21.481361,526.150220
21.484263,526.150220
21.487166,526.459023
21.490068,526.763206
21.492971,526.763206
21.495873,525.567216
21.498776,525.567216
21.501678,525.567216
21.504580,525.263724
21.507483,525.865822
21.510385,526.777868
21.513288,527.386777
21.516190,526.779968
21.519093,527.388879
21.521995,527.693599
21.524898,528.303567
21.527800,527.404105
21.530703,526.490974
21.533605,525.579425
21.536508,524.585488
21.539410,524.585488
21.542313,524.282563
21.545215,523.696792
21.548118,527.034876
21.551020,527.034876
21.553923,527.948949
21.556825,526.660039
21.559728,525.748197
21.562630,523.324329
21.565533,524.557101
21.568435,523.346515
21.571338,521.234710
21.574240,526.074271
21.577143,522.867792
21.580045,529.248841
21.582948,0.000000
21.585850,464.062263
21.588753,465.135714
21.591655,464.598678
21.594558,464.867118
21.597460,463.677279
21.600363,462.607193
21.603265,462.607193
21.606168,462.980638
21.609070,462.713287
21.611973,462.980638
21.614875,463.248143
21.617778,463.751313
21.620680,464.287369
21.623583,464.287369
21.626485,464.151857
21.629388,464.420039
21.632290,464.420039
21.635193,464.265699
21.638095,463.997606
21.640998,463.997606
21.643900,463.997606
21.646803,464.018206
21.649705,463.482460
21.652608,463.750256
21.655510,463.697330
21.658413,463.697330
21.661315,463.965249
21.664218,463.965249
21.667120,463.992537
21.670023,463.724602
21.672925,463.724602
21.675828,463.553104
21.678730,464.088931
21.681633,464.088931
21.684535,463.820940
21.687438,464.034809
21.690340,464.034809
21.693243,464.302924
21.696145,464.377662
21.699048,464.645975
21.701950,464.377662
21.704853,464.377662
21.707755,464.424278
21.710658,464.692617
21.713560,464.424278
21.716463,464.395468
21.719365,464.127300
21.722268,463.859287
21.725170,463.729913
21.728073,463.997851
21.730975,464.265944
21.733878,464.265944
21.736780,464.473763
21.739683,464.205550
21.742585,464.205550
21.745488,464.123385
21.748390,464.123385
21.751293,464.123385
21.754195,464.391550
21.757098,464.574888
21.760000,464.574888
21.762902,464.574888
21.765805,464.261434
21.768707,464.261434
21.771610,464.261434
21.774512,464.261434
21.777415,464.489056
21.780317,464.489056
21.783220,464.489056
21.786122,464.558729
21.789025,464.290467
21.791927,464.290467
21.794830,464.290467
21.797732,464.327789
21.800635,464.327789
21.803537,464.596073
21.806440,464.592159
21.809342,464.860596
21.812245,464.860596
21.815147,464.912758
21.818050,464.912758
21.820952,464.912758
21.823855,464.912758
21.826757,464.843258
21.829660,464.843258
21.832562,464.843258
21.835465,465.060434
21.838367,465.060434
21.841270,465.060434
21.844172,464.791882
21.847075,464.727947
21.849977,464.727947
21.852880,464.996461
21.855782,464.786695
21.858685,464.786695
21.861587,465.055244
21.864490,465.055244
21.867392,464.868596
21.870295,464.868596
21.873197,465.137192
21.876100,465.283123
21.879002,465.283123
21.881905,465.283123
21.884807,465.014443
21.887710,464.986588
21.890612,465.255252
21.893515,465.255252
21.896417,465.203968
21.899320,465.203968
21.902222,465.203968
21.905125,465.157872
21.908027,464.889264
21.910930,464.889264
21.913832,465.157872
21.916735,464.986896
21.919637,464.986896
21.922540,464.718386
21.925442,464.979766
21.928345,464.979766
21.931247,464.711261
21.934150,464.442910
21.937052,464.473833
21.939955,464.742201
21.942857,464.742201
21.945760,464.814316
21.948662,464.814316
21.951565,464.545906
21.954467,464.545906
21.957370,464.487362
21.960272,464.755738
21.963175,464.487362
21.966077,464.452003
21.968980,464.452003
21.971882,464.183803
21.974785,464.183803
21.977687,464.088534
21.980590,463.820543
21.983492,463.552708
21.986395,463.629955
21.989297,463.362229
21.992200,463.094658
21.995102,462.888540
21.998005,462.354099
22.000907,461.553594
22.003810,461.020694
22.006712,460.735879
22.009615,461.534965
22.012517,461.268449
22.015420,459.131547
22.018322,458.071952
22.021224,456.750897
22.024127,460.725536
22.027029,445.695434
22.029932,447.242776
22.032834,447.759750
22.035737,447.391365
22.038639,446.358865
22.041542,0.000000
22.044444,0.000000
22.047347,0.000000
22.050249,0.000000
22.053152,0.000000
22.056054,0.000000
22.058957,0.000000
22.061859,0.000000
22.064762,0.000000
22.067664,0.000000
22.070567,0.000000
22.073469,0.000000
22.076372,0.000000
22.079274,0.000000
22.082177,0.000000
22.085079,0.000000
22.087982,0.000000
22.090884,0.000000
22.093787,0.000000
22.096689,0.000000
22.099592,0.000000
22.102494,442.228490
22.105397,441.654375
22.108299,442.164889
22.111202,442.420368
22.114104,442.675994
22.117007,442.649142
22.119909,442.904900
22.122812,442.904900
22.125714,443.325073
22.128617,443.325073
22.131519,443.069072
22.134422,443.325073
22.137324,443.603721
22.140227,442.835680
22.143129,442.579962
22.146032,442.685500
22.148934,442.941279
22.151837,443.709503
22.154739,443.197206
22.157642,442.826200
22.160544,442.826200
22.163447,443.338069
22.166349,443.131383
22.169252,442.875495
22.172154,442.619753
22.175057,442.979147
22.177959,443.235095
22.180862,443.235095
22.183764,443.235095
22.186667,443.427215
22.189569,443.171156
22.192472,442.659480
22.195374,442.509381
22.198277,442.509381
22.201179,443.020883
22.204082,442.765058
22.206984,443.051129
22.209887,443.307119
22.212789,442.028645
22.215692,442.555108
22.218594,445.633322
22.221497,445.890804
22.224399,445.118803
22.227302,441.341027
22.230204,442.106476
22.233107,442.106476
22.236009,443.330815
22.238912,444.356311
22.241814,443.843267
22.244717,0.000000
22.247619,0.000000
22.250522,0.000000
22.253424,0.000000
22.256327,0.000000
22.259229,0.000000
22.262132,0.000000
22.265034,391.831402
22.267937,392.057798
22.270839,391.379002
22.273741,390.024933
22.276644,391.880576
22.279546,392.560242
22.282449,392.560242
22.285351,391.801828
22.288254,394.527025
22.291156,392.935032
22.294059,393.162066
22.296961,392.668822
22.299864,393.804534
22.302766,393.577129
22.305669,394.122461
22.308571,394.122461
22.311474,394.122461
22.314376,394.122461
22.317279,394.367056
22.320181,394.367056
22.323084,394.594917
22.325986,394.611715
22.328889,394.839717
22.331791,394.611715
22.334694,394.611715
22.337596,394.549813
22.340499,394.777780
22.343401,394.549813
22.346304,394.525233
22.349206,394.753185
22.352109,394.753185
22.355011,394.636674
22.357914,394.636674
22.360816,394.636674
22.363719,394.864691
22.366621,394.973141
22.369524,394.973141
22.372426,394.973141
22.375329,395.057279
22.378231,395.285539
22.381134,395.057279
22.384036,395.057279
22.386939,395.074462
22.389841,394.846324
22.392744,395.074462
22.395646,395.115994
22.398549,394.887832
22.401451,394.887832
22.404354,395.115994
22.407256,395.686401
22.410159,395.686401
22.413061,395.457909
22.415964,395.257433
22.418866,394.801078
22.421769,394.573098
22.424671,394.801078
22.427574,394.351482
22.430476,394.123761
22.433379,393.896172
22.436281,394.279827
22.439184,393.369899
22.442086,392.915723
22.444989,392.235441
22.447891,393.849243
22.450794,391.807090
22.453696,392.259985
22.456599,392.226505
22.459501,393.588217
22.462404,0.000000
22.465306,0.000000
22.468209,0.000000
22.471111,0.000000
22.474014,0.000000
22.476916,0.000000
22.479819,0.000000
22.482721,0.000000
22.485624,374.897695
22.488526,374.681208
22.491429,374.681208
22.494331,375.114307
22.497234,375.072300
22.500136,375.939902
22.503039,375.939902
22.505941,375.323850
22.508844,374.674027
22.511746,374.241436
22.514649,374.025328
22.517551,373.800216
22.520454,373.153031
22.523356,372.291859
22.526259,371.959256
22.529161,372.174170
22.532063,371.744466
22.534966,371.744466
22.537868,371.439365
22.540771,371.224875
22.543673,370.796267
22.546576,370.610390
22.549478,370.824525
22.552381,371.038784
22.555283,371.062359
22.558186,371.062359
22.561088,371.276754
22.563991,371.491274
22.566893,371.834697
22.569796,372.049540
22.572698,372.479597
22.575601,372.518058
22.578503,372.948657
22.581406,373.164143
22.584308,373.811347
22.587211,374.529693
22.590113,373.233918
22.593016,375.179266
22.595918,373.643319
22.598821,374.940515
22.601723,376.242214
22.604626,376.677117
22.607528,377.206772
22.610431,377.424718
22.613333,377.424718
22.616236,377.636662
22.619138,377.418594
22.622041,376.765144
22.624943,378.947722
22.627846,379.071629
22.630748,379.290652
22.633651,378.852731
22.636553,379.237316
22.639456,379.237316
22.642358,379.675681
22.645261,379.830409
22.648163,379.172783
22.651066,379.172783
22.653968,378.516296
22.656871,378.284899
22.659773,378.284899
22.662676,0.000000
22.665578,0.000000
22.668481,0.000000
22.671383,0.000000
22.674286,0.000000
22.677188,0.000000
22.680091,0.000000
22.682993,0.000000
22.685896,0.000000
22.688798,0.000000
22.691701,0.000000
22.694603,0.000000
22.697506,0.000000
22.700408,0.000000
22.703311,0.000000
22.706213,374.362849
22.709116,374.362849
22.712018,374.579152
22.714921,373.930618
22.717823,374.215310
22.720726,374.431528
22.723628,375.514491
22.726531,376.145665
22.729433,376.145665
22.732336,375.060881
22.735238,375.183719
22.738141,374.317862
22.741043,374.534139
22.743946,374.534139
22.746848,376.777081
22.749751,376.777081
22.752653,376.777081
22.755556,376.852849
22.758458,376.200378
22.761361,376.200378
22.764263,377.070590
22.767166,0.000000
22.770068,0.000000
22.772971,0.000000
22.775873,0.000000
22.778776,0.000000
22.781678,0.000000
22.784580,0.000000
22.787483,0.000000
22.790385,0.000000
22.793288,0.000000
22.796190,0.000000
22.799093,0.000000
22.801995,0.000000
22.804898,0.000000
22.807800,377.188321
22.810703,376.970512
22.813605,378.279259
22.816508,378.358778
22.819410,378.140292
22.822313,377.921933
22.825215,377.124024
22.828118,376.471084
22.831020,376.253688
22.833923,375.819274
22.836825,376.433641
22.839728,376.216267
22.842630,375.781896
22.845533,377.325042
22.848435,377.325042
22.851338,377.979463
22.854240,377.979463
22.857143,377.711374
22.860045,378.366465
22.862948,377.929611
22.865850,376.660557
22.868753,376.660557
22.871655,376.225673
22.874558,0.000000
22.877460,0.000000
22.880363,0.000000
22.883265,0.000000
22.886168,0.000000
22.889070,0.000000
22.891973,0.000000
22.894875,0.000000
22.897778,0.000000
22.900680,0.000000
22.903583,0.000000
22.906485,0.000000
22.909388,0.000000
22.912290,0.000000
22.915193,0.000000
22.918095,0.000000
22.920998,0.000000
22.923900,0.000000
22.926803,0.000000
22.929705,0.000000
22.932608,0.000000
22.935510,0.000000
22.938413,0.000000
22.941315,378.969112
22.944218,378.969112
22.947120,382.939730
22.950023,383.160988
22.952925,384.047302
22.955828,389.062389
22.958730,391.316204
22.961633,392.901639
22.964535,393.810484
22.967438,394.763785
22.970340,395.676938
22.973243,395.905556
22.976145,396.035299
22.979048,396.035299
22.981950,396.264124
22.984853,396.264124
22.987755,396.370714
22.990658,396.141827
22.993560,395.684450
22.996463,395.389572
22.999365,395.161252
23.002268,394.705007
23.005170,394.193531
23.008073,393.511037
23.010975,393.056698
23.013878,392.829725
23.016780,392.223874
23.019683,391.544791
23.022585,391.092722
23.025488,390.868963
23.028390,390.417674
23.031293,390.192225
23.034195,389.966906
23.037098,389.946811
23.040000,390.172119
23.042902,389.946811
23.045805,389.754726
23.048707,389.979922
23.051610,389.979922
23.054512,390.205249
23.057415,390.432925
23.060317,390.658513
23.063220,391.110080
23.066122,391.679566
23.069025,392.132314
23.071927,392.585585
23.074830,392.358884
23.077732,392.653138
23.080635,392.880009
23.083537,393.561408
23.086440,393.874204
23.089342,394.329488
23.092245,395.013401
23.095147,395.729849
23.098050,396.416191
23.100952,397.103724
23.103855,398.252262
23.106757,398.106584
23.109660,397.876695
23.112562,398.106584
23.115465,398.108506
23.118367,398.108506
23.121270,398.338529
23.124172,399.029395
23.127075,399.320693
23.129977,399.090102
23.132880,399.090102
23.135782,398.787567
23.138685,397.867236
23.141587,398.097119
23.144490,397.637485
23.147392,397.067131
23.150295,397.296552
23.153197,396.150770
23.156100,396.777197
23.159002,396.777197
23.161905,396.090230
23.164807,395.632913
23.167710,395.241588
23.170612,394.785251
23.173515,394.329440
23.176417,393.811638
23.179320,392.902791
23.182222,391.769680
23.185125,391.549362
23.188027,392.228453
23.190930,392.001959
23.193832,392.001959
23.196735,392.324902
23.199637,392.551583
23.202540,392.778395
23.205442,392.784379
23.208345,392.330879
23.211247,392.557563
23.214150,393.011326
23.217052,393.198056
23.219955,393.425242
23.222857,393.425242
23.225760,393.644338
23.228662,393.644338
23.231565,393.871781
23.234467,393.644338
23.237370,393.700284
23.240272,393.927760
23.243175,394.383106
23.246077,394.437733
23.248980,394.665635
23.251882,394.893669
23.254785,394.893669
23.257687,394.780757
23.260590,394.780757
23.263492,394.552789
23.266395,394.854646
23.269297,395.311063
23.272200,394.626635
23.275102,394.670088
23.278005,395.126292
23.280907,395.126292
23.283810,395.126292
23.286712,395.748277
23.289615,396.205728
23.292517,396.205728
23.295420,395.774644
23.298322,395.089413
23.301224,395.317691
23.304127,395.546102
23.307029,393.181474
23.309932,392.954429
23.312834,393.181474
23.315737,393.928171
23.318639,394.839390
23.321542,395.295790
23.324444,394.155778
23.327347,394.843949
23.330249,0.000000
23.333152,0.000000
23.336054,0.000000
23.338957,0.000000
23.341859,0.000000
23.344762,0.000000
23.347664,0.000000
23.350567,0.000000
23.353469,0.000000
23.356372,0.000000
23.359274,0.000000
23.362177,0.000000
23.365079,0.000000
23.367982,0.000000
23.370884,0.000000
23.373787,0.000000
23.376689,0.000000
23.379592,0.000000
23.382494,0.000000
23.385397,0.000000
23.388299,0.000000
23.391202,0.000000
23.394104,0.000000
23.397007,0.000000
23.399909,0.000000
23.402812,0.000000
23.405714,0.000000
23.408617,0.000000
23.411519,0.000000
23.414422,0.000000
23.417324,0.000000
23.420227,0.000000
23.423129,0.000000
23.426032,0.000000
23.428934,0.000000
23.431837,0.000000
23.434739,0.000000
23.437642,0.000000
23.440544,394.497867
23.443447,395.410405
23.446349,393.116683
23.449252,394.937471
23.452154,395.393985
23.455057,290.044027
23.457959,290.714945
23.460862,290.379292
23.463764,291.387416
23.466667,292.311918
23.469569,295.025976
23.472472,295.367000
23.475374,294.893024
23.478277,294.552547
23.481179,295.233894
23.484082,295.063410
23.486984,293.424162
23.489887,293.593700
23.492789,294.783207
23.495692,295.434758
23.498594,295.264157
23.501497,294.923252
23.504399,294.752946
23.507302,294.692998
23.510204,294.692998
23.513107,295.033637
23.516009,294.713804
23.518912,294.884086
23.521814,295.054467
23.524717,295.395524
23.527619,295.052217
23.530522,294.711556
23.533424,294.881838
23.536327,294.878350
23.539229,295.048728
23.542132,295.219204
23.545034,295.095153
23.547937,294.754442
23.550839,295.095153
23.553741,295.265656
23.556644,294.934394
23.559546,295.104804
23.562449,294.934394
23.565351,294.798183
23.568254,294.968514
23.571156,294.968514
23.574059,294.968514
23.576961,294.879608
23.579864,294.879608
23.582766,294.879608
23.585669,294.814229
23.588571,294.814229
23.591474,294.814229
23.594376,294.814229
23.597279,294.716925
23.600181,294.716925
23.603084,294.546739
23.605986,294.731762
23.608889,294.731762
23.611791,294.731762
23.614694,294.902055
23.617596,294.922461
23.620499,294.752157
23.623401,294.752157
23.626304,294.721582
23.629206,294.721582
23.632109,294.721582
23.635011,294.893731
23.637914,295.064117
23.640816,294.893731
23.643719,294.893731
23.646621,294.955586
23.649524,294.955586
23.652426,294.955586
23.655329,294.985525
23.658231,294.815184
23.661134,294.985525
23.664036,294.985525
23.666939,294.985106
23.669841,294.985106
23.672744,294.814765
23.675646,294.785437
23.678549,294.785437
23.681451,294.955761
23.684354,294.955761
23.687256,294.967187
23.690159,294.796856
23.693061,294.796856
23.695964,294.834549
23.698866,295.004901
23.701769,294.834549
23.704671,294.834549
23.707574,295.043908
23.710476,295.214381
23.713379,295.043908
23.716281,294.833656
23.719184,295.004008
23.722086,295.004008
23.724989,294.833656
23.727891,294.965855
23.730794,294.965855
23.733696,294.795525
23.736599,294.809828
23.739501,294.809828
23.742404,294.980166
23.745306,294.805423
23.748209,294.805423
23.751111,294.975758
23.754014,294.975758
23.756916,294.823941
23.759819,294.994288
23.762721,294.994288
23.765624,295.056547
23.768526,295.056547
23.771429,295.056547
23.774331,295.056547
23.777234,294.883404
23.780136,294.883404
23.783039,295.053785
23.785941,294.872817
23.788844,294.872817
23.791746,295.043191
23.794649,295.043191
23.797551,295.059794
23.800454,295.059794
23.803356,294.889410
23.806259,295.056006
23.809161,295.056006
23.812063,295.056006
23.814966,295.056006
23.817868,294.865381
23.820771,294.865381
23.823673,295.035752
23.826576,295.000149
23.829478,295.000149
23.832381,295.000149
23.835283,294.961453
23.838186,294.961453
23.841088,294.961453
23.843991,294.961453
23.846893,294.995640
23.849796,294.995640
23.852698,294.995640
23.855601,295.016877
23.858503,295.016877
23.861406,295.016877
23.864308,295.016877
23.867211,294.959883
23.870113,294.959883
23.873016,294.959883
23.875918,295.019194
23.878821,295.019194
23.881723,295.019194
23.884626,295.019194
23.887528,295.004989
23.890431,295.004989
23.893333,295.004989
23.896236,294.971570
23.899138,294.971570
23.902041,294.971570
23.904943,294.971570
23.907846,294.974826
23.910748,294.804491
23.913651,294.804491
23.916553,294.739137
23.919456,294.909434
23.922358,294.909434
23.925261,294.939679
23.928163,294.939679
23.931066,294.769364
23.933968,294.769364
23.936871,294.943245
23.939773,294.943245
23.942676,294.772928
23.945578,294.897804
23.948481,294.897804
23.951383,294.897804
23.954286,294.897804
23.957188,294.923545
23.960091,294.923545
23.962993,294.753240
23.965896,294.927735
23.968798,294.927735
23.971701,294.927735
23.974603,294.927735
23.977506,294.743292
23.980408,294.913592
23.983311,294.913592
23.986213,294.927764
23.989116,294.927764
23.992018,294.757457
23.994921,294.927764
23.997823,294.882890
24.000726,294.882890
24.003628,294.882890
24.006531,294.764716
24.009433,294.935028
24.012336,294.935028
24.015238,294.913590
24.018141,294.913590
24.021043,294.913590
24.023946,294.913590
24.026848,294.905508
24.029751,294.905508
24.032653,295.075901
24.035556,295.086267
24.038458,294.915868
24.041361,294.915868
24.044263,294.745567
24.047166,294.914478
24.050068,294.914478
24.052971,295.084876
24.055873,294.898343
24.058776,294.898343
24.061678,294.898343
24.064580,294.898343
24.067483,294.742723
24.070385,294.742723
24.073288,294.913023
24.076190,295.080982
24.079093,295.080982
24.081995,294.910585
24.084898,294.910585
24.087800,294.955185
24.090703,294.955185
24.093605,294.955185
24.096508,294.780940
24.099410,294.780940
24.102313,294.951261
24.105215,294.916605
24.108118,294.916605
24.111020,295.087005
24.113923,295.087005
24.116825,294.809364
24.119728,294.809364
24.122630,294.979701
24.125533,295.193865
24.128435,295.023403
24.131338,295.023403
24.134240,295.023403
24.137143,294.959785
24.140045,294.959785
24.142948,294.959785
24.145850,295.272885
24.148753,294.931970
24.151655,294.931970
24.154558,294.931970
24.157460,294.925830
24.160363,294.925830
24.163265,294.925830
24.166168,294.873048
24.169070,294.873048
24.171973,294.873048
24.174875,294.873048
24.177778,294.918333
24.180680,294.918333
24.183583,294.748030
24.186485,294.895153
24.189388,294.895153
24.192290,294.895153
24.195193,294.953640
24.198095,294.953640
24.200998,294.953640
24.203900,294.953640
24.206803,294.969954
24.209705,294.969954
24.212608,294.969954
24.215510,295.042968
24.218413,294.872594
24.221315,294.872594
24.224218,295.042968
24.227120,295.080967
24.230023,294.910570
24.232925,294.910570
24.235828,294.923681
24.238730,294.923681
24.241633,294.923681
24.244535,294.923681
24.247438,294.923718
24.250340,294.923718
24.253243,295.094122
24.256145,295.124889
24.259048,295.124889
24.261950,294.954468
24.264853,295.124889
24.267755,295.151037
24.270658,294.980601
24.273560,294.640023
24.276463,295.120609
24.279365,295.120609
24.282268,295.461742
24.285170,295.916722
24.288073,295.063314
24.290975,295.063314
24.293878,296.258776
24.296780,296.156747
24.299683,295.814811
24.302585,295.473270
24.305488,295.699209
24.308390,295.870061
24.311293,295.187245
24.314195,295.016788
24.317098,295.138294
24.320000,295.479448
24.322902,295.479448
24.325805,295.283785
24.328707,295.795916
24.331610,295.283785
24.334512,294.772540
24.337415,0.000000
24.340317,0.000000
24.343220,0.000000
24.346122,0.000000
24.349025,0.000000
24.351927,0.000000
24.354830,0.000000
24.357732,0.000000
24.360635,0.000000
24.363537,0.000000
24.366440,0.000000
24.369342,0.000000
24.372245,0.000000
24.375147,0.000000
24.378050,0.000000
24.380952,0.000000
24.383855,0.000000
24.386757,0.000000
24.389660,0.000000
24.392562,0.000000
24.395465,0.000000
24.398367,0.000000
24.401270,0.000000
24.404172,0.000000
24.407075,0.000000
24.409977,0.000000
24.412880,0.000000
24.415782,0.000000
24.418685,0.000000
24.421587,0.000000
24.424490,0.000000
24.427392,0.000000
24.430295,0.000000
24.433197,0.000000
24.436100,0.000000
24.439002,0.000000
24.441905,0.000000
24.444807,0.000000
24.447710,0.000000
24.450612,0.000000
24.453515,0.000000
24.456417,0.000000
24.459320,0.000000
24.462222,0.000000
24.465125,0.000000
24.468027,0.000000
24.470930,0.000000
24.473832,0.000000
24.476735,0.000000
24.479637,0.000000
24.482540,0.000000
24.485442,0.000000
24.488345,0.000000
24.491247,0.000000
24.494150,0.000000
24.497052,0.000000
24.499955,0.000000
24.502857,0.000000
24.505760,0.000000
24.508662,0.000000
24.511565,0.000000
24.514467,0.000000
24.517370,586.393886
24.520272,585.716848
24.523175,586.055269
24.526077,586.173224
24.528980,585.834735
24.531882,585.834735
24.534785,586.173224
24.537687,586.256614
24.540590,586.934276
24.543492,587.273400
24.546395,587.824856
24.549297,588.164495
24.552200,588.844362
24.555102,589.328421
24.558005,590.350535
24.560907,591.032929
24.563810,592.057999
24.566712,592.650744
24.569615,593.678620
24.572517,595.051895
24.575420,595.553678
24.578322,596.586589
24.581224,598.312089
24.584127,600.042580
24.587029,601.328517
24.589932,602.023600
24.592834,602.371443
24.595737,603.131874
24.598639,603.480357
24.601542,604.177928
24.604444,604.177928
24.607347,604.348708
24.610249,604.348708
24.613152,603.999723
24.616054,603.575991
24.618957,602.879115
24.621859,602.530979
24.624762,601.835310
24.627664,600.724855
24.630567,600.031271
24.633469,598.300812
24.636372,595.962829
24.639274,595.962829
24.642177,594.587452
24.645079,594.259149
24.647982,593.230268
24.650884,592.203169
24.653787,592.203169
24.656689,0.000000
24.659592,0.000000
24.662494,0.000000
24.665397,0.000000
24.668299,0.000000
24.671202,0.000000
24.674104,0.000000
24.677007,0.000000
24.679909,0.000000
24.682812,0.000000
24.685714,0.000000
24.688617,0.000000
24.691519,0.000000
24.694422,0.000000
24.697324,0.000000
24.700227,0.000000
24.703129,0.000000
24.706032,0.000000
24.708934,0.000000
24.711837,0.000000
24.714739,0.000000
24.717642,0.000000
24.720544,0.000000
24.723447,0.000000
24.726349,0.000000
24.729252,0.000000
24.732154,0.000000
24.735057,0.000000
24.737959,0.000000
24.740862,0.000000
24.743764,0.000000
24.746667,0.000000
24.749569,0.000000
24.752472,0.000000
24.755374,0.000000
24.758277,0.000000
24.761179,0.000000
24.764082,0.000000
24.766984,0.000000
24.769887,0.000000
24.772789,0.000000
24.775692,0.000000
24.778594,0.000000
24.781497,0.000000
24.784399,0.000000
24.787302,0.000000
24.790204,0.000000
24.793107,0.000000
24.796009,0.000000
24.798912,0.000000
24.801814,0.000000
24.804717,0.000000
24.807619,0.000000
24.810522,0.000000
24.813424,0.000000
24.816327,0.000000
24.819229,0.000000
24.822132,0.000000
24.825034,0.000000
24.827937,0.000000
24.830839,0.000000
24.833741,0.000000
24.836644,0.000000
24.839546,0.000000
24.842449,0.000000
24.845351,0.000000
24.848254,0.000000
24.851156,0.000000
24.854059,0.000000
24.856961,0.000000
24.859864,0.000000
24.862766,0.000000
24.865669,0.000000
24.868571,0.000000
24.871474,0.000000
24.874376,0.000000
24.877279,0.000000
24.880181,0.000000
24.883084,0.000000
24.885986,0.000000
24.888889,0.000000
24.891791,0.000000
24.894694,0.000000
24.897596,0.000000
24.900499,0.000000
24.903401,296.566303
24.906304,298.244686
24.909206,298.589430
24.912109,297.728314
24.915011,520.253459
24.917914,518.154135
24.920816,520.253459
24.923719,520.854827
24.926621,521.620881
24.929524,523.431818
24.932426,524.339643
24.935329,524.857117
24.938231,525.767413
24.941134,525.767413
24.944036,525.767413
24.946939,525.536338
24.949841,525.536338
24.952744,525.232864
24.955646,524.686245
24.958549,524.383262
24.961451,524.080454
24.964354,523.777821
24.967256,523.134705
24.970159,522.228967
24.973061,521.324796
24.975964,521.231111
24.978866,520.930124
24.981769,520.328669
24.984671,519.727909
24.987574,519.264119
24.990476,518.964267
24.993379,518.664588
24.996281,518.260977
24.999184,518.560423
25.002086,518.860042
25.004989,518.860042
25.007891,518.761918
25.010794,0.000000
25.013696,0.000000
25.016599,0.000000
25.019501,0.000000
25.022404,520.602514
25.025306,520.735505
25.028209,521.337430
25.031111,521.638653
25.034014,521.940051
25.036916,522.748584
25.039819,523.050623
25.042721,524.260524
25.045624,524.837644
25.048526,525.140890
25.051429,526.051678
25.054331,527.268521
25.057234,528.724393
25.060136,529.947418
25.063039,530.866543
25.065941,532.206262
25.068844,531.284818
25.071746,533.129305
25.074649,533.437341
25.077551,533.455083
25.080454,533.455083
25.083356,533.455083
25.086259,533.042529
25.089161,532.119637
25.092063,531.505263
25.094966,529.972430
25.097868,529.134292
25.100771,528.828740
25.103673,528.218166
25.106576,527.334889
25.109478,526.726039
25.112381,526.117893
25.115283,525.698090
25.118186,525.394522
25.121088,524.182004
25.123991,522.670291
25.126893,521.621483
25.129796,521.320270
25.132698,521.019231
25.135601,521.120349
25.138503,520.819425
25.141406,520.518675
25.144308,520.518675
25.147211,520.178555
25.150113,519.878175
25.153016,519.577968
25.155918,519.473027
25.158821,520.073493
25.161723,520.373986
25.164626,520.674653
25.167528,520.830759
25.170431,521.131690
25.173333,521.734073
25.176236,522.073534
25.179138,522.375183
25.182041,522.677006
25.184943,522.979003
25.187846,523.051381
25.190748,523.655983
25.193651,523.958546
25.196553,524.115997
25.199456,524.418826
25.202358,525.025009
25.205261,526.055018
25.208163,526.358967
25.211066,526.663092
25.213968,527.271869
25.216871,526.684874
25.219773,526.989187
25.222676,528.208198
25.225578,528.981974
25.228481,529.593432
25.231383,529.593432
25.234286,529.593432
25.237188,529.439065
25.240091,529.439065
25.242993,529.133337
25.245896,528.942087
25.248798,528.636647
25.251701,528.636647
25.254603,528.636647
25.257506,528.412261
25.260408,527.802168
25.263311,527.497385
25.266213,527.109567
25.269116,527.109567
25.272018,527.109567
25.274921,526.805185
25.277823,526.854416
25.280726,526.854416
25.283628,526.550181
25.286531,526.242361
25.289433,526.242361
25.292336,526.242361
25.295238,526.221395
25.298141,526.221395
25.301043,526.221395
25.303946,525.917526
25.306848,526.183329
25.309751,526.183329
25.312653,526.183329
25.315556,526.295961
25.318458,526.295961
25.321361,526.600049
25.324263,526.600049
25.327166,526.711986
25.330068,526.711986
25.332971,526.711986
25.335873,526.639789
25.338776,526.639789
25.341678,526.944076
25.344580,527.248539
25.347483,527.288000
25.350385,527.288000
25.353288,527.288000
25.356190,527.255575
25.359093,526.951108
25.361995,526.646817
25.364898,526.646817
25.367800,526.730938
25.370703,526.426774
25.373605,526.122786
25.376508,525.350619
25.379410,523.533044
25.382313,524.441044
25.385215,524.543905
25.388118,523.635727
25.391020,525.757260
25.393923,526.973421
25.396825,526.240422
25.399728,527.762460
25.402630,526.848710
25.405533,528.380434
25.408435,528.380434
25.411338,525.337187
25.414240,525.337187
25.417143,459.542548
25.420045,456.631941
25.422948,456.895778
25.425850,457.056920
25.428753,457.585238
25.431655,459.970237
25.434558,462.367666
25.437460,464.532259
25.440363,466.414332
25.443265,466.953466
25.446168,0.000000
25.449070,467.734539
25.451973,467.194503
25.454875,467.734539
25.457778,468.441512
25.460680,468.712172
25.463583,469.253963
25.466485,468.937893
25.469388,468.667102
25.472290,468.667102
25.475193,468.629148
25.478095,468.088079
25.480998,467.547635
25.483900,466.738138
25.486803,466.190384
25.489705,465.921179
25.492608,465.921179
25.495510,465.349919
25.498413,465.081200
25.501315,464.812636
25.504218,464.275974
25.507120,463.325232
25.510023,462.790286
25.512925,462.523045
25.515828,462.613505
25.518730,461.812551
25.521633,461.279352
25.524535,461.012984
25.527438,461.201670
25.530340,460.935346
25.533243,460.669176
25.536145,460.909071
25.539048,461.175379
25.541950,461.708458
25.544853,462.242153
25.547755,462.817715
25.550658,463.085126
25.553560,463.352692
25.556463,463.620536
25.559365,464.156440
25.562268,464.961460
25.565170,465.320415
25.568073,465.858285
25.570975,465.858285
25.573878,465.858285
25.576780,466.541764
25.579683,467.350920
25.582585,468.431978
25.585488,469.225001
25.588390,470.038811
25.591293,470.310395
25.594195,470.854033
25.597098,471.107765
25.600000,471.652325
25.602902,471.924840
25.605805,471.957702
25.608707,471.957702
25.611610,471.685167
25.614512,471.412789
25.617415,471.074519
25.620317,470.802494
25.623220,470.530626
25.626122,470.359058
25.629025,469.544694
25.631927,469.002568
25.634830,468.461067
25.637732,467.759898
25.640635,467.219833
25.643537,466.410904
25.646440,465.754104
25.649342,465.216354
25.652245,464.142717
25.655147,463.541768
25.658050,463.274093
25.660952,463.541768
25.663855,462.739206
25.666757,462.804169
25.669660,462.804169
25.672562,462.804169
25.675465,462.887387
25.678367,463.154839
25.681270,463.422445
25.684172,463.422445
25.687075,463.603389
25.689977,463.871254
25.692880,464.407449
25.695782,464.757078
25.698685,465.025610
25.701587,465.294296
25.704490,465.294296
25.707392,465.395101
25.710295,465.933057
25.713197,466.202269
25.716100,466.912341
25.719002,467.182118
25.721905,467.452051
25.724807,467.452051
25.727710,467.446329
25.730612,467.716415
25.733515,468.257054
25.736417,468.597527
25.739320,469.139184
25.742222,469.681468
25.745125,469.661459
25.748027,469.661459
25.750930,469.390250
25.753832,469.119198
25.756735,469.414321
25.759637,469.685543
25.762540,469.956923
25.765442,469.753943
25.768345,469.753943
25.771247,469.482681
25.774150,469.753943
25.777052,469.696730
25.779955,469.425501
25.782857,469.425501
25.785760,469.424800
25.788662,469.424800
25.791565,469.696028
25.794467,469.696028
25.797370,469.237151
25.800272,468.966187
25.803175,468.695380
25.806077,468.433073
25.808980,468.162574
25.811882,467.622043
25.814785,467.352012
25.817687,467.254808
25.820590,467.254808
25.823492,466.984989
25.826395,466.539847
25.829297,466.539847
25.832200,466.001191
25.835102,465.919876
25.838005,465.381935
25.840907,464.844615
25.843810,464.039799
25.846712,460.471641
25.849615,459.143666
25.852517,455.445673
25.855420,443.998646
25.858322,442.207024
25.861224,440.931723
25.864127,441.441402
25.867029,442.482486
25.869932,442.993957
25.872834,443.249914
25.875737,442.988774
25.878639,442.988774
25.881542,442.988774
25.884444,442.732968
25.887347,442.830301
25.890249,443.086164
25.893152,443.086164
25.896054,443.119689
25.898957,443.375719
25.901859,443.631897
25.904762,443.375719
25.907664,443.545477
25.910567,443.545477
25.913469,443.033369
25.916372,443.288083
25.919274,443.544211
25.922177,443.288083
25.925079,443.307808
25.927982,443.307808
25.930884,443.051818
25.933787,443.051818
25.936689,443.171042
25.939592,443.171042
25.942494,443.171042
25.945397,443.409193
25.948299,443.409193
25.951202,443.153144
25.954104,443.153144
25.957007,443.423731
25.959909,443.167673
25.962812,443.167673
25.965714,443.158030
25.968617,443.158030
25.971519,443.158030
25.974422,443.158030
25.977324,443.254785
25.980227,443.254785
25.983129,443.510893
25.986032,443.290282
25.988934,443.290282
25.991837,443.290282
25.994739,443.290282
25.997642,443.589632
26.000544,443.333478
26.003447,443.333478
26.006349,442.934157
26.009252,443.190080
26.012154,442.934157
26.015057,442.901649
26.017959,442.645893
26.020862,442.901649
26.023764,443.157553
26.026667,443.107105
26.029569,442.339924
26.032472,441.829208
26.035374,442.339131
26.038277,442.083700
26.041179,441.063449
26.044082,440.554207
26.046984,442.367240
26.049887,444.159510
26.052789,444.159510
26.055692,443.331703
26.058594,443.844156
26.061497,442.819842
26.064399,442.053158
26.067302,442.536784
26.070204,441.515487
26.073107,443.816728
26.076009,443.530743
26.078912,441.741010
26.081814,441.230985
26.084717,0.000000
26.087619,388.705162
26.090522,390.280018
26.093424,389.829409
26.096327,390.493301
26.099229,391.396575
26.102132,390.718924
26.105034,391.926365
26.107937,393.059929
26.110839,392.832954
26.113741,393.514272
26.116644,394.323683
26.119546,396.378953
26.122449,395.007586
26.125351,394.449217
26.128254,394.449217
26.131156,394.221440
26.134059,394.449217
26.136961,394.943545
26.139864,395.628523
26.142766,395.400065
26.145669,395.029441
26.148571,395.486061
26.151474,395.943208
26.154376,395.714569
26.157279,395.604967
26.160181,395.833544
26.163084,395.833544
26.165986,395.535896
26.168889,395.993101
26.171791,395.993101
26.174694,396.221902
26.177596,396.106913
26.180499,395.649577
26.183401,396.106913
26.186304,395.550315
26.189206,395.321902
26.192109,395.550315
26.195011,395.737494
26.197914,395.737494
26.200816,395.508973
26.203719,395.737494
26.206621,395.288053
26.209524,395.288053
26.212426,396.202418
26.215329,397.262311
26.218231,396.116628
26.221134,396.345500
26.224036,396.345500
26.226939,393.746884
26.229841,392.838185
26.232744,394.202021
26.235646,394.143520
26.238549,391.420972
26.241451,395.283497
26.244354,395.055238
26.247256,394.893538
26.250159,394.665504
26.253061,396.264509
26.255964,396.415240
26.258866,0.000000
26.261769,0.000000
26.264671,0.000000
26.267574,0.000000
26.270476,0.000000
26.273379,0.000000
26.276281,0.000000
26.279184,0.000000
26.282086,0.000000
26.284989,0.000000
26.287891,0.000000
26.290794,0.000000
26.293696,0.000000
26.296599,0.000000
26.299501,0.000000
26.302404,0.000000
26.305306,0.000000
26.308209,0.000000
26.311111,0.000000
26.314014,0.000000
26.316916,0.000000
26.319819,0.000000
26.322721,0.000000
26.325624,0.000000
26.328526,0.000000
26.331429,0.000000
26.334331,0.000000
26.337234,0.000000
26.340136,0.000000
26.343039,0.000000
26.345941,0.000000
26.348844,0.000000
26.351746,0.000000
26.354649,0.000000
26.357551,0.000000
26.360454,0.000000
26.363356,0.000000
26.366259,782.512908
26.369161,782.061041
26.372063,781.158090
26.374966,780.707006
26.377868,780.534786
26.380771,780.084062
26.383673,780.084062
26.386576,779.478137
26.389478,779.928511
26.392381,779.928511
26.395283,780.509113
26.398186,780.960083
26.401088,781.862805
26.403991,782.766570
26.406893,784.200327
26.409796,784.200327
26.412698,785.106794
26.415601,785.399267
26.418503,785.853062
26.421406,786.761440
26.424308,787.670868
26.427211,789.201669
26.430113,790.113918
26.433016,791.027221
26.435918,791.939118
26.438821,792.396692
26.441723,793.312634
26.444626,793.771002
26.447528,0.000000
26.450431,0.000000
26.453333,0.000000
26.456236,0.000000
26.459138,0.000000
26.462041,0.000000
26.464943,0.000000
26.467846,0.000000
26.470748,0.000000
26.473651,0.000000
26.476553,0.000000
26.479456,0.000000
26.482358,0.000000
26.485261,0.000000
26.488163,0.000000
26.491066,0.000000
26.493968,0.000000
26.496871,0.000000
26.499773,0.000000
26.502676,0.000000
26.505578,0.000000
26.508481,0.000000
26.511383,0.000000
26.514286,0.000000
26.517188,0.000000
26.520091,0.000000
26.522993,0.000000
26.525896,0.000000
26.528798,0.000000
26.531701,0.000000
26.534603,0.000000
26.537506,0.000000
26.540408,0.000000
26.543311,0.000000
26.546213,0.000000
26.549116,0.000000
26.552018,0.000000
26.554921,0.000000
26.557823,0.000000
26.560726,0.000000
26.563628,0.000000
26.566531,0.000000
26.569433,0.000000
26.572336,0.000000
26.575238,0.000000
26.578141,0.000000
26.581043,0.000000
26.583946,0.000000
26.586848,0.000000
26.589751,0.000000
26.592653,0.000000
26.595556,0.000000
26.598458,0.000000
26.601361,0.000000
26.604263,0.000000
26.607166,0.000000
26.610068,0.000000
26.612971,0.000000
26.615873,0.000000
26.618776,0.000000
26.621678,0.000000
26.624580,0.000000
26.627483,0.000000
26.630385,0.000000
26.633288,0.000000
26.636190,0.000000
26.639093,0.000000
26.641995,0.000000
26.644898,0.000000
26.647800,0.000000
26.650703,0.000000
26.653605,0.000000
26.656508,0.000000
26.659410,0.000000
26.662313,0.000000
26.665215,0.000000
26.668118,0.000000
26.671020,0.000000
26.673923,0.000000
26.676825,0.000000
26.679728,0.000000
26.682630,0.000000
26.685533,0.000000
26.688435,0.000000
26.691338,0.000000
26.694240,0.000000
26.697143,0.000000
26.700045,0.000000
26.702948,0.000000
26.705850,0.000000
26.708753,0.000000
26.711655,0.000000
26.714558,394.334091
26.717460,663.589586
26.720363,663.589586
26.723265,663.973002
26.726168,663.433289
26.729070,659.993312
26.731973,660.756207
26.734875,662.284643
26.737778,659.277526
26.740680,660.039593
26.743583,663.096681
26.746485,656.116698
26.749388,656.875112
26.752290,659.917544
26.755193,660.971411
26.758095,662.500345
26.760998,663.266138
26.763900,663.649366
26.766803,663.723516
26.769705,664.107008
26.772608,664.490722
26.775510,664.968083
26.778413,664.968083
26.781315,665.352294
26.784218,665.352294
26.787120,665.848045
26.790023,666.232765
26.792925,666.232765
26.795828,666.804593
26.798730,666.804593
26.801633,667.189866
26.804535,667.189866
26.807438,667.185352
26.810340,667.185352
26.813243,667.570845
26.816145,667.507353
26.819048,667.507353
26.821950,667.507353
26.824853,667.893032
26.827755,667.588646
26.830658,667.588646
26.833560,667.974372
26.836463,667.595901
26.839365,667.595901
26.842268,667.981631
26.845170,668.040889
26.848073,668.040889
26.850975,668.040889
26.853878,668.040889
26.856780,668.056499
26.859683,667.670726
26.862585,667.670726
26.865488,667.716702
26.868390,667.716702
26.871293,667.716702
26.874195,667.716702
26.877098,667.945437
26.880000,667.945437
26.882902,667.945437
26.885805,667.912858
26.888707,667.912858
26.891610,667.912858
26.894512,667.912858
26.897415,667.947991
26.900317,667.947991
26.903220,667.947991
26.906122,667.991333
26.909025,667.991333
26.911927,667.991333
26.914830,667.991333
26.917732,668.004472
26.920635,668.004472
26.923537,668.004472
26.926440,667.793213
26.929342,667.793213
26.932245,668.179057
26.935147,668.171271
26.938050,667.785431
26.940952,667.785431
26.943855,667.785431
26.946757,667.877215
26.949660,667.877215
26.952562,667.877215
26.955465,667.870059
26.958367,667.870059
26.961270,667.870059
26.964172,667.870059
26.967075,0.000000
26.969977,0.000000
26.972880,0.000000
26.975782,0.000000
26.978685,0.000000
26.981587,0.000000
26.984490,0.000000
26.987392,0.000000
26.990295,0.000000
26.993197,0.000000
26.996100,0.000000
26.999002,0.000000
27.001905,0.000000
27.004807,0.000000
27.007710,0.000000
27.010612,0.000000
27.013515,667.139697
27.016417,667.004528
27.019320,667.004528
27.022222,667.004528
27.025125,666.988251
27.028027,666.988251
27.030930,666.988251
27.033832,666.988251
27.036735,666.996312
27.039637,666.996312
27.042540,666.996312
27.045442,666.984346
27.048345,666.984346
27.051247,666.984346
27.054150,666.984346
27.057052,666.970963
27.059955,666.970963
27.062857,666.970963
27.065760,666.914651
27.068662,666.914651
27.071565,667.299988
27.074467,666.914651
27.077370,666.909095
27.080272,667.294428
27.083175,667.294428
27.086077,667.290363
27.088980,667.290363
27.091882,667.290363
27.094785,667.290363
27.097687,667.329569
27.100590,667.329569
27.103492,667.329569
27.106395,667.312189
27.109297,667.312189
27.112200,667.697755
27.115102,667.682598
27.118005,667.297041
27.120907,667.682598
27.123810,667.682598
27.126712,667.376081
27.129615,667.761684
27.132517,667.761684
27.135420,667.856406
27.138322,667.856406
27.141224,667.856406
27.144127,667.856406
27.147029,667.574198
27.149932,667.574198
27.152834,667.574198
27.155737,667.660957
27.158639,667.660957
27.161542,667.660957
27.164444,667.660957
27.167347,667.539408
27.170249,667.153933
27.173152,667.153933
27.176054,667.062462
27.178957,667.062462
27.181859,667.062462
27.184762,667.062462
27.187664,667.365716
27.190567,666.980342
27.193469,667.365716
27.196372,667.328636
27.199274,667.328636
27.202177,667.714212
27.205079,667.589986
27.207982,0.000000
27.210884,667.589986
27.213787,667.589986
27.216689,667.663661
27.219592,667.663661
27.222494,667.663661
27.225397,667.573917
27.228299,668.345574
27.231202,668.345574
27.234104,668.731737
27.237007,668.955038
27.239909,668.182677
27.242812,668.182677
27.245714,668.018885
27.248617,667.633133
27.251519,668.404859
27.254422,668.018885
27.257324,667.622062
27.260227,666.466163
27.263129,666.466163
27.266032,568.439319
27.268934,568.767757
27.271837,569.425203
27.274739,569.096385
27.277642,569.067420
27.280544,569.067420
27.283447,568.738809
27.286349,568.224778
27.289252,568.553093
27.292154,568.224778
27.295057,567.932473
27.297959,567.276751
27.300862,567.276751
27.303764,566.949173
27.306667,566.087521
27.309569,565.433929
27.312472,564.781091
27.315374,563.705465
27.318277,563.054623
27.321179,562.404532
27.324082,561.755192
27.326984,559.886623
27.329887,558.594504
27.332789,558.271940
27.335692,558.060812
27.338594,556.451394
27.341497,555.808927
27.344399,555.167202
27.347302,554.842349
27.350204,554.201741
27.353107,554.201741
27.356009,554.273884
27.358912,554.914576
27.361814,554.914576
27.364717,555.235200
27.367619,555.359465
27.370522,555.680346
27.373424,556.644101
27.376327,557.280361
27.379229,558.569441
27.382132,559.215099
27.385034,561.197193
27.387937,562.495333
27.390839,563.145528
27.393741,564.122231
27.396644,565.320625
27.399546,566.955695
27.402449,568.267156
27.405351,569.166103
27.408254,570.153247
27.411156,571.802295
27.414059,573.456112
27.416961,573.707155
27.419864,573.707155
27.422766,573.375864
27.425669,573.339723
27.428571,574.665951
27.431474,574.997987
27.434376,574.997987
27.437279,574.716642
27.440181,575.048707
27.443084,575.380964
27.445986,575.018347
27.448889,574.022779
27.451791,573.691306
27.454694,573.360025
27.457596,572.503057
27.460499,571.842058
27.463401,570.851989
27.466304,569.194160
27.469206,569.194160
27.472109,569.194160
27.475011,568.445855
27.477914,567.461667
27.480816,565.825137
27.483719,564.845486
27.486621,563.824580
27.489524,563.173600
27.492426,562.198540
27.495329,560.535731
27.498231,559.242113
27.501134,558.596424
27.504036,557.951481
27.506939,557.616797
27.509841,557.616797
27.512744,557.616797
27.515646,557.780578
27.518549,557.780578
27.521451,558.102858
27.524354,558.425324
27.527256,559.018072
27.530159,559.341067
27.533061,559.987617
27.535964,561.352556
27.538866,562.001430
27.541769,563.301431
27.544671,564.278404
27.547574,564.802059
27.550476,565.128396
27.553379,566.108538
27.556281,566.896358
27.559184,568.207681
27.562086,569.522038
27.564989,570.509800
27.567891,570.863959
27.570794,571.193798
27.573696,571.523828
27.576599,571.768752
27.579501,572.099114
27.582404,572.429666
27.585306,572.466608
27.588209,572.797373
27.591111,572.797373
27.594014,572.797373
27.596916,572.707534
27.599819,572.707534
27.602721,572.707534
27.605624,572.562839
27.608526,572.562839
27.611429,572.562839
27.614331,572.562839
27.617234,572.396686
27.620136,572.396686
27.623039,572.066152
27.625941,571.819820
27.628844,571.819820
27.631746,571.489620
27.634649,571.159610
27.637551,570.936435
27.640454,570.936435
27.643356,570.606744
27.646259,570.148393
27.649161,570.148393
27.652063,569.819158
27.654966,569.490113
27.657868,569.096778
27.660771,569.425597
27.663673,569.754605
27.666576,570.271681
27.669478,569.942375
27.672381,568.955595
27.675283,568.976204
27.678186,566.353041
27.681088,562.440955
27.683991,568.647646
27.686893,511.813249
27.689796,502.439827
27.692698,502.439827
27.695601,497.477282
27.698503,496.902906
27.701406,496.042584
27.704308,496.615966
27.707211,497.801751
27.710113,497.801751
27.713016,497.227000
27.715918,496.797755
27.718821,497.084800
27.721723,497.659386
27.724626,498.234637
27.727528,497.667609
27.730431,496.805963
27.733333,496.805963
27.736236,497.192858
27.739138,497.480131
27.742041,497.192858
27.744943,497.192858
27.747846,497.553812
27.750748,497.553812
27.753651,497.553812
27.756553,497.313578
27.759456,497.026402
27.762358,497.313578
27.765261,497.177559
27.768163,497.752253
27.771066,497.752253
27.773968,497.752253
27.776871,497.592231
27.779773,497.304893
27.782676,497.592231
27.785578,497.831925
27.788481,498.119567
27.791383,498.119567
27.794286,498.119567
27.797188,498.003974
27.800091,498.003974
27.802993,498.003974
27.805896,498.071469
27.808798,498.071469
27.811701,498.071469
27.814603,498.071469
27.817506,498.347973
27.820408,498.635913
27.823311,498.635913
27.826213,498.993655
27.829116,499.281968
27.832018,499.281968
27.834921,499.281968
27.837823,499.273223
27.840726,499.273223
27.843628,498.984915
27.846531,498.893368
27.849433,498.893368
27.852336,498.605279
27.855238,498.307132
27.858141,498.019381
27.861043,497.731797
27.863946,498.019381
27.866848,498.344360
27.869751,498.056589
27.872653,498.056589
27.875556,497.867353
27.878458,497.005362
27.881361,495.572025
27.884263,494.999848
27.887166,493.745606
27.890068,492.037376
27.892971,489.203450
27.895873,484.225229
27.898776,481.436296
27.901678,483.107722
27.904580,483.386857
27.907483,435.753926
27.910385,436.257620
27.913288,438.278223
27.916190,440.231533
27.919093,439.723251
27.921995,441.249860
27.924898,441.249860
27.927800,440.451101
27.930703,440.451101
27.933605,441.215006
27.936508,441.448200
27.939410,441.448200
27.942313,441.958475
27.945215,441.839080
27.948118,442.349807
27.951020,442.605392
27.953923,443.117006
27.956825,443.115179
27.959728,442.859300
27.962630,442.347984
27.965533,442.587595
27.968435,442.843318
27.971338,443.099188
27.974240,443.099188
27.977143,442.884281
27.980045,442.884281
27.982948,442.884281
27.985850,443.128966
27.988753,443.128966
27.991655,443.128966
27.994558,442.873079
27.997460,443.173825
28.000363,442.917911
28.003265,442.917911
28.006168,442.954193
28.009070,442.954193
28.011973,442.954193
28.014875,443.210127
28.017778,443.306042
28.020680,443.050052
28.023583,443.050052
28.026485,443.320904
28.029388,443.320904
28.032290,443.320904
28.035193,443.144562
28.038095,443.400606
28.040998,443.400606
28.043900,443.400606
28.046803,443.642381
28.049705,443.642381
28.052608,443.642381
28.055510,443.324924
28.058413,443.324924
28.061315,443.324924
28.064218,443.324924
28.067120,443.072211
28.070023,443.072211
28.072925,443.584364
28.075828,443.506391
28.078730,442.738518
28.081633,442.738518
28.084535,442.738518
28.087438,442.961123
28.090340,442.705333
28.093243,442.449690
28.096145,442.300968
28.099048,442.556525
28.101950,442.556525
28.104853,444.349562
28.107755,444.632730
28.110658,444.375974
28.113560,444.119366
28.116463,443.009340
28.119365,442.753521
28.122268,442.242328
28.125170,444.127178
28.128073,444.640550
28.130975,444.127178
28.133878,442.335038
28.136780,443.148767
28.139683,445.201288
28.142585,445.973432
28.145488,0.000000
28.148390,0.000000
28.151293,0.000000
28.154195,0.000000
28.157098,0.000000
28.160000,0.000000
28.162902,0.000000
28.165805,0.000000
28.168707,0.000000
28.171610,0.000000
28.174512,0.000000
28.177415,0.000000
28.180317,0.000000
28.183220,0.000000
28.186122,0.000000
28.189025,0.000000
28.191927,0.000000
28.194830,0.000000
28.197732,0.000000
28.200635,0.000000
28.203537,0.000000
28.206440,0.000000
28.209342,0.000000
28.212245,0.000000
28.215147,0.000000
28.218050,0.000000
28.220952,0.000000
28.223855,0.000000
28.226757,0.000000
28.229660,0.000000
28.232562,0.000000
28.235465,880.110705
28.238367,881.128036
28.241270,881.637143
28.244172,882.656238
28.247075,884.216379
28.249977,885.238456
28.252880,886.773788
28.255782,889.287475
28.258685,891.344541
28.261587,893.406365
28.264490,895.472958
28.267392,898.008415
28.270295,899.046435
28.273197,902.167698
28.276100,904.394970
28.279002,904.917520
28.281905,904.917520
28.284807,904.917520
28.287710,904.262485
28.290612,904.262485
28.293515,904.262485
28.296417,891.819690
28.299320,895.950308
28.302222,891.819690
28.305125,892.255037
28.308027,892.770572
28.310930,890.195870
28.313832,904.188023
28.316735,902.979636
28.319637,902.979636
28.322540,902.979636
28.325442,900.692781
28.328345,900.692781
28.331247,898.614141
28.334150,897.576621
28.337052,895.727724
28.339955,893.144493
28.342857,891.598132
28.345760,890.034646
28.348662,889.007031
28.351565,888.493669
28.354467,886.443182
28.357370,885.508035
28.360272,884.996693
28.363175,885.508035
28.366077,885.003205
28.368980,885.514551
28.371882,885.003205
28.374785,884.492155
28.377687,885.299169
28.380590,886.322498
28.383492,886.834605
28.386395,888.163149
28.389297,888.676320
28.392200,889.703553
28.395102,890.913248
28.398005,891.428008
28.400907,891.943066
28.403810,891.943066
28.406712,891.208892
28.409615,892.754578
28.412517,891.208892
28.415420,895.026273
28.418322,896.060845
28.421224,896.060845
28.424127,894.509435
28.427029,895.275445
28.429932,896.310305
28.432834,896.310305
28.435737,896.024244
28.438639,896.024244
28.441542,895.506829
28.444444,896.024244
28.447347,895.721989
28.450249,895.721989
28.453152,896.239527
28.456054,0.000000
28.458957,0.000000
28.461859,0.000000
28.464762,0.000000
28.467664,0.000000
28.470567,0.000000
28.473469,0.000000
28.476372,0.000000
28.479274,0.000000
28.482177,0.000000
28.485079,0.000000
28.487982,0.000000
28.490884,0.000000
28.493787,0.000000
28.496689,0.000000
28.499592,0.000000
28.502494,0.000000
28.505397,0.000000
28.508299,0.000000
28.511202,0.000000
28.514104,0.000000
28.517007,0.000000
28.519909,0.000000
28.522812,0.000000
28.525714,0.000000
28.528617,0.000000
28.531519,0.000000
28.534422,0.000000
28.537324,0.000000
28.540227,0.000000
28.543129,0.000000
28.546032,0.000000
28.548934,0.000000
28.551837,0.000000
28.554739,0.000000
28.557642,0.000000
28.560544,444.501080
28.563447,445.014884
28.566349,783.470690
28.569252,777.609568
28.572154,778.958231
28.575057,780.150026
28.577959,781.954639
28.580862,783.310838
28.583764,784.669389
28.586667,785.913495
28.589569,786.821943
28.592472,787.276560
28.595374,787.011063
28.598277,785.648457
28.601179,784.741365
28.604082,784.741365
28.606984,783.505084
28.609887,783.052644
28.612789,782.600466
28.615692,782.487549
28.618594,782.487549
28.621497,0.000000
28.624399,0.000000
28.627302,0.000000
28.630204,0.000000
28.633107,0.000000
28.636009,783.058666
28.638912,783.058666
28.641814,783.058666
28.644717,783.511109
28.647619,783.998030
28.650522,784.451016
28.653424,784.904263
28.656327,785.241650
28.659229,786.149321
28.662132,786.603550
28.665034,787.858550
28.667937,788.769246
28.670839,789.680994
28.673741,790.593797
28.676644,790.994043
28.679546,791.908363
28.682449,792.823740
28.685351,792.933574
28.688254,793.391722
28.691156,793.850136
28.694059,794.767757
28.696961,795.157928
28.699864,796.077061
28.702766,796.997257
28.705669,798.189444
28.708571,798.650629
28.711474,798.189444
28.714376,798.650629
28.717279,798.396928
28.720181,798.396928
28.723084,797.475117
28.725986,796.595922
28.728889,795.216722
28.731791,794.757519
28.734694,793.381502
28.737596,792.569723
28.740499,791.197493
28.743401,790.283994
28.746304,789.094139
28.749206,787.727927
28.752109,786.818433
28.755011,784.489255
28.757914,783.131016
28.760816,782.226830
28.763719,781.323687
28.766621,779.996268
28.769524,779.545854
28.772426,779.545854
28.775329,779.445552
28.778231,778.545621
28.781134,778.545621
28.784036,778.545621
28.786939,778.816041
28.789841,779.266032
28.792744,779.716284
28.795646,779.820025
28.798549,780.721429
28.801451,781.172522
28.804354,782.075489
28.807256,783.464672
28.810159,784.823489
28.813061,785.276952
28.815964,786.806443
28.818866,785.898014
28.821769,786.806443
28.824671,787.715923
28.827574,788.505170
28.830476,790.329110
28.833379,790.785754
28.836281,791.090298
28.839184,792.004729
28.842086,792.920217
28.844989,793.378358
28.847891,793.699000
28.850794,793.699000
28.853696,793.699000
28.856599,794.110375
28.859501,794.110375
28.862404,794.569203
28.865306,794.076359
28.868209,794.076359
28.871111,794.076359
28.874014,793.617815
28.876916,793.425889
28.879819,792.967721
28.882721,792.052177
28.885624,791.739838
28.888526,790.825713
28.891429,789.912643
28.894331,788.545014
28.897234,787.663994
28.900136,786.754575
28.903039,785.846205
28.905941,785.080314
28.908844,784.626965
28.911746,784.626965
28.914649,784.173877
28.917551,784.753255
28.920454,784.300095
28.923356,784.300095
28.926259,784.104491
28.929161,784.104491
28.932063,784.104491
28.934966,784.557538
28.937868,784.556444
28.940771,785.009753
28.943673,785.463323
28.946576,785.486034
28.949478,786.393987
28.952381,786.848357
28.955283,787.379688
28.958186,787.379688
28.961088,787.834627
28.963991,787.834627
28.966893,787.980534
28.969796,788.435821
28.972698,788.891371
28.975601,789.138938
28.978503,790.051114
28.981406,790.051114
28.984308,790.507597
28.987211,791.049637
28.990113,791.506697
28.993016,791.506697
28.995918,791.735462
28.998821,791.735462
29.001723,792.192919
29.004626,792.650640
29.007528,792.738861
29.010431,792.738861
29.013333,792.738861
29.016236,792.641847
29.019138,792.184131
29.022041,792.184131
29.024943,792.184131
29.027846,791.682698
29.030748,791.682698
29.033651,791.225537
29.036553,790.509774
29.039456,789.597069
29.042358,787.774818
29.045261,787.676858
29.048163,790.411474
29.051066,792.239824
29.053968,792.239824
29.056871,697.533595
29.059773,697.936623
29.062676,698.743377
29.065578,700.950112
29.068481,700.950112
29.071383,701.760349
29.074286,702.571523
29.077188,703.454130
29.080091,704.267261
29.082993,703.860578
29.085896,704.313786
29.088798,704.720731
29.091701,704.720731
29.094603,705.127911
29.097506,705.309062
29.100408,705.309062
29.103311,704.901777
29.106213,704.547041
29.109116,704.547041
29.112018,704.547041
29.114921,704.140196
29.117823,703.939059
29.120726,703.532565
29.123628,703.126306
29.126531,702.370666
29.129433,701.559724
29.132336,700.749718
29.135238,699.981873
29.138141,698.366439
29.141043,694.344144
29.143946,695.548394
29.146848,696.652807
29.149751,694.643698
29.152653,693.841677
29.155556,694.742233
29.158458,695.545294
29.161361,0.000000
29.164263,0.000000
29.167166,695.276880
29.170068,696.080559
29.172971,696.080559
29.175873,697.013339
29.178776,698.222218
29.181678,698.222218
29.184580,698.625644
29.187483,699.416241
29.190385,700.224705
29.193288,700.629288
29.196190,701.225117
29.199093,702.035672
29.201995,702.441301
29.204898,702.847164
29.207800,703.237665
29.210703,703.643989
29.213605,703.643989
29.216508,703.809904
29.219410,703.809904
29.222313,703.809904
29.225215,704.206521
29.228118,704.613404
29.231020,704.613404
29.233923,704.613404
29.236825,704.499547
29.239728,704.499547
29.242630,704.499547
29.245533,704.588060
29.248435,704.995164
29.251338,704.995164
29.254240,704.588060
29.257143,704.544955
29.260045,704.138112
29.262948,704.138112
29.265850,703.865183
29.268753,703.458732
29.271655,703.052515
29.274558,702.240786
29.277460,701.419693
29.280363,700.609849
29.283265,698.992965
29.286168,697.801609
29.289070,696.593458
29.291973,695.789186
29.294875,694.985843
29.297778,694.904292
29.300680,0.000000
29.303583,0.000000
29.306485,0.000000
29.309388,0.000000
29.312290,0.000000
29.315193,0.000000
29.318095,0.000000
29.320998,0.000000
29.323900,694.925763
29.326803,695.454554
29.329705,696.660730
29.332608,696.660730
29.335510,697.398269
29.338413,697.801218
29.341315,698.204400
29.344218,698.204400
29.347120,698.701152
29.350023,698.701152
29.352925,699.104854
29.355828,699.415105
29.358730,699.415105
29.361633,699.415105
29.364535,699.415105
29.367438,699.697939
29.370340,699.697939
29.373243,700.102217
29.376145,700.501899
29.379048,700.501899
29.381950,700.501899
29.384853,700.501899
29.387755,700.764152
29.390658,700.764152
29.393560,700.764152
29.396463,700.625802
29.399365,700.625802
29.402268,700.625802
29.405170,700.637068
29.408073,700.232481
29.410975,700.232481
29.413878,699.828128
29.416780,699.530660
29.419683,699.530660
29.422585,698.722997
29.425488,698.134476
29.428390,697.731334
29.431293,697.731334
29.434195,697.731334
29.437098,697.275224
29.440000,697.275224
29.442902,696.872578
29.445805,696.963461
29.448707,696.560996
29.451610,696.560996
29.454512,696.560996
29.457415,696.250802
29.460317,696.250802
29.463220,696.653088
29.466122,696.740574
29.469025,696.740574
29.471927,696.740574
29.474830,697.143143
29.477732,697.006816
29.480635,697.409539
29.483537,697.812495
29.486440,698.190419
29.489342,698.190419
29.492245,698.190419
29.495147,698.309436
29.498050,698.309436
29.500952,697.906193
29.503855,697.503183
29.506757,692.773798
29.509660,687.988460
29.512562,692.773798
29.515465,666.822238
29.518367,665.283330
29.521270,664.515208
29.524172,664.515208
29.527075,664.260727
29.529977,664.260727
29.532880,663.877145
29.535782,663.980719
29.538685,663.980719
29.541587,663.980719
29.544490,663.980719
29.547392,664.039812
29.550295,664.039812
29.553197,663.656359
29.556100,663.958988
29.559002,664.342617
29.561905,664.342617
29.564807,664.342617
29.567710,664.540809
29.570612,664.924774
29.573515,664.924774
29.576417,665.136622
29.579320,665.136622
29.582222,665.136622
29.585125,665.586313
29.588027,665.586313
29.590930,665.586313
29.593832,665.586313
29.596735,665.706758
29.599637,665.706758
29.602540,665.706758
29.605442,665.923744
29.608345,665.923744
29.611247,665.923744
29.614150,665.923744
29.617052,666.301183
29.619955,666.301183
29.622857,666.301183
29.625760,666.429042
29.628662,666.429042
29.631565,666.429042
29.634467,666.429042
29.637370,666.529908
29.640272,666.529908
29.643175,666.529908
29.646077,666.550076
29.648980,666.550076
29.651882,666.550076
29.654785,666.550076
29.657687,666.723332
29.660590,666.723332
29.663492,666.723332
29.666395,666.730918
29.669297,666.730918
29.672200,666.345910
29.675102,666.627725
29.678005,666.627725
29.680907,666.627725
29.683810,666.627725
29.686712,666.775813
29.689615,666.390779
29.692517,666.390779
29.695420,666.371194
29.698322,666.756217
29.701224,666.371194
29.704127,666.371194
29.707029,666.236711
29.709932,666.236711
29.712834,666.621656
29.715737,666.677475
29.718639,666.677475
29.721542,666.292498
29.724444,666.292498
29.727347,666.212732
29.730249,666.212732
29.733152,665.828024
29.736054,666.152854
29.738957,666.537751
29.741859,666.152854
29.744762,666.922869
29.747664,666.847636
29.750567,666.847636
29.753469,665.693078
29.756372,664.486692
29.759274,666.793622
29.762177,666.793622
29.765079,666.755266
29.767982,667.140510
29.770884,666.755266
29.773787,666.755266
29.776689,584.744979
29.779592,584.744979
29.782494,584.069845
29.785397,585.426146
29.788299,586.102848
29.791202,586.102848
29.794104,586.102848
29.797007,586.040527
29.799909,586.040527
29.802812,585.363897
29.805714,585.544105
29.808617,585.205979
29.811519,585.205979
29.814422,585.882426
29.817324,586.369771
29.820227,586.369771
29.823129,586.369771
29.826032,586.669827
29.828934,586.331051
29.831837,586.331051
29.834739,586.331051
29.837642,586.415955
29.840544,586.754780
29.843447,587.093801
29.846349,586.882583
29.849252,586.882583
29.852154,586.882583
29.855057,587.342010
29.857959,587.342010
29.860862,587.342010
29.863764,587.342010
29.866667,587.526635
29.869569,587.526635
29.872472,587.526635
29.875374,587.288794
29.878277,587.967649
29.881179,587.967649
29.884082,587.967649
29.886984,587.597963
29.889887,587.597963
29.892789,587.597963
29.895692,587.796706
29.898594,587.796706
29.901497,587.457279
29.904399,587.457279
29.907302,587.390330
29.910204,587.390330
29.913107,587.051138
29.916009,586.897294
29.918912,586.897294
29.921814,587.236397
29.924717,587.236397
29.927619,586.816937
29.930522,586.816937
29.933424,586.816937
29.936327,587.089995
29.939229,587.089995
29.942132,586.750976
29.945034,586.811500
29.947937,587.150554
29.950839,587.150554
29.953741,587.150554
29.956644,587.085834
29.959546,586.746818
29.962449,586.746818
29.965351,586.131107
29.968254,585.792642
29.971156,584.103248
29.974059,586.808624
29.976961,586.435346
29.979864,587.113214
29.982766,588.131486
29.985669,587.581626
29.988571,587.581626
29.991474,587.921125
29.994376,596.817270
29.997279,647.761009
30.000181,651.137230
30.003084,655.666248
30.005986,658.700954
30.008889,660.987798
30.011791,660.987798
30.014694,661.369710
30.017596,661.390633
30.020499,661.772778
30.023401,662.537730
30.026304,662.558710
30.029206,662.941529
30.032109,662.558710
30.035011,662.499507
30.037914,662.882292
30.040816,662.882292
30.043719,663.265299
30.046621,663.534270
30.049524,663.917653
30.052426,663.151108
30.055329,663.057449
30.058231,663.057449
30.061134,663.057449
30.064036,663.057449
30.066939,663.296516
30.069841,662.530689
30.072744,662.530689
30.075646,662.317596
30.078549,662.317596
30.081451,661.935137
30.084354,661.170881
30.087256,661.090457
30.090159,660.327177
30.093061,660.327177
30.095964,659.520093
30.098866,658.758626
30.101769,658.378222
30.104671,658.378222
30.107574,658.131579
30.110476,657.751537
30.113379,657.751537
30.116281,658.290690
30.119184,658.290690
30.122086,658.290690
30.124989,658.671043
30.127891,659.134690
30.130794,659.134690
30.133696,659.515532
30.136599,660.255828
30.139501,660.637316
30.142404,661.019026
30.145306,661.671034
30.148209,662.435868
30.151111,663.201586
30.154014,663.584777
30.156916,664.012118
30.159819,664.779658
30.162721,665.548085
30.165624,665.837684
30.168526,665.453192
30.171429,665.837684
30.174331,666.607334
30.177234,667.104582
30.180136,666.719359
30.183039,667.104582
30.185941,666.832629
30.188844,666.832629
30.191746,666.832629
30.194649,666.832629
30.197551,667.052986
30.200454,667.438402
30.203356,667.052986
30.206259,667.162939
30.209161,667.162939
30.212063,667.162939
30.214966,667.548419
30.217868,667.244750
30.220771,666.859446
30.223673,666.089504
30.226576,665.811322
30.229478,665.426845
30.232381,665.426845
30.235283,664.652434
30.238186,664.268627
30.241088,663.885041
30.243991,663.885041
30.246893,664.009188
30.249796,664.009188
30.252698,663.625752
30.255601,663.543738
30.258503,663.543738
30.261406,663.927127
30.264308,664.310737
30.267211,664.306847
30.270113,664.306847
30.273016,664.306847
30.275918,664.680700
30.278821,665.064745
30.281723,665.064745
30.284626,665.064745
30.287528,665.320155
30.290431,665.704570
30.293333,665.704570
30.296236,665.654171
30.299138,666.038779
30.302041,666.038779
30.304943,666.423610
30.307846,666.145338
30.310748,666.530230
30.313651,666.530230
30.316553,666.623766
30.319456,667.008935
30.322358,667.008935
30.325261,667.218855
30.328163,667.218855
30.331066,667.218855
30.333968,667.218855
30.336871,667.332165
30.339773,667.332165
30.342676,667.332165
30.345578,667.384642
30.348481,667.384642
30.351383,667.384642
30.354286,666.999257
30.357188,667.117171
30.360091,667.117171
30.362993,667.117171
30.365896,667.245191
30.368798,666.859886
30.371701,666.859886
30.374603,666.859886
30.377506,666.432077
30.380408,666.432077
30.383311,666.047242
30.386213,665.886950
30.389116,665.886950
30.392018,665.502429
30.394921,665.502429
30.397823,665.133910
30.400726,665.133910
30.403628,664.749824
30.406531,664.564920
30.409433,664.948899
30.412336,664.564920
30.415238,664.437330
30.418141,664.437330
30.421043,664.821235
30.423946,664.821235
30.426848,664.806216
30.429751,664.806216
30.432653,664.038645
30.435556,661.350037
30.438458,660.968137
30.441361,658.301001
30.444263,658.681361
30.447166,654.393791
30.450068,654.771893
30.452971,660.851320
30.455873,656.611070
30.458776,658.510179
30.461678,0.000000
30.464580,0.000000
30.467483,0.000000
30.470385,0.000000
30.473288,0.000000
30.476190,0.000000
30.479093,0.000000
30.481995,0.000000
30.484898,0.000000
30.487800,0.000000
30.490703,0.000000
30.493605,0.000000
30.496508,0.000000
30.499410,0.000000
30.502313,0.000000
30.505215,585.288119
30.508118,584.274770
30.511020,583.937377
30.513923,584.950141
30.516825,587.068868
30.519728,587.747469
30.522630,588.426854
30.525533,589.393241
30.528435,590.756603
30.531338,590.756603
30.534240,590.415467
30.537143,589.667467
30.540045,590.008170
30.542948,590.008170
30.545850,590.057018
30.548753,589.716286
30.551655,590.397946
30.554558,590.739072
30.557460,590.848524
30.560363,590.507335
30.563265,590.166343
30.566168,589.494583
30.569070,589.494583
30.571973,589.494583
30.574875,589.835187
30.577778,589.536257
30.580680,589.536257
30.583583,589.876885
30.586485,589.916338
30.589388,590.257185
30.592290,590.598230
30.595193,590.344772
30.598095,590.344772
30.600998,590.344772
30.603900,590.344772
30.606803,590.576734
30.609705,590.917963
30.612608,590.917963
30.615510,591.269420
30.618413,591.269420
30.621315,591.269420
30.624218,590.927988
30.627120,590.564734
30.630023,590.905956
30.632925,591.247376
30.635828,591.442639
30.638730,591.101107
30.641633,591.442639
30.644535,591.442639
30.647438,591.441946
30.650340,591.100415
30.653243,590.759080
30.656145,590.297175
30.659048,590.638242
30.661950,590.297175
30.664853,590.638242
30.667755,590.133034
30.670658,590.133034
30.673560,589.792258
30.676463,589.792449
30.679365,589.451870
30.682268,589.451870
30.685170,589.036731
30.688073,589.036731
30.690975,589.036731
30.693878,588.356642
30.696780,588.055654
30.699683,587.376697
30.702585,587.376697
30.705488,586.632808
30.708390,585.278964
30.711293,586.632808
30.714195,586.294054
30.717098,586.423067
30.720000,586.423067
30.722902,586.084434
30.725805,567.006595
30.728707,567.006595
30.731610,567.006595
30.734512,567.006595
30.737415,566.793331
30.740317,566.793331
30.743220,567.120818
30.746122,566.867044
30.749025,566.539704
30.751927,566.539704
30.754830,566.867044
30.757732,566.940344
30.760635,566.940344
30.763537,566.940344
30.766440,567.112375
30.769342,567.112375
30.772245,567.112375
30.775147,567.040553
30.778050,567.040553
30.780952,567.040553
30.783855,567.040553
30.786757,567.024238
30.789660,567.024238
30.792562,566.696806
30.795465,567.026181
30.798367,567.353803
30.801270,567.353803
30.804172,567.353803
30.807075,567.238797
30.809977,567.566542
30.812880,567.566542
30.815782,567.603172
30.818685,567.275406
30.821587,567.275406
30.824490,567.275406
30.827392,567.350038
30.830295,567.350038
30.833197,567.350038
30.836100,567.247514
30.839002,567.575264
30.841905,567.575264
30.844807,567.575264
30.847710,567.278774
30.850612,567.278774
30.853515,567.278774
30.856417,567.187270
30.859320,567.187270
30.862222,567.187270
30.865125,567.197427
30.868027,567.525148
30.870930,567.525148
30.873832,567.525148
30.876735,567.489250
30.879637,567.489250
30.882540,567.489250
30.885442,567.573630
30.888345,567.573630
30.891247,567.245881
30.894150,567.245881
30.897052,567.497769
30.899955,567.497769
30.902857,567.497769
30.905760,567.297965
30.908662,567.297965
30.911565,567.297965
30.914467,567.297965
30.917370,567.283845
30.920272,566.956264
30.923175,566.956264
30.926077,567.036806
30.928980,567.036806
30.931882,566.709367
30.934785,566.709367
30.937687,566.415444
30.940590,566.415444
30.943492,566.415444
30.946395,566.545942
30.949297,566.218786
30.952200,566.218786
30.955102,566.298112
30.958005,0.000000
30.960907,566.298112
30.963810,565.971100
30.966712,565.284375
30.969615,564.957948
30.972517,564.957948
30.975420,564.705800
30.978322,564.705800
30.981224,564.705800
30.984127,565.032081
30.987029,566.915784
30.989932,569.212668
30.992834,567.571089
30.995737,567.711267
30.998639,568.039285
31.001542,567.711267
31.004444,567.055800
31.007347,567.737387
31.010249,564.141505
31.013152,565.446456
31.016054,567.494879
31.018957,567.494879
31.021859,567.494879
31.024762,567.167176
31.027664,583.002902
31.030567,579.979965
31.033469,572.325702
31.036372,588.620355
31.039274,588.620355
31.042177,588.620355
31.045079,589.729590
31.047982,589.729590
31.050884,589.729590
31.053787,589.729590
31.056689,590.719637
31.059592,590.719637
31.062494,590.719637
31.065397,590.997840
31.068299,590.997840
31.071202,591.339313
31.074104,590.656565
31.077007,590.177325
31.079909,590.859519
31.082812,591.200911
31.085714,591.336999
31.088617,591.336999
31.091519,591.336999
31.094422,591.336999
31.097324,591.847950
31.100227,591.506184
31.103129,591.164615
31.106032,591.211953
31.108934,591.553549
31.111837,591.553549
31.114739,591.553549
31.117642,591.485372
31.120544,591.485372
31.123447,591.827126
31.126349,591.171265
31.129252,591.512838
31.132154,591.512838
31.135057,591.823274
31.137959,591.823274
31.140862,591.823274
31.143764,592.165223
31.146667,592.078177
31.149569,592.078177
31.152472,591.736278
31.155374,591.509330
31.158277,591.509330
31.161179,591.509330
31.164082,591.509330
31.166984,591.286922
31.169887,591.286922
31.172789,591.286922
31.175692,591.143203
31.178594,591.484759
31.181497,591.143203
31.184399,591.484759
31.187302,591.445991
31.190204,591.104457
31.193107,591.445991
31.196009,591.002959
31.198912,591.002959
31.201814,591.002959
31.204717,591.344434
31.207619,591.401769
31.210522,591.401769
31.213424,591.401769
31.216327,591.402436
31.219229,591.060927
31.222132,591.402436
31.225034,591.901541
31.227937,591.901541
31.230839,592.243535
31.233741,592.243535
31.236644,592.350270
31.239546,592.350270
31.242449,592.008214
31.245351,592.081279
31.248254,591.739379
31.251156,592.081279
31.254059,592.081279
31.256961,592.457348
31.259864,592.115230
31.262766,592.115230
31.265669,592.086585
31.268571,592.086585
31.271474,592.086585
31.274376,592.086585
31.277279,592.351812
31.280181,592.694066
31.283084,592.351812
31.285986,591.953442
31.288889,592.295466
31.291791,592.295466
31.294694,591.953442
31.297596,592.073738
31.300499,592.073738
31.303401,592.415832
31.306304,592.187037
31.309206,592.187037
31.312109,591.845075
31.315011,591.827070
31.317914,592.169021
31.320816,592.169021
31.323719,592.169021
31.326621,592.382344
31.329524,592.382344
31.332426,592.382344
31.335329,592.560765
31.338231,592.560765
31.341134,592.560765
31.344036,592.560765
31.346939,592.690871
31.349841,593.033322
31.352744,592.690871
31.355646,592.830484
31.358549,592.830484
31.361451,593.173015
31.364354,593.173015
31.367256,593.004257
31.370159,593.346889
31.373061,593.689719
31.375964,593.629623
31.378866,593.629623
31.381769,593.629623
31.384671,593.972616
31.387574,593.831262
31.390476,593.831262
31.393379,593.831262
31.396281,593.780367
31.399184,594.123447
31.402086,594.123447
31.404989,594.123447
31.407891,594.181939
31.410794,594.525251
31.413696,594.525251
31.416599,594.380645
31.419501,594.724072
31.422404,594.724072
31.425306,594.807310
31.428209,594.463835
31.431111,594.120559
31.434014,593.777480
31.436916,593.598832
31.439819,593.256055
31.442721,593.598832
31.445624,593.025813
31.448526,592.683366
31.451429,592.683366
31.454331,592.341118
31.457234,592.125847
31.460136,592.125847
31.463039,591.783920
31.465941,591.422510
31.468844,591.422510
31.471746,591.422510
31.474649,591.080990
31.477551,591.147404
31.480454,591.147404
31.483356,591.147404
31.486259,591.088846
31.489161,591.088846
31.492063,590.747518
31.494966,590.747518
31.497868,590.649558
31.500771,590.990830
31.503673,591.332298
31.506576,591.312866
31.509478,591.654521
31.512381,591.996372
31.515283,592.221688
31.518186,592.563868
31.521088,592.906245
31.523991,592.906245
31.526893,592.980663
31.529796,593.323281
31.532698,593.666097
31.535601,594.051189
31.538503,594.394425
31.541406,594.737860
31.544308,594.737860
31.547211,595.228036
31.550113,595.571952
31.553016,595.916067
31.555918,595.952620
31.558821,596.296956
31.561723,596.296956
31.564626,596.641490
31.567528,596.420190
31.570431,596.764795
31.573333,597.109599
31.576236,597.625467
31.579138,597.625467
31.582041,598.316270
31.584943,598.316270
31.587846,598.415375
31.590748,598.415375
31.593651,598.761133
31.596553,598.067191
31.599456,598.067191
31.602358,597.721834
31.605261,597.365761
31.608163,597.020808
31.611066,596.676055
31.613968,595.987146
31.616871,595.634926
31.619773,595.290973
31.622676,594.603663
31.625578,594.496376
31.628481,594.153080
31.631383,593.467084
31.634286,591.755557
31.637188,592.039467
31.640091,591.697590
31.642993,591.355911
31.645896,590.838825
31.648798,591.180205
31.651701,591.180205
31.654603,589.815866
31.657506,588.598013
31.660408,588.258124
31.663311,587.239633
31.666213,587.392780
31.669116,589.091689
31.672018,589.772627
31.674921,589.772627
31.677823,587.828594
31.680726,587.489149
31.683628,587.828594
31.686531,588.302057
31.689433,587.962338
31.692336,588.641972
31.695238,589.048091
31.698141,589.388436
31.701043,589.728979
31.703946,590.410654
31.706848,590.754201
31.709751,590.754201
31.712653,591.437061
31.715556,592.510085
31.718458,592.852431
31.721361,592.852431
31.724263,593.194975
31.727166,594.339079
31.730068,594.339079
31.732971,595.369883
31.735873,595.742402
31.738776,596.086616
31.741678,596.431028
31.744580,596.431028
31.747483,596.520957
31.750385,596.865620
31.753288,596.865620
31.756190,597.292812
31.759093,597.637922
31.761995,597.637922
31.764898,597.292812
31.767800,596.643374
31.770703,596.643374
31.773605,596.988108
31.776508,597.031491
31.779410,597.721608
31.782313,598.412522
31.785215,597.467863
31.788118,597.122852
31.791020,596.433427
31.793923,596.089013
31.796825,596.112937
31.799728,596.112937
31.802630,595.080847
31.805533,594.232969
31.808435,593.546881
31.811338,593.204134
31.814240,593.204134
31.817143,593.132030
31.820045,592.789523
31.822948,591.763186
31.825850,591.815813
31.828753,592.499900
31.831655,592.842241
31.834558,592.842241
31.837460,591.598281
31.840363,589.892143
31.843265,590.574007
31.846168,590.737878
31.849070,591.079200
31.851973,591.079200
31.854875,591.079200
31.857778,590.936882
31.860680,592.303815
31.863583,592.303815
31.866485,591.685631
31.869388,591.343959
31.872290,592.027501
31.875193,592.658477
31.878095,592.316243
31.880998,592.658477
31.883900,593.000908
31.886803,593.425361
31.889705,592.740205
31.892608,593.425361
31.895510,594.661804
31.898413,594.318413
31.901315,593.975221
31.904218,594.661804
31.907120,595.348341
31.910023,596.036512
31.912925,596.380896
31.915828,595.687894
31.918730,596.032077
31.921633,596.721038
31.924535,596.721038
31.927438,596.642457
31.930340,596.987191
31.933243,595.609450
31.936145,593.863440
31.939048,594.549894
31.941950,595.237142
31.944853,595.581064
31.947755,596.076925
31.950658,0.000000
31.953560,0.000000
31.956463,0.000000
31.959365,0.000000
31.962268,0.000000
31.965170,0.000000
31.968073,0.000000
31.970975,0.000000
31.973878,0.000000
31.976780,0.000000
31.979683,594.573077
31.982585,594.229737
31.985488,592.511243
31.988390,592.511243
31.991293,591.143832
31.994195,591.143832
31.997098,592.463959
32.000000,593.834424
32.002902,594.177536
32.005805,593.855370
32.008707,594.541815
32.011610,594.198493
32.014512,593.512445
32.017415,593.153032
32.020317,593.838666
32.023220,593.153032
32.026122,594.056935
32.029025,594.400175
32.031927,594.743613
32.034830,0.000000
32.037732,0.000000
32.040635,0.000000
32.043537,0.000000
32.046440,0.000000
32.049342,0.000000
32.052245,0.000000
32.055147,0.000000
32.058050,0.000000
32.060952,0.000000
32.063855,0.000000
32.066757,0.000000
32.069660,0.000000
32.072562,595.310701
32.075465,594.907188
32.078367,596.283304
32.081270,593.191507
32.084172,591.139220
32.087075,597.347962
32.089977,588.783903
32.092880,588.443906
32.095782,591.114362
32.098685,593.166562
32.101587,593.166562
32.104490,589.750174
32.107392,595.014832
32.110295,593.984643
32.113197,599.499672
32.116100,595.467495
32.119002,592.722199
32.121905,594.093262
32.124807,596.155804
32.127710,592.801228
32.130612,593.829365
32.133515,593.143742
32.136417,0.000000
32.139320,0.000000
32.142222,597.878156
32.145125,498.366105
32.148027,498.078321
32.150930,499.230457
32.153832,500.096307
32.156735,500.756982
32.159637,500.467817
32.162540,501.915314
32.165442,501.312926
32.168345,500.444969
32.171247,500.444969
32.174150,500.734121
32.177052,500.783378
32.179955,500.783378
32.182857,500.783378
32.185760,500.291258
32.188662,500.002362
32.191565,499.425070
32.194467,499.136674
32.197370,498.026322
32.200272,497.738734
32.203175,497.451311
32.206077,497.368094
32.208980,496.793844
32.211882,496.220256
32.214785,496.220256
32.217687,495.430638
32.220590,495.430638
32.223492,495.430638
32.226395,495.458288
32.229297,495.172183
32.232200,495.172183
32.235102,495.440902
32.238005,495.727162
32.240907,495.727162
32.243810,496.013588
32.246712,496.493357
32.249615,496.493357
32.252517,496.780226
32.255420,497.033609
32.258322,497.033609
32.261224,497.320790
32.264127,497.895649
32.267029,498.617535
32.269932,498.905631
32.272834,499.482322
32.275737,500.261844
32.278639,500.550890
32.281542,500.550890
32.284444,500.840103
32.287347,501.457581
32.290249,502.617534
32.293152,502.617534
32.296054,503.592795
32.298957,504.466212
32.301859,503.301993
32.304762,503.592795
32.307664,505.463024
32.310567,506.047295
32.313469,504.587882
32.316372,504.537323
32.319274,505.412378
32.322177,506.581479
32.325079,505.743418
32.327982,504.576251
32.330884,503.993678
32.333787,503.702644
32.336689,503.479999
32.339592,503.479999
32.342494,503.189261
32.345397,503.181645
32.348299,502.600683
32.351202,502.020391
32.354104,500.861816
32.357007,499.582461
32.359909,499.582461
32.362812,498.717500
32.365714,498.997606
32.368617,498.997606
32.371519,498.421475
32.374422,497.846008
32.377324,497.862673
32.380227,498.150333
32.383129,498.438159
32.386032,498.910521
32.388934,499.198786
32.391837,498.910521
32.394739,498.622422
32.397642,497.880554
32.400544,498.744063
32.403447,498.744063
32.406349,498.839850
32.409252,499.416466
32.412154,499.128075
32.415057,499.301525
32.417959,499.013201
32.420862,498.725043
32.423764,498.437051
32.426667,498.771343
32.429569,498.483325
32.432472,498.195472
32.435374,498.246238
32.438277,498.246238
32.441179,497.383590
32.444082,497.383590
32.446984,497.752951
32.449887,498.040547
32.452789,498.328310
32.455692,498.716419
32.458594,499.581378
32.461497,499.581378
32.464399,500.736990
32.467302,500.730204
32.470204,499.574607
32.473107,500.441054
32.476009,501.082599
32.478912,501.372119
32.481814,501.082599
32.484717,501.082599
32.487619,502.228401
32.490522,503.390136
32.493424,501.938386
32.496327,502.115012
32.499229,501.535281
32.502132,501.535281
32.505034,501.271184
32.507937,500.692427
32.510839,500.981722
32.513741,500.981722
32.516644,501.397630
32.519546,502.557444
32.522449,501.977202
32.525351,501.167734
32.528254,500.011128
32.531156,0.000000
32.534059,0.000000
32.536961,0.000000
32.539864,0.000000
32.542766,0.000000
32.545669,0.000000
32.548571,0.000000
32.551474,0.000000
32.554376,0.000000
32.557279,0.000000
32.560181,0.000000
32.563084,0.000000
32.565986,0.000000
32.568889,0.000000
32.571791,0.000000
32.574694,0.000000
32.577596,0.000000
32.580499,0.000000
32.583401,0.000000
32.586304,0.000000
32.589206,0.000000
32.592109,0.000000
32.595011,0.000000
32.597914,0.000000
32.600816,0.000000
32.603719,500.529497
32.606621,509.603778
32.609524,509.603778
32.612426,510.192835
32.615329,514.236144
32.618231,515.128020
32.621134,518.711018
32.624036,519.910881
32.626939,521.687555
32.629841,522.592355
32.632744,522.894303
32.635646,522.921892
32.638549,522.318138
32.641451,521.715081
32.644354,521.715081
32.647256,521.355104
32.650159,521.054045
32.653061,520.753159
32.655964,520.430545
32.658866,520.430545
32.661769,520.430545
32.664671,520.430545
32.667574,520.383733
32.670476,520.083234
32.673379,520.083234
32.676281,519.876088
32.679184,520.477019
32.682086,520.477019
32.684989,520.477019
32.687891,520.524272
32.690794,520.825025
32.693696,521.125953
32.696599,521.479446
32.699501,521.479446
32.702404,521.780752
32.705306,522.125538
32.708209,522.427217
32.711111,523.031097
32.714014,523.031097
32.716916,523.777346
32.719819,524.382787
32.722721,525.292261
32.725624,525.874646
32.728526,526.482511
32.731429,527.395626
32.734331,527.395626
32.737234,528.433454
32.740136,528.128307
32.743039,528.128307
32.745941,529.293247
32.748844,529.599067
32.751746,529.905064
32.754649,530.517588
32.757551,530.070744
32.760454,530.070744
32.763356,530.377013
32.766259,531.189922
32.769161,531.803931
32.772063,531.496838
32.774966,531.496838
32.777868,531.482708
32.780771,531.175800
32.783673,530.562516
32.786576,530.554205
32.789478,529.941638
32.792381,529.941638
32.795283,529.466553
32.798186,529.466553
32.801088,528.549852
32.803991,527.634738
32.806893,526.887046
32.809796,526.582792
32.812698,525.367532
32.815601,524.584539
32.818503,523.978865
32.821406,523.373891
32.824308,522.166036
32.827211,521.796766
32.830113,521.796766
32.833016,521.194311
32.835918,520.554148
32.838821,520.854919
32.841723,520.854919
32.844626,521.155864
32.847528,520.930601
32.850431,520.930601
32.853333,520.930601
32.856236,521.204346
32.859138,522.108307
32.862041,522.409976
32.864943,522.108307
32.867846,522.443664
32.870748,523.349774
32.873651,523.349774
32.876553,523.862083
32.879456,524.467622
32.882358,524.770653
32.885261,525.687407
32.888163,525.991143
32.891066,527.817252
32.893968,528.122220
32.896871,528.545650
32.899773,527.935402
32.902676,527.630543
32.905578,528.057840
32.908481,528.057840
32.911383,527.448156
32.914286,527.752910
32.917188,528.826809
32.920091,529.132359
32.922993,529.132359
32.925896,528.861691
32.928798,528.556297
32.931701,528.556297
32.934603,528.861691
32.937506,528.873288
32.940408,529.178865
32.943311,528.873288
32.946213,528.646357
32.949116,527.731076
32.952018,527.426334
32.954921,528.035993
32.957823,528.573048
32.960726,528.267821
32.963628,528.267821
32.966531,528.323771
32.969433,527.409049
32.972336,527.409049
32.975238,527.447943
32.978141,527.752697
32.981043,527.752697
32.983946,527.752697
32.986848,527.895322
32.989751,528.200335
32.992653,0.000000
32.995556,0.000000
32.998458,0.000000
33.001361,527.800019
33.004263,527.800019
33.007166,528.272160
33.010068,527.967106
33.012971,527.662228
33.015873,527.892362
33.018776,528.197372
33.021678,528.197372
33.024580,528.197372
33.027483,528.110583
33.030385,528.415720
33.033288,528.110583
33.036190,527.541085
33.039093,527.236454
33.041995,527.236454
33.044898,526.931998
33.047800,525.645975
33.050703,524.735889
33.053605,522.316688
33.056508,520.445922
33.059410,521.348568
33.062313,527.101792
33.065215,527.250708
33.068118,524.516852
33.071020,525.426559
33.073923,526.337843
33.076825,524.881525
33.079728,523.670192
33.082630,521.858430
33.085533,579.577527
33.088435,585.973324
33.091338,588.007676
33.094240,589.367833
33.097143,592.343192
33.100045,592.343192
33.102948,593.370534
33.105850,593.123949
33.108753,592.781446
33.111655,593.466650
33.114558,594.152645
33.117460,594.681271
33.120363,595.712668
33.123265,595.712668
33.126168,595.469351
33.129070,595.469351
33.131973,595.813407
33.134875,595.813407
33.137778,595.433951
33.140680,595.433951
33.143583,595.090114
33.146485,594.833153
33.149388,594.489663
33.152290,593.460383
33.155193,593.102634
33.158095,593.102634
33.160998,592.760143
33.163900,591.733858
33.166803,591.375841
33.169705,590.351952
33.172608,590.011050
33.175510,589.907300
33.178413,589.226206
33.181315,588.206039
33.184218,586.509684
33.187120,585.988849
33.190023,585.988849
33.192925,585.988849
33.195828,585.815182
33.198730,585.476900
33.201633,585.815182
33.204535,585.815182
33.207438,586.171164
33.210340,586.171164
33.213243,586.509848
33.216145,586.356915
33.219048,586.356915
33.221950,586.356915
33.224853,586.695706
33.227755,586.637245
33.230658,587.315346
33.233560,587.654691
33.236463,588.601364
33.239365,587.921778
33.242268,589.281736
33.245170,589.176951
33.248073,590.881020
33.250975,590.881020
33.253878,590.539812
33.256780,591.176372
33.259683,592.201691
33.262585,593.228788
33.265488,594.328475
33.268390,595.359261
33.271293,596.047444
33.274195,596.736423
33.277098,597.648078
33.280000,597.648078
33.282902,597.993393
33.285805,597.681676
33.288707,597.681676
33.291610,597.336541
33.294512,597.336541
33.297415,596.445244
33.300317,596.100823
33.303220,595.756601
33.306122,595.194139
33.309025,594.506941
33.311927,594.506941
33.314830,594.850441
33.317732,594.252043
33.320635,593.223175
33.323537,592.538252
33.326440,591.770005
33.329342,591.770005
33.332245,591.770005
33.335147,590.993728
33.338050,590.311379
33.340952,589.289334
33.343855,588.949045
33.346757,588.810892
33.349660,588.470880
33.352562,588.131064
33.355465,587.932134
33.358367,587.932134
33.361270,587.932134
33.364172,587.932134
33.367075,587.594832
33.369977,587.255522
33.372880,587.934338
33.375782,588.005019
33.378685,588.684702
33.381587,588.684702
33.384490,589.024837
33.387392,589.068907
33.390295,589.068907
33.393197,589.068907
33.396100,589.439491
33.399002,589.439491
33.401905,589.439491
33.404807,589.439491
33.407710,589.640669
33.410612,589.640669
33.413515,589.981357
33.416417,590.538510
33.419320,591.221121
33.422222,591.221121
33.425125,591.397750
33.428027,591.739454
33.430930,592.081354
33.433832,592.423453
33.436735,592.131873
33.439637,592.474000
33.442540,592.474000
33.445442,592.542873
33.448345,592.885238
33.451247,592.885238
33.454150,592.885238
33.457052,593.006006
33.459955,593.006006
33.462857,592.663571
33.465760,592.367948
33.468662,592.710212
33.471565,592.710212
33.474467,592.710212
33.477370,593.024443
33.480272,592.681998
33.483175,592.681998
33.486077,592.535960
33.488980,592.535960
33.491882,592.535960
33.494785,592.193797
33.497687,592.199909
33.500590,592.199909
33.503492,592.199909
33.506395,592.125765
33.509297,592.125765
33.512200,592.125765
33.515102,591.611761
33.518005,591.270131
33.520907,591.270131
33.523810,591.270131
33.526712,591.162428
33.529615,590.821058
33.532517,590.479885
33.535420,589.995128
33.538322,589.995128
33.541224,590.336021
33.544127,591.018398
33.547029,592.066923
33.549932,591.383336
33.552834,591.725031
33.555737,592.230640
33.558639,592.230640
33.561542,591.888653
33.564444,591.888653
33.567347,592.062401
33.570249,592.404489
33.573152,592.062401
33.576054,592.348443
33.578957,592.006388
33.581859,0.000000
33.584762,0.000000
33.587664,0.000000
33.590567,0.000000
33.593469,0.000000
33.596372,0.000000
33.599274,0.000000
33.602177,0.000000
33.605079,794.194603
33.607982,793.735991
33.610884,793.277644
33.613787,792.819561
33.616689,791.986572
33.619592,791.529235
33.622494,791.072162
33.625397,790.474612
33.628299,789.106010
33.631202,788.194925
33.634104,786.830270
33.637007,785.998097
33.639909,785.090601
33.642812,785.090601
33.645714,783.402673
33.648617,782.950293
33.651519,782.046315
33.654422,782.046315
33.657324,781.753596
33.660227,781.753596
33.663129,781.302168
33.666032,780.684797
33.668934,780.233986
33.671837,779.783436
33.674739,779.333145
33.677642,779.406641
33.680544,779.856974
33.683447,780.758421
33.686349,781.847830
33.689252,782.299574
33.692154,782.751578
33.695057,783.367266
33.697959,783.367266
33.700862,783.367266
33.703764,784.725915
33.706667,786.501269
33.709569,786.955701
33.712472,787.410396
33.715374,788.701802
33.718277,789.613472
33.721179,790.982954
33.724082,790.982954
33.726984,791.156985
33.729887,791.156985
33.732789,791.614107
33.735692,792.699476
33.738594,794.074310
33.741497,794.992191
33.744399,795.911133
33.747302,796.043156
33.750204,796.503101
33.753107,796.503101
33.756009,796.681773
33.758912,796.681773
33.761814,795.761941
33.764717,795.302424
33.767619,793.948917
33.770522,793.948917
33.773424,793.490446
33.776327,793.283223
33.779229,792.825137
33.782132,791.909758
33.785034,790.670160
33.787937,789.757270
33.790839,787.934649
33.793741,785.662288
33.796644,784.053086
33.799546,783.147835
33.802449,782.695602
33.805351,781.852958
33.808254,780.499284
33.811156,780.048580
33.814059,780.048580
33.816961,780.096343
33.819864,779.645872
33.822766,779.195661
33.825669,779.253871
33.828571,779.704115
33.831474,780.154620
33.834376,781.056411
33.837279,781.371744
33.840181,781.371744
33.843084,781.823213
33.845986,782.513096
33.848889,782.965224
33.851791,784.323175
33.854694,785.229785
33.857596,785.774030
33.860499,787.136853
33.863401,787.136853
33.866304,788.291122
33.869206,788.746589
33.872109,789.658311
33.875011,789.568052
33.877914,790.024256
33.880816,790.480724
33.883719,790.937455
33.886621,791.224295
33.889524,791.224295
33.892426,791.224295
33.895329,791.503632
33.898231,791.960954
33.901134,792.418541
33.904036,792.876392
33.906939,793.034757
33.909841,792.576814
33.912744,792.576814
33.915646,792.485085
33.918549,792.485085
33.921451,792.485085
33.924354,791.570099
33.927256,791.484190
33.930159,791.027143
33.933061,790.570360
33.935964,790.065045
33.938866,789.152853
33.941769,788.241715
33.944671,787.331628
33.947574,786.942039
33.950476,786.942039
33.953379,786.942039
33.956281,786.737034
33.959184,787.191603
33.962086,786.737034
33.964989,786.737034
33.967891,787.767704
33.970794,788.678295
33.973696,788.678295
33.976599,788.982221
33.979501,789.438087
33.982404,789.438087
33.985306,789.734748
33.988209,790.191048
33.991111,790.647612
33.994014,791.104440
33.996916,791.684321
33.999819,791.684321
34.002721,791.684321
34.005624,791.661309
34.008526,791.661309
34.011429,792.118722
34.014331,791.661309
34.017234,791.817029
34.020136,792.274533
34.023039,792.274533
34.025941,791.990521
34.028844,791.990521
34.031746,791.990521
34.034649,791.533181
34.037551,792.142889
34.040454,791.685461
34.043356,792.142889
34.046259,791.999592
34.049161,790.628350
34.052063,790.628350
34.054966,786.983300
34.057868,789.741515
34.060771,787.918931
34.063673,787.463942
34.066576,788.287697
34.069478,787.832496
34.072381,788.287697
34.075283,787.674120
34.078186,787.674120
34.081088,796.826453
34.083991,795.446853
34.086893,0.000000
34.089796,489.947668
34.092698,490.230755
34.095601,492.429222
34.098503,492.713743
34.101406,493.568291
34.104308,494.709994
34.107211,495.192425
34.110113,496.337885
34.113016,496.624664
34.115918,496.771299
34.118821,497.058328
34.121723,497.632885
34.124626,498.208105
34.127528,497.625705
34.130431,497.051157
34.133333,497.051157
34.136236,497.313489
34.139138,497.313489
34.142041,497.313489
34.144943,497.313489
34.147846,497.300538
34.150748,497.587873
34.153651,498.163041
34.156553,498.923425
34.159456,499.211698
34.162358,499.211698
34.165261,499.760163
34.168163,500.048920
34.171066,500.048920
34.173968,500.337843
34.176871,500.127200
34.179773,500.127200
34.182676,499.838398
34.185578,499.835960
34.188481,499.835960
34.191383,500.413726
34.194286,500.413726
34.197188,500.477036
34.200091,500.477036
34.202993,500.477036
34.205896,500.502795
34.208798,500.791980
34.211701,500.791980
34.214603,500.791980
34.217506,500.794403
34.220408,501.083757
34.223311,501.083757
34.226213,501.202403
34.229116,501.202403
34.232018,501.202403
34.234921,501.491992
34.237823,501.517903
34.240726,0.000000
34.243628,0.000000
34.246531,0.000000
34.249433,0.000000
34.252336,501.083991
34.255238,501.397629
34.258141,501.687331
34.261043,502.267238
34.263946,502.557443
34.266848,502.088889
34.269751,501.509188
34.272653,501.219589
34.275556,500.242374
34.278458,499.087903
34.281361,497.073986
34.284263,494.782315
34.287166,491.333432
34.290068,487.657781
34.292971,484.849079
34.295873,445.638239
34.298776,441.283671
34.301678,442.304432
34.304580,441.538640
34.307483,442.403084
34.310385,442.147616
34.313288,441.892295
34.316190,441.948340
34.319093,441.693134
34.321995,441.693134
34.324898,441.438076
34.327800,441.729924
34.330703,441.985151
34.333605,441.985151
34.336508,442.058142
34.339410,441.547751
34.342313,441.547751
34.345215,441.449535
34.348118,441.704600
34.351020,442.215172
34.353923,442.215172
34.356825,442.113301
34.359728,442.113301
34.362630,442.368749
34.365533,442.202899
34.368435,442.458399
34.371338,442.458399
34.374240,442.458399
34.377143,442.215893
34.380045,442.727056
34.382948,442.727056
34.385850,442.587435
34.388753,442.587435
34.391655,442.587435
34.394558,442.587435
34.397460,442.730176
34.400363,442.985981
34.403265,442.985981
34.406168,442.767744
34.409070,442.767744
34.411973,442.512065
34.414875,442.767744
34.417778,442.537786
34.420680,442.537786
34.423583,442.537786
34.426485,442.619418
34.429388,442.875159
34.432290,442.875159
34.435193,443.124071
34.438095,443.124071
34.440998,442.868186
34.443900,442.612449
34.446803,442.841000
34.449705,443.096869
34.452608,443.096869
34.455510,442.826048
34.458413,442.826048
34.461315,442.826048
34.464218,442.570335
34.467120,442.561812
34.470023,442.817520
34.472925,442.817520
34.475828,442.905110
34.478730,442.905110
34.481633,442.649352
34.484535,442.649352
34.487438,442.340741
34.490340,442.340741
34.493243,441.830024
34.496145,441.596228
34.499048,440.577102
34.501950,440.577102
34.504853,440.831663
34.507755,441.059288
34.510658,441.824248
34.513560,442.590535
34.516463,442.454932
34.519365,441.433824
34.522268,439.906579
34.525170,439.584467
34.528073,443.665921
34.530975,444.692192
34.533878,442.897773
34.536780,440.538895
34.539683,442.579328
34.542585,439.776161
34.545488,495.454188
34.548390,491.463747
34.551293,490.329535
34.554195,492.031836
34.557098,491.441092
34.560000,496.864280
34.562902,497.726027
34.565805,498.191781
34.568707,498.191781
34.571610,497.616580
34.574512,498.191781
34.577415,498.811979
34.580317,498.811979
34.583220,498.523937
34.586122,498.855731
34.589025,498.567664
34.591927,498.567664
34.594830,498.279763
34.597732,498.621304
34.600635,498.621304
34.603537,498.909402
34.606440,498.976162
34.609342,498.976162
34.612245,499.264465
34.615147,499.387277
34.618050,499.387277
34.620952,499.387277
34.623855,499.387277
34.626757,499.697054
34.629660,499.408501
34.632562,499.408501
34.635465,499.365534
34.638367,499.654062
34.641270,499.365534
34.644172,499.654062
34.647075,499.786185
34.649977,499.497581
34.652880,499.497581
34.655782,499.734372
34.658685,499.445798
34.661587,499.157390
34.664490,499.445798
34.667392,499.534579
34.670295,499.246120
34.673197,498.381741
34.676100,498.541590
34.679002,497.965985
34.681905,497.678432
34.684807,497.678432
34.687710,496.231159
34.690612,494.800054
34.693515,495.944607
34.696417,496.178533
34.699320,496.465220
34.702222,495.033441
34.705125,497.400510
34.708027,499.415750
34.710930,498.839136
34.713832,499.704308
34.716735,500.052112
34.719637,500.341037
34.722540,503.821184
34.725442,509.883418
34.728345,511.358148
34.731247,512.837143
34.734150,514.023418
34.737052,515.658327
34.739955,517.149759
34.742857,517.747539
34.745760,518.348588
34.748662,519.247597
34.751565,520.148164
34.754467,521.652583
34.757370,522.203148
34.760272,522.203148
34.763175,523.411089
34.766077,523.786199
34.768980,523.786199
34.771882,523.483736
34.774785,524.088838
34.777687,524.625841
34.780590,524.928965
34.783492,525.232263
34.786395,524.917493
34.789297,525.220785
34.792200,524.917493
34.795102,524.699101
34.798005,525.002267
34.800907,524.699101
34.803810,524.699101
34.806712,524.693030
34.809615,524.996192
34.812517,524.996192
34.815420,524.795777
34.818322,524.795777
34.821224,524.795777
34.824127,524.795777
34.827029,524.829218
34.829932,0.000000
34.832834,0.000000
34.835737,0.000000
34.838639,0.000000
34.841542,0.000000
34.844444,0.000000
34.847347,0.000000
34.850249,0.000000
34.853152,0.000000
34.856054,0.000000
34.858957,524.972922
34.861859,524.972922
34.864762,524.972922
34.867664,524.816779
34.870567,524.816779
34.873469,524.816779
34.876372,524.785494
34.879274,524.785494
34.882177,524.785494
34.885079,524.886894
34.887982,524.886894
34.890884,524.886894
34.893787,524.886894
34.896689,525.316751
34.899592,525.013404
34.902494,524.710232
34.905397,524.948997
34.908299,524.948997
34.911202,525.252307
34.914104,524.948997
34.917007,524.761344
34.919909,524.761344
34.922812,524.458318
34.925714,524.092050
34.928617,524.092050
34.931519,524.394865
34.934422,524.697854
34.937324,525.496853
34.940227,523.678772
34.943129,525.496853
34.946032,525.286600
34.948934,524.983270
34.951837,524.680115
34.954739,523.166966
34.957642,584.777050
34.960544,587.146300
34.963447,589.525149
34.966349,590.868432
34.969252,591.551424
34.972154,592.577394
34.975057,593.081398
34.977959,593.081398
34.980862,591.712671
34.983764,594.110021
34.986667,594.393380
34.989569,594.050144
34.992472,594.393380
34.995374,594.299013
34.998277,594.642393
35.001179,594.642393
35.004082,594.299013
35.006984,594.043353
35.009887,593.700319
35.012789,593.357484
35.015692,592.968652
35.018594,592.284023
35.021497,590.917136
35.024399,590.917136
35.027302,590.448493
35.030204,590.107535
35.033107,589.426209
35.036009,589.035095
35.038912,588.355008
35.041814,587.675706
35.044717,586.658223
35.047619,586.549571
35.050522,585.872353
35.053424,585.872353
35.056327,585.582620
35.059229,584.568761
35.062132,584.568761
35.065034,584.955745
35.067937,584.617959
35.070839,584.617959
35.073741,584.955745
35.076644,584.451694
35.079546,584.114199
35.082449,584.114199
35.085351,584.225566
35.088254,584.900880
35.091156,585.238830
35.094059,585.238830
35.096961,585.300751
35.099864,585.638932
35.102766,585.977308
35.105669,586.694863
35.108571,587.373031
35.111474,587.373031
35.114376,587.373031
35.117279,588.387949
35.120181,589.068074
35.123084,589.748985
35.125986,590.170701
35.128889,591.194275
35.131791,591.535861
35.134694,593.246753
35.137596,594.194915
35.140499,594.194915
35.143401,594.194915
35.146304,596.507818
35.149206,597.197329
35.152109,597.197329
35.155011,597.355708
35.157914,598.737489
35.160816,599.429577
35.163719,598.737489
35.166621,598.128163
35.169524,597.782770
35.172426,598.473755
35.175329,598.418838
35.178231,597.727916
35.181134,597.382755
35.184036,597.382755
35.186939,597.483374
35.189841,596.793532
35.192744,596.448911
35.195646,595.698404
35.198549,595.698404
35.201451,594.667031
35.204354,592.952043
35.207256,592.008023
35.210159,590.983040
35.213061,590.641773
35.215964,590.125464
35.218866,589.103740
35.221769,588.083785
35.224671,587.744193
35.227574,586.851502
35.230476,586.173936
35.233379,584.821150
35.236281,584.490424
35.239184,584.490424
35.242086,583.478456
35.244989,583.478456
35.247891,583.251484
35.250794,583.588481
35.253696,584.263058
35.256599,583.644421
35.259501,583.644421
35.262404,584.319063
35.265306,584.973442
35.268209,585.988003
35.271111,586.326581
35.274014,586.326581
35.276916,586.696300
35.279819,586.696300
35.282721,587.713849
35.285624,588.535387
35.288526,589.896765
35.291429,589.896765
35.294331,590.237601
35.297234,591.297941
35.300136,592.665708
35.303039,594.036640
35.305941,594.759791
35.308844,595.103437
35.311746,595.791324
35.314649,596.480007
35.317551,597.767928
35.320454,599.496845
35.323356,599.150662
35.326259,599.058966
35.329161,598.713036
35.332063,599.058966
35.334966,599.405096
35.337868,599.841912
35.340771,599.841912
35.343673,599.149348
35.346576,599.324426
35.349478,599.324426
35.352381,599.324426
35.355283,599.655109
35.358186,599.655109
35.361088,600.001583
35.363991,598.962760
35.366893,598.397108
35.369796,598.051560
35.372698,597.016113
35.375601,595.834801
35.378503,595.490732
35.381406,595.146863
35.384308,594.459719
35.387211,591.532192
35.390113,590.508032
35.393016,588.805038
35.395918,588.641863
35.398821,588.641863
35.401723,587.622707
35.404626,586.605317
35.407528,586.025529
35.410431,584.673085
35.413333,585.348916
35.416236,586.062728
35.419138,586.401348
35.422041,585.048038
35.424943,585.048038
35.427846,585.110854
35.430748,585.787191
35.433651,587.142212
35.436553,586.730649
35.439456,586.391838
35.442358,586.391838
35.445261,586.748241
35.448163,587.765879
35.451066,588.105484
35.453968,588.105484
35.456871,588.648121
35.459773,590.009759
35.462676,590.350661
35.465578,590.490153
35.468481,591.172708
35.471383,591.856052
35.474286,592.540186
35.477188,593.771022
35.480091,594.457369
35.482993,593.771022
35.485896,595.481823
35.488798,597.204128
35.491701,598.585558
35.494603,599.277470
35.497506,600.098498
35.500408,600.098498
35.503311,599.405638
35.506213,600.207736
35.509116,600.207736
35.512018,600.901524
35.514921,601.248719
35.517823,601.218701
35.520726,601.218701
35.523628,601.566079
35.526531,602.081882
35.529433,601.386732
35.532336,600.692384
35.535238,600.344168
35.538141,600.344168
35.541043,599.651024
35.543946,598.612807
35.546848,597.877882
35.549751,597.877882
35.552653,597.187585
35.555556,596.526830
35.558458,594.463004
35.561361,593.776650
35.564263,593.776650
35.567166,594.748855
35.570068,593.033631
35.572971,591.323354
35.575873,589.410917
35.578776,588.730396
35.581678,588.050660
35.584580,588.390430
35.587483,586.460405
35.590385,587.138302
35.593288,587.477545
35.596190,586.892674
35.599093,586.553769
35.601995,586.215060
35.604898,586.553769
35.607800,586.879936
35.610703,587.219030
35.613605,587.558319
35.616508,587.543050
35.619410,587.543050
35.622313,588.222199
35.625215,588.831716
35.628118,589.171936
35.631020,589.852968
35.633923,590.534786
35.636825,589.808776
35.639728,589.808776
35.642630,590.831723
35.645533,592.584252
35.648435,593.269228
35.651338,593.612012
35.654240,593.269228
35.657143,593.547127
35.660045,593.547127
35.662948,593.890073
35.665850,595.084276
35.668753,595.772141
35.671655,596.460802
35.674558,596.805431
35.677460,596.963846
35.680363,596.963846
35.683265,596.274604
35.686168,595.508624
35.689070,595.164744
35.691973,596.541456
35.694875,595.852703
35.697778,595.313267
35.700680,595.313267
35.703583,594.969500
35.706485,594.667399
35.709388,594.667399
35.712290,593.295011
35.715193,593.987205
35.718095,593.301401
35.720998,593.644204
35.723900,593.301401
35.726803,593.310151
35.729705,593.995966
35.732608,593.995966
35.735510,593.831860
35.738413,593.488948
35.741315,593.831860
35.744218,593.831860
35.747120,594.013204
35.750023,594.356418
35.752925,594.699831
35.755828,594.725487
35.758730,594.382060
35.761633,594.038830
35.764535,593.352966
35.767438,593.387901
35.770340,594.073806
35.773243,594.417055
35.776145,594.355566
35.779048,593.669336
35.781950,593.669336
35.784853,594.355566
35.787755,595.779641
35.790658,596.123876
35.793560,594.748128
35.796463,593.973780
35.799365,593.973780
35.802268,592.945393
35.805170,593.679080
35.808073,593.336257
35.810975,593.336257
35.813878,593.336257
35.816780,593.355230
35.819683,593.698065
35.822585,593.355230
35.825488,593.979482
35.828390,593.979482
35.831293,0.000000
35.834195,0.000000
35.837098,0.000000
35.840000,0.000000
35.842902,0.000000
35.845805,0.000000
35.848707,0.000000
35.851610,0.000000
35.854512,0.000000
35.857415,0.000000
35.860317,0.000000
35.863220,0.000000
35.866122,0.000000
35.869025,0.000000
35.871927,0.000000
35.874830,0.000000
35.877732,0.000000
35.880635,0.000000
35.883537,0.000000
35.886440,788.040102
35.889342,790.319341
35.892245,791.690047
35.895147,792.103550
35.898050,793.477351
35.900952,793.935813
35.903855,793.477351
35.906757,792.934796
35.909660,792.476911
35.912562,792.019291
35.915465,791.255437
35.918367,790.341871
35.921270,789.429360
35.924172,788.973499
35.927075,787.773729
35.929977,787.318825
35.932880,785.501832
35.935782,784.004192
35.938685,783.098998
35.941587,782.194849
35.944490,781.291744
35.947392,780.527873
35.950295,779.176493
35.953197,778.276873
35.956100,777.003320
35.959002,775.658042
35.961905,775.210133
35.964807,775.210133
35.967710,774.885413
35.970612,775.333134
35.973515,775.781113
35.976417,775.776741
35.979320,776.673472
35.982222,777.122225
35.985125,777.481048
35.988027,777.930268
35.990930,779.279487
35.993832,780.631046
35.996735,781.529437
35.999637,782.884899
36.002540,784.242711
36.005442,785.727355
36.008345,787.544869
36.011247,788.455202
36.014150,788.455202
36.017052,789.262684
36.019955,790.175003
36.022857,791.088376
36.025760,791.791639
36.028662,792.706881
36.031565,793.623182
36.034467,794.081729
36.037370,793.962071
36.040272,794.879822
36.043175,795.339096
36.046077,795.927511
36.048980,795.927511
36.051882,795.927511
36.054785,795.927511
36.057687,796.039295
36.060590,796.499238
36.063492,796.499238
36.066395,796.611440
36.069297,796.611440
36.072200,796.151432
36.075102,796.117469
36.078005,795.657746
36.080907,795.198289
36.083810,794.280170
36.086712,793.922234
36.089615,793.005589
36.092517,791.632605
36.095420,789.671335
36.098322,788.759597
36.101224,787.848913
36.104127,786.939279
36.107029,785.431705
36.109932,783.619068
36.112834,782.262335
36.115737,781.686200
36.118639,780.332814
36.121542,778.981771
36.124444,778.531943
36.127347,777.294065
36.130249,777.294065
36.133152,776.396618
36.136054,775.842710
36.138957,775.842710
36.141859,776.290984
36.144762,776.739516
36.147664,776.820959
36.150567,776.820959
36.153469,777.718896
36.156372,778.054748
36.159274,778.954112
36.162177,779.854515
36.165079,781.000840
36.167982,781.903609
36.170884,782.807422
36.173787,783.712279
36.176689,786.001513
36.179592,787.364731
36.182494,788.730313
36.185397,788.839454
36.188299,788.839454
36.191202,790.664167
36.194104,791.578106
36.197007,792.461856
36.199909,793.377873
36.202812,792.919733
36.205714,794.193788
36.208617,794.193788
36.211519,794.652665
36.214422,795.111807
36.217324,795.102766
36.220227,794.643629
36.223129,794.643629
36.226032,794.634604
36.228934,794.175738
36.231837,794.175738
36.234739,794.175738
36.237642,793.345949
36.240544,792.429969
36.243447,791.972376
36.246349,791.442512
36.249252,790.072234
36.252154,789.616002
36.255057,789.052955
36.257959,788.597312
36.260862,788.141932
36.263764,787.231960
36.266667,786.895195
36.269569,786.895195
36.272472,786.895195
36.275374,786.995128
36.278277,786.995128
36.281179,787.449846
36.284082,787.449846
36.286984,787.438761
36.289887,787.893735
36.292789,788.348972
36.295692,788.653392
36.298594,789.109068
36.301497,789.565007
36.304399,789.565007
36.307302,789.910691
36.310204,790.367093
36.313107,790.367093
36.316009,790.805752
36.318912,791.262672
36.321814,791.262672
36.324717,791.262672
36.327619,791.307465
36.330522,790.850520
36.333424,790.850520
36.336327,790.883843
36.339229,790.883843
36.342132,790.427142
36.345034,790.068545
36.347937,789.156349
36.350839,788.700646
36.353741,787.335116
36.356644,786.119887
36.359546,788.393572
36.362449,786.574099
36.365351,787.582931
36.368254,787.582931
36.371156,789.404738
36.374059,791.230759
36.376961,788.432581
36.379864,786.613017
36.382766,781.630842
36.385669,759.339679
36.388571,758.024983
36.391474,758.024983
36.394376,758.024983
36.397279,754.918536
36.400181,755.354720
36.403084,755.791156
36.405986,756.137544
36.408889,755.700908
36.411791,755.700908
36.414694,755.700908
36.417596,755.920614
36.420499,755.484103
36.423401,755.484103
36.426304,755.160827
36.429206,755.160827
36.432109,755.160827
36.435011,754.985263
36.437914,754.985263
36.440816,754.985263
36.443719,754.985263
36.446621,754.765702
36.449524,0.000000
36.452426,0.000000
36.455329,0.000000
36.458231,754.616313
36.461134,754.616313
36.464036,754.616313
36.466939,754.645248
36.469841,754.645248
36.472744,754.645248
36.475646,754.665480
36.478549,754.665480
36.481451,754.665480
36.484354,755.101518
36.487256,755.166822
36.490159,755.166822
36.493061,755.603149
36.495964,755.679322
36.498866,755.679322
36.501769,755.679322
36.504671,755.679322
36.507574,756.012332
36.510476,756.012332
36.513379,756.012332
36.516281,755.795505
36.519184,755.795505
36.522086,755.359067
36.524989,755.359067
36.527891,755.263910
36.530794,754.827779
36.533696,754.391899
36.536599,754.385434
36.539501,754.385434
36.542404,754.385434
36.545306,754.447109
36.548209,754.447109
36.551111,753.576041
36.554014,752.705978
36.556916,752.828047
36.559819,752.828047
36.562721,753.263023
36.565624,751.440876
36.568526,754.921305
36.571429,752.744153
36.574331,755.357491
36.577234,753.224287
36.580136,751.920179
36.583039,747.589438
36.585941,654.400067
36.588844,653.644511
36.591746,660.857657
36.594649,662.386328
36.597551,662.490777
36.600454,662.873557
36.603356,663.256558
36.606259,663.701129
36.609161,664.084608
36.612063,664.468309
36.614966,664.852232
36.617868,665.387781
36.620771,665.387781
36.623673,665.772235
36.626576,665.961437
36.629478,665.961437
36.632381,665.961437
36.635283,666.089948
36.638186,666.089948
36.641088,666.474807
36.643991,666.474807
36.646893,666.381656
36.649796,666.381656
36.652698,666.766684
36.655601,666.626410
36.658503,666.626410
36.661406,667.011579
36.664308,667.011579
36.667211,667.204461
36.670113,667.204461
36.673016,667.204461
36.675918,0.000000
36.678821,0.000000
36.681723,0.000000
36.684626,0.000000
36.687528,0.000000
36.690431,0.000000
36.693333,0.000000
36.696236,0.000000
36.699138,0.000000
36.702041,0.000000
36.704943,0.000000
36.707846,0.000000
36.710748,0.000000
36.713651,667.952046
36.716553,667.567167
36.719456,667.567167
36.722358,667.952881
36.725261,667.985816
36.728163,667.985816
36.731066,667.985816
36.733968,667.985816
36.736871,667.893705
36.739773,667.893705
36.742676,667.893705
36.745578,667.858747
36.748481,667.858747
36.751383,667.473088
36.754286,667.473088
36.757188,667.765237
36.760091,667.765237
36.762993,667.379632
36.765896,667.174065
36.768798,667.174065
36.771701,667.559551
36.774603,667.559551
36.777506,668.149748
36.780408,668.535798
36.783311,668.149748
36.786213,668.785456
36.789116,668.399262
36.792018,667.627542
36.794921,666.086776
36.797823,666.030175
36.800726,666.415000
36.803628,667.185318
36.806531,666.567935
36.809433,668.495841
36.812336,668.109814
36.815238,668.519981
36.818141,668.519981
36.821043,668.519981
36.823946,667.362528
36.826848,666.029048
36.829751,666.413873
36.832653,667.955396
36.835556,598.238661
36.838458,596.858032
36.841361,596.513373
36.844263,596.858032
36.847166,597.457606
36.850068,598.148215
36.852971,598.493819
36.855873,598.999202
36.858776,599.345297
36.861678,599.691593
36.864580,599.691593
36.867483,599.499949
36.870385,598.807779
36.873288,598.116409
36.876190,597.698958
36.879093,597.008868
36.881995,596.319575
36.884898,595.287126
36.887800,595.245339
36.890703,594.558081
36.893605,594.214750
36.896508,593.398724
36.899410,592.029265
36.902313,590.321884
36.905215,589.821188
36.908118,589.480592
36.911020,588.799991
36.913923,588.799991
36.916825,588.250716
36.919728,586.893137
36.922630,586.215523
36.925533,586.365857
36.928435,586.704653
36.931338,586.704653
36.934240,587.043645
36.937143,586.931863
36.940045,587.270987
36.942948,587.949821
36.945850,588.445352
36.948753,588.785349
36.951655,589.125543
36.954558,590.147305
36.957460,590.900232
36.960363,590.559013
36.963265,590.900232
36.966168,591.962592
36.969070,592.304622
36.971973,593.331897
36.974875,595.391797
36.977778,596.856970
36.980680,598.583252
36.983583,599.967872
36.986485,601.537392
36.989388,602.232717
36.992290,602.232717
36.995193,602.800723
36.998095,603.846202
37.000998,604.195098
37.003900,604.544196
37.006803,604.514590
37.009705,604.863872
37.012608,604.165510
37.015510,604.343710
37.018413,604.343710
37.021315,603.994728
37.024218,603.645948
37.027120,602.571084
37.030023,602.223126
37.032925,601.527812
37.035828,600.733757
37.038730,599.347370
37.041633,597.273785
37.044535,596.239685
37.047438,594.805593
37.050340,594.118843
37.053243,593.432886
37.056145,592.903721
37.059048,591.877187
37.061950,591.193818
37.064853,591.193818
37.067755,590.025780
37.070658,588.664105
37.073560,588.664105
37.076463,588.256373
37.079365,588.256373
37.082268,587.916681
37.085170,587.926525
37.088073,587.926525
37.090975,587.587023
37.093878,587.587023
37.096780,587.874743
37.099683,588.214410
37.102585,587.874743
37.105488,588.210260
37.108390,588.890180
37.111293,589.570886
37.114195,590.593420
37.117098,590.593442
37.120000,592.301608
37.122902,594.014715
37.125805,594.811561
37.128707,595.843185
37.131610,596.187457
37.134512,596.876597
37.137415,597.144563
37.140317,598.180233
37.143220,598.871677
37.146122,598.869800
37.149025,598.869800
37.151927,598.869800
37.154830,598.523979
37.157732,598.634414
37.160635,598.980298
37.163537,598.980298
37.166440,598.804135
37.169342,598.458352
37.172245,598.458352
37.175147,598.477274
37.178050,598.477274
37.180952,598.477274
37.183855,598.477274
37.186757,598.831851
37.189660,598.486052
37.192562,598.486052
37.195465,598.006403
37.198367,597.661081
37.201270,597.315958
37.204172,596.626310
37.207075,596.564081
37.209977,596.564081
37.212880,596.564081
37.215782,596.139874
37.218685,595.107737
37.221587,593.734333
37.224490,593.048821
37.227392,591.301105
37.230295,587.895461
37.233197,585.523188
37.236100,589.017777
37.239002,594.486690
37.241905,597.930516
37.244807,597.930516
37.247710,597.632497
37.250612,597.632497
37.253515,597.632497
37.256417,526.289827
37.259320,523.863462
37.262222,520.545465
37.265125,519.433355
37.268027,519.733478
37.270930,523.046300
37.273832,523.953456
37.276735,524.208720
37.279637,524.511603
37.282540,524.511603
37.285442,524.943180
37.288345,524.034310
37.291247,524.034310
37.294150,524.034310
37.297052,524.726549
37.299955,524.726549
37.302857,524.423543
37.305760,524.191224
37.308662,524.191224
37.311565,524.191224
37.314467,524.191224
37.317370,524.349134
37.320272,524.046345
37.323175,524.349134
37.326077,524.204275
37.328980,524.204275
37.331882,523.901570
37.334785,523.599040
37.337687,523.570992
37.340590,523.873506
37.343492,523.570992
37.346395,523.824168
37.349297,523.824168
37.352200,524.126828
37.355102,524.352927
37.358005,524.352927
37.360907,524.352927
37.363810,524.352927
37.366712,524.426812
37.369615,525.033003
37.372517,525.033003
37.375420,525.062505
37.378322,525.062505
37.381224,525.365880
37.384127,525.669431
37.387029,525.823644
37.389932,525.823644
37.392834,525.823644
37.395737,525.723495
37.398639,525.723495
37.401542,525.419913
37.404444,525.419913
37.407347,0.000000
37.410249,0.000000
37.413152,0.000000
37.416054,0.000000
37.418957,0.000000
37.421859,0.000000
37.424762,0.000000
37.427664,0.000000
37.430567,0.000000
37.433469,0.000000
37.436372,0.000000
37.439274,0.000000
37.442177,0.000000
37.445079,0.000000
37.447982,0.000000
37.450884,0.000000
37.453787,0.000000
37.456689,0.000000
37.459592,0.000000
37.462494,0.000000
37.465397,0.000000
37.468299,0.000000
37.471202,0.000000
37.474104,495.156167
37.477007,490.609542
37.479909,495.164754
37.482812,496.883842
37.485714,497.496987
37.488617,498.359831
37.491519,498.647778
37.494422,498.647778
37.497324,499.284818
37.500227,499.284818
37.503129,499.861948
37.506032,499.989837
37.508934,499.701115
37.511837,499.701115
37.514739,499.701115
37.517642,499.524924
37.520544,499.813544
37.523447,499.813544
37.526349,499.920499
37.529252,499.631817
37.532154,499.631817
37.535057,499.593614
37.537959,499.593614
37.540862,499.882274
37.543764,499.593614
37.546667,499.844771
37.549569,499.556133
37.552472,499.844771
37.555374,500.044450
37.558277,500.044450
37.561179,500.044450
37.564082,0.000000
37.566984,0.000000
37.569887,0.000000
37.572789,0.000000
37.575692,0.000000
37.578594,0.000000
37.581497,0.000000
37.584399,0.000000
37.587302,499.933330
37.590204,499.933330
37.593107,499.933330
37.596009,500.122004
37.598912,499.833205
37.601814,499.833205
37.604717,499.833205
37.607619,499.926726
37.610522,499.926726
37.613424,499.926726
37.616327,499.807341
37.619229,499.807341
37.622132,499.518724
37.625034,499.516329
37.627937,499.804944
37.630839,499.804944
37.633741,499.804944
37.636644,499.815293
37.639546,499.815293
37.642449,499.815293
37.645351,499.979763
37.648254,499.979763
37.651156,499.979763
37.654059,499.979763
37.656961,499.880455
37.659864,499.880455
37.662766,499.591796
37.665669,499.333136
37.668571,499.044793
37.671474,498.180763
37.674376,497.031050
37.677279,499.157205
37.680181,501.469138
37.683084,500.311836
37.685986,499.112982
37.688889,502.004314
37.691791,502.584587
37.694694,500.845776
37.697596,486.820876
37.700499,485.697380
37.703401,485.697380
37.706304,491.926780
37.709206,492.211010
37.712109,496.207519
37.715011,498.263664
37.717914,500.571459
37.720816,501.150076
37.723719,500.860684
37.726621,500.609266
37.729524,500.320187
37.732426,499.453948
37.735329,499.059392
37.738231,498.483188
37.741134,497.332777
37.744036,497.332777
37.746939,496.758488
37.749841,495.325863
37.752744,495.039834
37.755646,494.320409
37.758549,493.749677
37.761451,493.749677
37.764354,493.179605
37.767256,492.761369
37.770159,493.330958
37.773061,492.476821
37.775964,492.613151
37.778866,492.613151
37.781769,492.897778
37.784671,492.613151
37.787574,492.408115
37.790476,492.408115
37.793379,492.692623
37.796281,492.983304
37.799184,493.553149
37.802086,494.123654
37.804989,494.694818
37.807891,495.335539
37.810794,495.908104
37.813696,496.481330
37.816599,497.662967
37.819501,498.814142
37.822404,499.390728
37.825306,499.456766
37.828209,500.323009
37.831111,500.901339
37.834014,501.770088
37.836916,501.918519
37.839819,501.918519
37.842721,503.661054
37.845624,505.095763
37.848526,505.095763
37.851429,505.095763
37.854331,505.095763
37.857234,505.330068
37.860136,505.038262
37.863039,505.038262
37.865941,504.908009
37.868844,504.616447
37.871746,504.325053
37.874649,503.451881
37.877551,502.504251
37.880454,501.924071
37.883356,501.344560
37.886259,501.196827
37.889161,500.618156
37.892063,499.462818
37.894966,498.022394
37.897868,496.920046
37.900771,495.773242
37.903673,494.914877
37.906576,493.982330
37.909478,492.842306
37.912381,492.557711
37.915283,492.448787
37.918186,492.164420
37.921088,491.596178
37.923991,491.880217
37.926893,492.390287
37.929796,491.821784
37.932698,491.537778
37.935601,491.444918
37.938503,491.728870
37.941406,492.012985
37.944308,492.012985
37.947211,492.430511
37.950113,492.430511
37.953016,492.715032
37.955918,493.624131
37.958821,493.624131
37.961723,494.194718
37.964626,495.051834
37.967528,495.378407
37.970431,495.951021
37.973333,496.811184
37.976236,497.520467
37.979138,498.383352
37.982041,498.671312
37.984943,498.959440
37.987846,499.227114
37.990748,499.804177
37.993651,500.381907
37.996553,500.868503
37.999456,500.868503
38.002358,501.447463
38.005261,501.857337
38.008163,502.147304
38.011066,502.437440
38.013968,501.857337
38.016871,502.267037
38.019773,502.267037
38.022676,501.977000
38.025578,502.155181
38.028481,502.155181
38.031383,502.155181
38.034286,501.575404
38.037188,501.399381
38.040091,501.109845
38.042993,501.109845
38.045896,500.780928
38.048798,500.491749
38.051701,500.202737
38.054603,499.913892
38.057506,499.457937
38.060408,498.881274
38.063311,498.593192
38.066213,498.162319
38.069116,497.874652
38.072018,497.587151
38.074921,497.299817
38.077823,496.973705
38.080726,496.973705
38.083628,496.973705
38.086531,497.393206
38.089433,497.393206
38.092336,497.393206
38.095238,496.984461
38.098141,496.697474
38.101043,495.837508
38.103946,494.979031
38.106848,493.744524
38.109751,492.889671
38.112653,493.174458
38.115556,492.203576
38.118458,496.486724
38.121361,498.210401
38.124263,497.347815
38.127166,497.563060
38.130068,496.414772
38.132971,497.275739
38.135873,497.821710
38.138776,491.535567
38.141678,492.957230
38.144580,492.957230
38.147483,441.462598
38.150385,441.717671
38.153288,441.207673
38.156190,441.986690
38.159093,442.497588
38.161995,442.753259
38.164898,442.242066
38.167800,442.114556
38.170703,442.114556
38.173605,442.114556
38.176508,442.113934
38.179410,442.624979
38.182313,442.880723
38.185215,442.834054
38.188118,442.834054
38.191020,443.089919
38.193923,443.089919
38.196825,442.668527
38.199728,442.668527
38.202630,442.412906
38.205533,442.790331
38.208435,0.000000
38.211338,442.790331
38.214240,442.790331
38.217143,442.944435
38.220045,442.688654
38.222948,442.688654
38.225850,442.876738
38.228753,442.620997
38.231655,442.620997
38.234558,442.620997
38.237460,442.571236
38.240363,442.826949
38.243265,442.826949
38.246168,442.820630
38.249070,442.820630
38.251973,442.820630
38.254875,442.820630
38.257778,442.893818
38.260680,442.893818
38.263583,442.638066
38.266485,442.649093
38.269388,442.649093
38.272290,442.904852
38.275193,443.308326
38.278095,443.564465
38.280998,444.077187
38.283900,444.077187
38.286803,444.099509
38.289705,444.099509
38.292608,443.843061
38.295510,443.923310
38.298413,443.666964
38.301315,443.666964
38.304218,443.410766
38.307120,443.147908
38.310023,443.403954
38.312925,443.660149
38.315828,443.984562
38.318730,443.984562
38.321633,443.471947
38.324535,443.728181
38.327438,443.655751
38.330340,443.399559
38.333243,442.376271
38.336145,443.078531
38.339048,443.334537
38.341950,443.846993
38.344853,442.311399
38.347755,390.355348
38.350658,390.355348
38.353560,390.355348
38.356463,391.293951
38.359365,392.879296
38.362268,393.560694
38.365170,393.270173
38.368073,392.816111
38.370975,393.724759
38.373878,393.497400
38.376780,394.543427
38.379683,394.315595
38.382585,394.771390
38.385488,394.806587
38.388390,394.578604
38.391293,394.578604
38.394195,394.578604
38.397098,394.577054
38.400000,394.805036
38.402902,395.261396
38.405805,395.361622
38.408707,395.361622
38.411610,395.361622
38.414512,395.590057
38.417415,395.622129
38.420317,395.622129
38.423220,395.165353
38.426122,395.495140
38.429025,395.495140
38.431927,395.495140
38.434830,395.723653
38.437732,395.598451
38.440635,395.827023
38.443537,395.827023
38.446440,395.847609
38.449342,395.847609
38.452245,395.847609
38.455147,395.764791
38.458050,395.993460
38.460952,396.222260
38.463855,395.993460
38.466757,395.831373
38.469660,396.288920
38.472562,396.288920
38.475465,395.885676
38.478367,395.885676
38.481270,396.114414
38.484172,396.343285
38.487075,396.371342
38.489977,396.142455
38.492880,0.000000
38.495782,396.511347
38.498685,396.511347
38.501587,396.511347
38.504490,396.511347
38.507392,396.461483
38.510295,396.232544
38.513197,396.461483
38.516100,396.840625
38.519002,396.840625
38.521905,397.069916
38.524807,397.299339
38.527710,396.780805
38.530612,396.551681
38.533515,396.322690
38.536417,396.536679
38.539320,396.307696
38.542222,395.850128
38.545125,395.320118
38.548027,394.635674
38.550930,393.270338
38.553832,394.407789
38.556735,395.275416
38.559637,393.680403
38.562540,393.453070
38.565442,395.352188
38.568345,395.809181
38.571247,396.037875
38.574150,395.809181
38.577052,396.189268
38.579955,395.731837
38.582857,395.503319
38.585760,393.715682
38.588662,392.807056
38.591565,388.744118
38.594467,394.626410
38.597370,382.588151
38.600272,383.251700
38.603175,386.586750
38.606077,376.507399
38.608980,376.507399
38.611882,376.507399
38.614785,376.507399
38.617687,376.442029
38.620590,376.224650
38.623492,375.573267
38.626395,374.511131
38.629297,373.862715
38.632200,374.078728
38.635102,373.581501
38.638005,372.934694
38.640907,372.504112
38.643810,372.289007
38.646712,371.520914
38.649615,371.306377
38.652517,370.877675
38.655420,370.219496
38.658322,369.365095
38.661224,368.725588
38.664127,368.512665
38.667029,368.983163
38.669932,368.983163
38.672834,368.770092
38.675737,367.908668
38.678639,368.546758
38.681542,368.546758
38.684444,368.759700
38.687347,369.263138
38.690249,369.689974
38.693152,370.117303
38.696054,370.365626
38.698957,370.793736
38.701859,371.222342
38.704762,371.436830
38.707664,372.048402
38.710567,0.000000
38.713469,372.909010
38.716372,373.874713
38.719274,374.956066
38.722177,375.389483
38.725079,375.863093
38.727982,376.514979
38.730884,376.732525
38.733787,377.603969
38.736689,378.326006
38.739592,378.544598
38.742494,379.201135
38.745397,378.917649
38.748299,379.136584
38.751202,379.355645
38.754104,380.013588
38.757007,380.718379
38.759909,380.718379
38.762812,381.158456
38.765714,381.068672
38.768617,380.628699
38.771519,380.628699
38.774422,380.628699
38.777324,380.607741
38.780227,380.168299
38.783129,379.948769
38.786032,379.928496
38.788934,379.709104
38.791837,379.270700
38.794739,378.614043
38.797642,377.903017
38.800544,377.466698
38.803447,376.378104
38.806349,375.814010
38.809252,376.031151
38.812154,375.163338
38.815057,374.286048
38.817959,373.853905
38.820862,372.991116
38.823764,372.345332
38.826667,372.095920
38.829569,372.095920
38.832472,371.451685
38.835374,371.214745
38.838277,371.429229
38.841179,371.214745
38.844082,371.429229
38.846984,371.209607
38.849887,370.995250
38.852789,371.424088
38.855692,371.590207
38.858594,372.664952
38.861497,372.664952
38.864399,0.000000
38.867302,372.327698
38.870204,373.188952
38.873107,373.404576
38.876009,373.533026
38.878912,373.748850
38.881814,373.748850
38.884717,374.829839
38.887619,375.509465
38.890522,377.030858
38.893424,377.030858
38.896327,376.935889
38.899229,377.153678
38.902132,377.371594
38.905034,377.592892
38.907937,378.029357
38.910839,377.592892
38.913741,378.029357
38.916644,378.787877
38.919546,379.006737
38.922449,379.444836
38.925351,379.684076
38.928254,379.684076
38.931156,379.245701
38.934059,379.245701
38.936961,378.647649
38.939864,378.866427
38.942766,378.866427
38.945669,378.927977
38.948571,378.490475
38.951474,378.053478
38.954376,377.616985
38.957279,377.354489
38.960181,377.136584
38.963084,376.918804
38.965986,376.802417
38.968889,376.802417
38.971791,376.584831
38.974694,376.584831
38.977596,376.465013
38.980499,375.596198
38.983401,375.596198
38.986304,375.787539
38.989206,375.787539
38.992109,375.787539
38.995011,375.928819
38.997914,375.494780
39.000816,375.711737
39.003719,375.711737
39.006621,375.697355
39.009524,375.697355
39.012426,375.697355
39.015329,375.804264
39.018231,375.587253
39.021134,375.370368
39.024036,375.370368
39.026939,375.466001
39.029841,375.466001
39.032744,375.249186
39.035646,375.323758
39.038549,374.890417
39.041451,375.323758
39.044354,375.974708
39.047256,375.213351
39.050159,376.081280
39.053061,376.733544
39.055964,377.254297
39.058866,377.254297
39.061769,377.036450
39.064671,376.818728
39.067574,376.664494
39.070476,376.229606
39.073379,375.578214
39.076281,375.042111
39.079184,373.528742
39.082086,373.744563
39.084989,371.591953
39.087891,0.000000
39.090794,0.000000
39.093696,0.000000
39.096599,0.000000
39.099501,0.000000
39.102404,0.000000
39.105306,0.000000
39.108209,0.000000
39.111111,0.000000
39.114014,0.000000
39.116916,294.401094
39.119819,295.252587
39.122721,294.401094
39.125624,294.661217
39.128526,295.001820
39.131429,294.831469
39.134331,294.831469
39.137234,295.365059
39.140136,295.024037
39.143039,295.024037
39.145941,295.398080
39.148844,295.398080
39.151746,294.716353
39.154649,294.546168
39.157551,295.074534
39.160454,294.904141
39.163356,294.904141
39.166259,294.866164
39.169161,294.695892
39.172063,294.866164
39.174966,295.377571
39.177868,295.090307
39.180771,295.260807
39.183673,294.919905
39.186576,294.794255
39.189478,295.305537
39.192381,295.305537
39.195283,295.242928
39.198186,295.584203
39.201088,295.242928
39.203991,294.902047
39.206893,294.502952
39.209796,295.013729
39.212698,295.013729
39.215601,295.137000
39.218503,295.137000
39.221406,295.137000
39.224308,294.796241
39.227211,295.242768
39.230113,295.413356
39.233016,295.413356
39.235918,295.102512
39.238821,295.102512
39.241723,294.932103
39.244626,295.102512
39.247528,295.489430
39.250431,295.318798
39.253333,295.318798
39.256236,295.160296
39.259138,295.501476
39.262041,295.501476
39.264943,295.330837
39.267846,295.259276
39.270748,295.429873
39.273651,295.600570
39.276553,295.373020
39.279456,295.202455
39.282358,295.202455
39.285261,295.417247
39.288163,295.417247
39.291066,295.076165
39.293968,294.905771
39.296871,295.407629
39.299773,295.578312
39.302676,295.578312
39.305578,294.943852
39.308481,295.114268
39.311383,295.114268
39.314286,295.284781
39.317188,295.337986
39.320091,295.337986
39.322993,295.167442
39.325896,295.184938
39.328798,295.014482
39.331701,295.014482
39.334603,295.526146
39.337506,295.544465
39.340408,295.032769
39.343311,295.032769
39.346213,295.191715
39.349116,295.362274
39.352018,0.000000
39.354921,295.191715
39.357823,295.085445
39.360726,295.085445
39.363628,295.426538
39.366531,294.947208
39.369433,295.117625
39.372336,295.458756
39.375238,295.466900
39.378141,294.955339
39.381043,294.955339
39.383946,295.125761
39.386848,295.362577
39.389751,295.362577
39.392653,295.192018
39.395556,294.864636
39.398458,294.864636
39.401361,295.035006
39.404263,295.205474
39.407166,295.356468
39.410068,295.527121
39.412971,295.185912
39.415873,294.966464
39.418776,294.966464
39.421678,294.966464
39.424580,294.966464
39.427483,295.271905
39.430385,294.930991
39.433288,295.101399
39.436190,295.046372
39.439093,295.216847
39.441995,295.046372
39.444898,294.875996
39.447800,294.904749
39.450703,0.000000
39.453605,0.000000
39.456508,0.000000
39.459410,0.000000
39.462313,0.000000
39.465215,0.000000
39.468118,0.000000
39.471020,0.000000
39.473923,0.000000
39.476825,0.000000
39.479728,0.000000
39.482630,0.000000
39.485533,295.238624
39.488435,294.897748
39.491338,295.068137
39.494240,295.068137
39.497143,295.020634
39.500045,295.020634
39.502948,295.361652
39.505850,295.246649
39.508753,295.076157
39.511655,295.246649
39.514558,295.246649
39.517460,294.992331
39.520363,294.992331
39.523265,295.162774
39.526168,295.166864
39.529070,295.508051
39.531973,296.191609
39.534875,296.020572
39.537778,295.612842
39.540680,295.783644
39.543583,297.153618
39.546485,0.000000
39.549388,0.000000
39.552290,0.000000
39.555193,0.000000
39.558095,0.000000
39.560998,0.000000
39.563900,0.000000
39.566803,0.000000
39.569705,0.000000
39.572608,0.000000
39.575510,0.000000
39.578413,0.000000
39.581315,0.000000
39.584218,0.000000
39.587120,0.000000
39.590023,0.000000
39.592925,0.000000
39.595828,0.000000
39.598730,0.000000
39.601633,0.000000
39.604535,0.000000
39.607438,490.006888
39.610340,490.573293
39.613243,490.856742
39.616145,492.040631
39.619048,493.748872
39.621950,496.035756
39.624853,498.333232
39.627755,498.644997
39.630658,498.069272
39.633560,497.206931
39.636463,496.966919
39.639365,496.106487
39.642268,495.247544
39.645170,494.393810
39.648073,494.393810
39.650975,494.108319
39.653878,493.252836
39.656780,492.801949
39.659683,492.517377
39.662585,492.517377
39.665488,492.001478
39.668390,492.285751
39.671293,492.001478
39.674195,492.001478
39.677098,491.888748
39.680000,491.888748
39.682902,492.457328
39.685805,492.584833
39.688707,492.584833
39.691610,493.154218
39.694512,493.439157
39.697415,493.717095
39.700317,494.002359
39.703220,494.573383
39.706122,495.013065
39.709025,495.299078
39.711927,496.444785
39.714830,496.731626
39.717732,497.788947
39.720635,498.940413
39.723537,498.652297
39.726440,499.097218
39.729342,499.385591
39.732245,499.674131
39.735147,499.580233
39.738050,499.291747
39.740952,499.580233
39.743855,500.446690
39.746757,501.239048
39.749660,500.949605
39.752562,501.239048
39.755465,501.626047
39.758367,502.205883
39.761270,502.205883
39.764172,501.336380
39.767075,501.100687
39.769977,500.522127
39.772880,500.233098
39.775782,500.522801
39.778685,500.811998
39.781587,500.811998
39.784490,499.367683
39.787392,499.428798
39.790295,498.564103
39.793197,497.988472
39.796100,497.822512
39.799002,498.110149
39.801905,498.685921
39.804807,496.673625
39.807710,496.582481
39.810612,497.731157
39.813515,498.594407
39.816417,495.937239
39.819320,496.510499
39.822222,496.510499
39.825125,496.068461
39.828027,496.641873
39.830930,496.068461
39.833832,496.355085
39.836735,495.118966
39.839637,495.405041
39.842540,496.264257
39.845442,496.183157
39.848345,496.469847
39.851247,496.469847
39.854150,497.330909
39.857052,496.613677
39.859955,497.762425
39.862857,498.625729
39.865760,498.943958
39.868662,497.217743
39.871565,496.070252
39.874467,496.643666
39.877370,494.949413
39.880272,495.235389
39.883175,496.380949
39.886077,496.921463
39.888980,496.061109
39.891882,0.000000
39.894785,0.000000
39.897687,0.000000
39.900590,0.000000
39.903492,0.000000
39.906395,0.000000
39.909297,0.000000
39.912200,0.000000
39.915102,0.000000
39.918005,0.000000
39.920907,0.000000
39.923810,0.000000
39.926712,0.000000
39.929615,0.000000
39.932517,0.000000
39.935420,0.000000
39.938322,0.000000
39.941224,0.000000
39.944127,0.000000
39.947029,0.000000
39.949932,0.000000
39.952834,0.000000
39.955737,0.000000
39.958639,0.000000
39.961542,0.000000
39.964444,0.000000
39.967347,0.000000
39.970249,0.000000
39.973152,0.000000
39.976054,0.000000
39.978957,0.000000
39.981859,0.000000
39.984762,0.000000
39.987664,0.000000
39.990567,0.000000
39.993469,0.000000
39.996372,0.000000
39.999274,0.000000
40.002177,0.000000
40.005079,0.000000
40.007982,0.000000
40.010884,0.000000
40.013787,0.000000
40.016689,0.000000
40.019592,0.000000
40.022494,496.504663
40.025397,503.493604
40.028299,512.886685
40.031202,509.932675
40.034104,511.407547
40.037007,518.507266
40.039909,521.510948
40.042812,522.717288
40.045714,523.105965
40.048617,523.710630
40.051519,524.315993
40.054422,524.618938
40.057324,525.075837
40.060227,525.075837
40.063129,524.772629
40.066032,525.130406
40.068934,525.130406
40.071837,525.130406
40.074739,524.827166
40.077642,524.668184
40.080544,524.365212
40.083447,523.759791
40.086349,523.122844
40.089252,522.518858
40.092154,521.915569
40.095057,521.137065
40.097959,520.836131
40.100862,520.234785
40.103764,519.634133
40.106667,518.858697
40.109569,517.362336
40.112472,516.466592
40.115374,516.503220
40.118277,516.503220
40.121179,515.906876
40.124082,515.608963
40.126984,515.101721
40.129887,515.101721
40.132789,515.995098
40.135692,515.948170
40.138594,516.246280
40.141497,517.141642
40.144399,517.739413
40.147302,518.325176
40.150204,518.924315
40.153107,519.224144
40.156009,519.576655
40.158912,519.876861
40.161814,520.477793
40.164717,521.079420
40.167619,521.579274
40.170522,522.182175
40.173424,523.087832
40.176327,523.105390
40.179229,523.105390
40.182132,524.921481
40.185034,524.725648
40.187937,523.817156
40.190839,523.514674
40.193741,526.547364
40.196644,526.745886
40.199546,526.745886
40.202449,526.745886
40.205351,527.094192
40.208254,527.703467
40.211156,528.008369
40.214059,527.703467
40.216961,527.675139
40.219864,527.675139
40.222766,527.370430
40.225669,527.906041
40.228571,527.601199
40.231474,527.906041
40.234376,527.296532
40.237279,527.272651
40.240181,526.968174
40.243084,526.359748
40.245986,525.950604
40.248889,525.646891
40.251791,525.646891
40.254694,525.343353
40.257596,524.707620
40.260499,523.799158
40.263401,523.194391
40.266304,522.240527
40.269206,521.938956
40.272109,521.637559
40.275011,521.371350
40.277914,521.070281
40.280816,521.371350
40.283719,521.070281
40.286621,520.802196
40.289524,520.501455
40.292426,521.103110
40.295329,521.568518
40.298231,521.869875
40.301134,522.171406
40.304036,522.473111
40.306939,522.799599
40.309841,523.101667
40.312744,523.403910
40.315646,523.619928
40.318549,523.619928
40.321451,523.619928
40.324354,523.317561
40.327256,523.448241
40.330159,524.356094
40.333061,524.659061
40.335964,524.618634
40.338866,523.710326
40.341769,524.012921
40.344671,524.315690
40.347574,524.929460
40.350476,525.232759
40.353379,524.626336
40.356281,523.634500
40.359184,523.634500
40.362086,524.542676
40.364989,524.542676
40.367891,524.807927
40.370794,524.807927
40.373696,523.899291
40.376599,523.110548
40.379501,523.412796
40.382404,524.320588
40.385306,523.653865
40.388209,523.956427
40.391111,523.653865
40.394014,523.956427
40.396916,524.237607
40.399819,524.237607
40.402721,523.934883
40.405624,523.996857
40.408526,523.694272
40.411429,524.299616
40.414331,523.996857
40.417234,523.799690
40.420136,524.102336
40.423039,524.102336
40.425941,524.475594
40.428844,525.081842
40.431746,525.385229
40.434649,525.081842
40.437551,524.782394
40.440454,524.479356
40.443356,524.176492
40.446259,524.347323
40.449161,524.953423
40.452063,525.560223
40.454966,525.863886
40.457868,526.474225
40.460771,526.474225
40.463673,526.170209
40.466576,526.534875
40.469478,526.534875
40.472381,525.623250
40.475283,524.812999
40.478186,524.812999
40.481088,524.509943
40.483991,525.723219
40.486893,524.934063
40.489796,525.844493
40.492698,524.934063
40.495601,0.000000
40.498503,0.000000
40.501406,0.000000
40.504308,0.000000
40.507211,0.000000
40.510113,0.000000
40.513016,0.000000
40.515918,0.000000
40.518821,0.000000
40.521723,0.000000
40.524626,0.000000
40.527528,0.000000
40.530431,0.000000
40.533333,0.000000
40.536236,594.351834
40.539138,594.351834
40.542041,594.695244
40.544943,594.695244
40.547846,594.524480
40.550748,594.867990
40.553651,594.867990
40.556553,594.683083
40.559456,594.339680
40.562358,593.653468
40.565261,593.420026
40.568163,593.077352
40.571066,592.392598
40.573968,592.050517
40.576871,591.847420
40.579773,591.164086
40.582676,590.822714
40.585578,590.417650
40.588481,589.395420
40.591383,588.714917
40.594286,588.374960
40.597188,588.157954
40.600091,587.478880
40.602993,586.461738
40.605896,585.693631
40.608798,585.355418
40.611701,584.341953
40.614603,584.004521
40.617506,583.814171
40.620408,583.814171
40.623311,584.151492
40.626213,583.986204
40.629116,583.311946
40.632018,583.311946
40.634921,583.648977
40.637823,583.721093
40.640726,584.395823
40.643628,585.071334
40.646531,585.192990
40.649433,585.192990
40.652336,585.869422
40.655238,586.452503
40.658141,586.452503
40.661043,586.791349
40.663946,587.130391
40.666848,587.810381
40.669751,588.489839
40.672653,588.829862
40.675556,589.186378
40.678458,589.526804
40.681361,590.549262
40.684263,590.890475
40.687166,592.237965
40.690068,592.580154
40.692971,593.265125
40.695873,593.569404
40.698776,594.255519
40.701678,594.255519
40.704580,594.942426
40.707483,595.693099
40.710385,596.037284
40.713288,596.037284
40.716190,595.303111
40.719093,594.615787
40.721995,594.272423
40.724898,594.272423
40.727800,593.418363
40.730703,592.733215
40.733605,592.048858
40.736508,592.312423
40.739410,591.286913
40.742313,590.945471
40.745215,590.909812
40.748118,590.568587
40.751020,589.886730
40.753923,589.546096
40.756825,589.448328
40.759728,588.767763
40.762630,588.427776
40.765533,587.620336
40.768435,587.620336
40.771338,587.620336
40.774240,587.281011
40.777143,587.384624
40.780045,587.384624
40.782948,587.724009
40.785850,588.128333
40.788753,588.468148
40.791655,588.128333
40.794558,588.468148
40.797460,589.019186
40.800363,589.359515
40.803265,589.359515
40.806168,589.712172
40.809070,589.712172
40.811973,590.052902
40.814875,590.052902
40.817778,590.345090
40.820680,590.686186
40.823583,591.027478
40.826485,591.354174
40.829388,591.354174
40.832290,591.695853
40.835193,592.141145
40.838095,592.483278
40.840998,592.825608
40.843900,593.168137
40.846803,593.391588
40.849705,593.734443
40.852608,593.734443
40.855510,593.759187
40.858413,594.102255
40.861315,594.102255
40.864218,594.445521
40.867120,594.627799
40.870023,594.627799
40.872925,594.627799
40.875828,594.579657
40.878730,594.236314
40.881633,594.236314
40.884535,594.579657
40.887438,594.246744
40.890340,593.903593
40.893243,593.903593
40.896145,593.830857
40.899048,593.487946
40.901950,593.487946
40.904853,593.487946
40.907755,593.477605
40.910658,593.477605
40.913560,593.134898
40.916463,592.968242
40.919365,592.968242
40.922268,592.968242
40.925170,592.540992
40.928073,592.198825
40.930975,592.883355
40.933878,593.225917
40.936780,593.160048
40.939683,593.502770
40.942585,593.160048
40.945488,593.461377
40.948390,594.490659
40.951293,596.210097
40.954195,593.461377
40.957098,594.042813
40.960000,593.699780
40.962902,594.729475
40.965805,594.224005
40.968707,594.224005
40.971610,594.224005
40.974512,592.510295
40.977415,783.732025
40.980317,785.544924
40.983220,786.452945
40.986122,786.869658
40.989025,787.324303
40.991927,787.324303
40.994830,787.324303
40.997732,787.632752
41.000635,788.543187
41.003537,788.543187
41.006440,787.922178
41.009342,787.922178
41.012245,787.922178
41.015147,787.693069
41.018050,787.238211
41.020952,786.783616
41.023855,786.329283
41.026757,784.690969
41.029660,784.237844
41.032562,783.332380
41.035465,782.311693
41.038367,781.408453
41.041270,780.506256
41.044172,779.605100
41.047075,778.466645
41.049977,778.017115
41.052880,776.670081
41.055782,774.432655
41.058685,773.538511
41.061587,771.753321
41.064490,772.199232
41.067392,771.360272
41.070295,770.914846
41.073197,770.914846
41.076100,769.735323
41.079002,768.846603
41.081905,769.290835
41.084807,769.735323
41.087710,770.186358
41.090612,770.631363
41.093515,771.967924
41.096417,773.942642
41.099320,775.284945
41.102222,776.629576
41.105125,777.537011
41.108027,777.986264
41.110930,778.885548
41.113832,780.236424
41.116735,781.446441
41.119637,782.349725
41.122540,783.254053
41.125442,785.091450
41.128345,786.907494
41.131247,787.362160
41.134150,787.362160
41.137052,787.441567
41.139955,787.896542
41.142857,788.351780
41.145760,788.898715
41.148662,789.354533
41.151565,789.810614
41.154467,791.637573
41.157370,793.151420
41.160272,793.609694
41.163175,793.609694
41.166077,794.102072
41.168980,793.643513
41.171882,792.269424
41.174785,790.441006
41.177687,790.481768
41.180590,790.481768
41.183492,790.938500
41.186395,790.697866
41.189297,790.241273
41.192200,789.784944
41.195102,788.692298
41.198005,787.781691
41.200907,786.872135
41.203810,784.149765
41.206712,782.842800
41.209615,782.390743
41.212517,781.938946
41.215420,780.638366
41.218322,780.187582
41.221224,778.836791
41.224127,777.488338
41.227029,775.982090
41.229932,775.982090
41.232834,775.982090
41.235737,776.002575
41.238639,776.450942
41.241542,776.450942
41.244444,776.899567
41.247347,777.066747
41.250249,777.515728
41.253152,777.964969
41.256054,778.498636
41.258957,778.948445
41.261859,779.848841
41.264762,780.299430
41.267664,780.966118
41.270567,781.868847
41.273469,782.772619
41.276372,783.796021
41.279274,783.796021
41.282177,784.702021
41.285079,785.458065
41.287982,785.458065
41.290884,785.458065
41.293787,785.458065
41.296689,785.438553
41.299592,785.438553
41.302494,785.438553
41.305397,785.795602
41.308299,786.249626
41.311202,786.249626
41.314104,786.249626
41.317007,786.888720
41.319909,786.434326
41.322812,787.343376
41.325714,787.254198
41.328617,787.254198
41.331519,785.891172
41.334422,785.891172
41.337324,786.577569
41.340227,786.577569
41.343129,786.577569
41.346032,785.447041
41.348934,784.993480
41.351837,784.540181
41.354739,784.540181
41.357642,784.440709
41.360544,783.987730
41.363447,784.440709
41.366349,784.618995
41.369252,784.618995
41.372154,784.618995
41.375057,784.868044
41.377959,783.961852
41.380862,783.509149
41.383764,783.509149
41.386667,783.880937
41.389569,783.880937
41.392472,787.056865
41.395374,787.153287
41.398277,785.336677
41.401179,783.524258
41.404082,783.976970
41.406984,782.974490
41.409887,782.522357
41.412789,785.692780
41.415692,781.015853
41.418594,783.274776
41.421497,784.633265
41.424399,781.015853
41.427302,788.206519
41.430204,783.666784
41.433107,786.841844
41.436009,484.667853
41.438912,484.667853
41.441814,488.885425
41.444717,490.866166
41.447619,492.913257
41.450522,494.053445
41.453424,494.624528
41.456327,494.903762
41.459229,495.475827
41.462132,495.762108
41.465034,495.841592
41.467937,495.841592
41.470839,495.841592
41.473741,495.841592
41.476644,496.201163
41.479546,496.201163
41.482449,495.914629
41.485351,495.978252
41.488254,495.978252
41.491156,495.978252
41.494059,495.978252
41.496961,495.930171
41.499864,495.930171
41.502766,496.216714
41.505669,496.103650
41.508571,495.817172
41.511474,495.817172
41.514376,495.817172
41.517279,495.908147
41.520181,495.908147
41.523084,495.908147
41.525986,496.064551
41.528889,496.064551
41.531791,496.064551
41.534694,496.064551
41.537596,496.516852
41.540499,496.516852
41.543401,496.230135
41.546304,496.376603
41.549206,496.663404
41.552109,496.663404
41.555011,496.454344
41.557914,496.454344
41.560816,496.454344
41.563719,496.454344
41.566621,496.537138
41.569524,496.250410
41.572426,495.963847
41.575329,496.133423
41.578231,496.133423
41.581134,496.133423
41.584036,496.133423
41.586939,496.188018
41.589841,496.188018
41.592744,496.188018
41.595646,496.277478
41.598549,496.277478
41.601451,496.564222
41.604354,496.564222
41.607256,496.386046
41.610159,496.386046
41.613061,496.099405
41.615964,495.893968
41.618866,495.607611
41.621769,495.321420
41.624671,495.035394
41.627574,494.292383
41.630476,494.577980
41.633379,494.577980
41.636281,494.398976
41.639184,494.113483
41.642086,493.828154
41.644989,491.267598
41.647891,489.699224
41.650794,486.597613
41.653696,486.035798
41.656599,0.000000
41.659501,440.942421
41.662404,439.670767
41.665306,441.865116
41.668209,443.143117
41.671111,443.655352
41.674014,443.655352
41.676916,441.768533
41.679819,442.279179
41.682721,443.302243
41.685624,442.929035
41.688526,443.184955
41.691429,442.929035
41.694331,443.441023
41.697234,443.507990
41.700136,443.251884
41.703039,443.251884
41.705941,443.602762
41.708844,443.602762
41.711746,442.834722
41.714649,443.090588
41.717551,443.255051
41.720454,443.255051
41.723356,442.999091
41.726259,443.387519
41.729161,443.131482
41.732063,443.387519
41.734966,443.387519
41.737868,443.525656
41.740771,443.269539
41.743673,443.269539
41.746576,443.276914
41.749478,443.020941
41.752381,443.020941
41.755283,443.160600
41.758186,443.160600
41.761088,443.160600
41.763991,443.160600
41.766893,443.102423
41.769796,442.846550
41.772698,442.846550
41.775601,442.876675
41.778503,442.620933
41.781406,442.620933
41.784308,442.620933
41.787211,442.443028
41.790113,442.443028
41.793016,442.443028
41.795918,442.625573
41.798821,442.625573
41.801723,442.625573
41.804626,442.625573
41.807528,442.562816
41.810431,442.818524
41.813333,442.818524
41.816236,442.784897
41.819138,442.784897
41.822041,442.784897
41.824943,442.784897
41.827846,442.680617
41.830748,442.680617
41.833651,442.680617
41.836553,442.511222
41.839456,442.511222
41.842358,442.511222
41.845261,442.598124
41.848163,442.598124
41.851066,442.598124
41.853968,442.598124
41.856871,442.791042
41.859773,442.791042
41.862676,442.535350
41.865578,442.484011
41.868481,442.484011
41.871383,442.228496
41.874286,441.717908
41.877188,441.762782
41.880091,442.528962
41.882993,442.273421
41.885896,441.483822
41.888798,439.702349
41.891701,439.702349
41.894603,442.249519
41.897506,486.862285
41.900408,489.682650
41.903311,492.234944
41.906213,492.505876
41.909116,493.645122
41.912018,494.501286
41.914921,495.072886
41.917823,495.651559
41.920726,496.224489
41.923628,495.937941
41.926531,496.457827
41.929433,497.031689
41.932336,497.318869
41.935238,497.057428
41.938141,496.483537
41.941043,496.770400
41.943946,497.057428
41.946848,497.182252
41.949751,497.469519
41.952653,497.182252
41.955556,497.349123
41.958458,497.636487
41.961361,497.349123
41.964263,497.636487
41.967166,497.569289
41.970068,497.281965
41.972971,497.569289
41.975873,497.829716
41.978776,497.542242
41.981678,497.542242
41.984580,497.542242
41.987483,497.549595
41.990385,497.549595
41.993288,497.837074
41.996190,497.706882
41.999093,497.706882
42.001995,497.706882
42.004898,497.706882
42.007800,497.880848
42.010703,497.880848
42.013605,497.593344
42.016508,497.669556
42.019410,497.957105
42.022313,497.669556
42.025215,497.477317
42.028118,497.477317
42.031020,497.477317
42.033923,497.477317
42.036825,497.540612
42.039728,497.828086
42.042630,497.828086
42.045533,497.571882
42.048435,497.571882
42.051338,497.571882
42.054240,497.859373
42.057143,497.910265
42.060045,497.622744
42.062948,497.335389
42.065850,497.434162
42.068753,497.434162
42.071655,497.146916
42.074558,496.859836
42.077460,496.525197
42.080363,495.093245
42.083265,494.521621
42.086168,495.827872
42.089070,496.687821
42.091973,496.974802
42.094875,497.549262
42.097778,498.841596
42.100680,497.402963
42.103583,496.541776
42.106485,500.045774
42.109388,506.733367
42.112290,507.612231
42.115193,516.330818
42.118095,516.330818
42.120998,516.629148
42.123900,518.722294
42.126803,519.057176
42.129705,519.057176
42.132608,519.357082
42.135510,519.885429
42.138413,520.185813
42.141315,520.486371
42.144218,520.486371
42.147120,520.596584
42.150023,520.897379
42.152925,521.499491
42.155828,521.100137
42.158730,521.100137
42.161633,521.100137
42.164535,520.799225
42.167438,521.162007
42.170340,521.162007
42.173243,520.861059
42.176145,520.731990
42.179048,521.032863
42.181950,521.032863
42.184853,521.032863
42.187755,521.058157
42.190658,521.359219
42.193560,521.058157
42.196463,521.306005
42.199365,521.306005
42.202268,521.306005
42.205170,521.326944
42.208073,521.326944
42.210975,521.025901
42.213878,521.326944
42.216780,521.294165
42.219683,521.294165
42.222585,521.294165
42.225488,521.303625
42.228390,521.303625
42.231293,521.303625
42.234195,521.303625
42.237098,521.420538
42.240000,521.420538
42.242902,521.420538
42.245805,521.649327
42.248707,521.348097
42.251610,521.348097
42.254512,521.649327
42.257415,521.683281
42.260317,521.382031
42.263220,521.382031
42.266122,521.411874
42.269025,521.110781
42.271927,521.411874
42.274830,521.411874
42.277732,521.332358
42.280635,521.332358
42.283537,521.332358
42.286440,521.035356
42.289342,521.035356
42.292245,521.035356
42.295147,520.975589
42.298050,520.975589
42.300952,520.975589
42.303855,520.975589
42.306757,521.080612
42.309660,521.080612
42.312562,520.779710
42.315465,520.804168
42.318367,520.804168
42.321270,520.804168
42.324172,520.503427
42.327075,520.639532
42.329977,520.338886
42.332880,520.338886
42.335782,520.472588
42.338685,520.472588
42.341587,520.773312
42.344490,520.472588
42.347392,521.400800
42.350295,520.798802
42.353197,520.498063
42.356100,520.917005
42.359002,520.616198
42.361905,520.315565
42.364807,520.015106
42.367710,521.091630
42.370612,522.900730
42.373515,522.598777
42.376417,579.757706
42.379320,581.434532
42.382222,583.116208
42.385125,583.506991
42.388027,583.844135
42.390930,583.844135
42.393832,584.856737
42.396735,585.765236
42.399637,586.103685
42.402540,586.442329
42.405442,585.616883
42.408345,586.293805
42.411247,586.971509
42.414150,586.971509
42.417052,587.087326
42.419955,587.426539
42.422857,587.765947
42.425760,587.553547
42.428662,587.553547
42.431565,588.232707
42.434467,587.893029
42.437370,588.000371
42.440272,588.340111
42.443175,588.340111
42.446077,588.643643
42.448980,0.000000
42.451882,0.000000
42.454785,588.983755
42.457687,589.168347
42.460590,589.508762
42.463492,589.508762
42.466395,589.378036
42.469297,589.378036
42.472200,589.718573
42.475102,589.537676
42.478005,589.197244
42.480907,589.537676
42.483810,589.878305
42.486712,590.006753
42.489615,589.666050
42.492517,589.666050
42.495420,589.170470
42.498322,589.170470
42.501224,589.170470
42.504127,589.170470
42.507029,589.289392
42.509932,589.289392
42.512834,589.289392
42.515737,0.000000
42.518639,588.794777
42.521542,588.794777
42.524444,588.454774
42.527347,588.656898
42.530249,588.656898
42.533152,587.977247
42.536054,588.302094
42.538957,588.302094
42.541859,588.302094
42.544762,588.302094
42.547664,588.278529
42.550567,588.278529
42.553469,588.278529
42.556372,588.246427
42.559274,588.586309
42.562177,588.586309
42.565079,588.415862
42.567982,588.415862
42.570884,588.755843
42.573787,588.755843
42.576689,588.840456
42.579592,588.840456
42.582494,589.180682
42.585397,589.027640
42.588299,589.367974
42.591202,589.708505
42.594104,590.049232
42.597007,590.316714
42.599909,590.316714
42.602812,590.316714
42.605714,590.913516
42.608617,590.572290
42.611519,590.913516
42.614422,591.254940
42.617324,591.517827
42.620227,591.176252
42.623129,591.176252
42.626032,591.816945
42.628934,591.816945
42.631837,592.158890
42.634739,592.158890
42.637642,591.911932
42.640544,591.911932
42.643447,591.570129
42.646349,591.506845
42.649252,591.506845
42.652154,591.165276
42.655057,590.806108
42.657959,590.464944
42.660862,590.123976
42.663764,589.783206
42.666667,589.309567
42.669569,588.629163
42.672472,587.949545
42.675374,587.388455
42.678277,586.710269
42.681179,586.032866
42.684082,585.694458
42.686984,584.730015
42.689887,584.392359
42.692789,584.392359
42.695692,584.305939
42.698594,583.968528
42.701497,583.968528
42.704399,583.294291
42.707302,583.337325
42.710204,583.337325
42.713107,583.674371
42.716009,583.803022
42.718912,583.803022
42.721814,584.140337
42.724717,584.477847
42.727619,584.708920
42.730522,584.708920
42.733424,585.046759
42.736327,585.594914
42.739229,585.594914
42.742132,586.271811
42.745034,586.473965
42.747937,586.812824
42.750839,587.151878
42.753741,587.830575
42.756644,588.154097
42.759546,588.493927
42.762449,589.174174
42.765351,589.727051
42.768254,591.091185
42.771156,592.116356
42.774059,593.143305
42.776961,593.390548
42.779864,594.076455
42.782766,594.419707
42.785669,594.932606
42.788571,596.308782
42.791474,598.033478
42.794376,599.070690
42.797279,598.935770
42.800181,598.935770
42.803084,598.935770
42.805986,599.412406
42.808889,598.720338
42.811791,598.720338
42.814694,598.374603
42.817596,598.196794
42.820499,597.851362
42.823401,597.161096
42.826304,596.642602
42.829206,595.953731
42.832109,595.609594
42.835011,595.456948
42.837914,595.113098
42.840816,594.082738
42.843719,592.369435
42.846621,591.447869
42.849524,590.764996
42.852426,590.082911
42.855329,589.517537
42.858231,589.177117
42.861134,589.177117
42.864036,587.477962
42.866939,586.108939
42.869841,585.094169
42.872744,584.081156
42.875646,583.164443
42.878549,582.491134
42.881451,581.482627
42.884354,580.811260
42.887256,581.239844
42.890159,581.239844
42.893061,581.575678
42.895964,581.744922
42.898866,582.417369
42.901769,583.427496
42.904671,583.427496
42.907574,583.552326
42.910476,583.552326
42.913379,584.226862
42.916281,584.918739
42.919184,585.256699
42.922086,585.256699
42.924989,585.933205
42.927891,586.145356
42.930794,586.822889
42.933696,587.161949
42.936599,587.826502
42.939501,588.846011
42.942404,589.526665
42.945306,590.340183
42.948209,591.364051
42.951111,592.731972
42.954014,593.074446
42.956916,593.786065
42.959819,595.503465
42.962721,596.536289
42.965624,596.854838
42.968526,597.544751
42.971429,598.235460
42.974331,597.544751
42.977234,597.476435
42.980136,598.167066
42.983039,598.858495
42.985941,598.458843
42.988844,598.804627
42.991746,598.113260
42.994649,598.804627
42.997551,598.337315
43.000454,597.991802
43.003356,597.646488
43.006259,597.430115
43.009161,598.120693
43.012063,596.740336
43.014966,596.051352
43.017868,595.580522
43.020771,595.236601
43.023673,594.892878
43.026576,594.303444
43.029478,592.589505
43.032381,592.247310
43.035283,591.771326
43.038186,591.429604
43.041088,591.088080
43.043991,589.723953
43.046893,589.540325
43.049796,588.519615
43.052698,587.840123
43.055601,587.514293
43.058503,588.193408
43.061406,587.853753
43.064308,587.853753
43.067211,587.668486
43.070113,588.008035
43.073016,588.347780
43.075918,588.670719
43.078821,589.351171
43.081723,590.373324
43.084626,590.373324
43.087528,590.737692
43.090431,591.420533
43.093333,591.762249
43.096236,592.479716
43.099138,592.822045
43.102041,593.850218
43.104943,594.536657
43.107846,594.865888
43.110748,594.522379
43.113651,594.179069
43.116553,594.516661
43.119456,595.891874
43.122358,596.925372
43.125261,597.249591
43.128163,596.904706
43.131066,596.560020
43.133968,596.215532
43.136871,595.959840
43.139773,595.959840
43.142676,595.959840
43.145578,596.420272
43.148481,596.075866
43.151383,596.075866
43.154286,596.075866
43.157188,596.211352
43.160091,595.867067
43.162993,595.179091
43.165896,595.761800
43.168798,595.417773
43.171701,595.417773
43.174603,595.417773
43.177506,596.378919
43.180408,595.690353
43.183311,595.690353
43.186213,595.785533
43.189116,595.097652
43.192018,595.441493
43.194921,595.785533
43.197823,595.249596
43.200726,594.562334
43.203628,594.219000
43.206531,594.375303
43.209433,594.718726
43.212336,595.062349
43.215238,594.855547
43.218141,594.512044
43.221043,594.512044
43.223946,594.855547
43.226848,594.648699
43.229751,594.648699
43.232653,594.648699
43.235556,594.789006
43.238458,594.445542
43.241361,594.102276
43.244263,593.416338
43.247166,593.475774
43.250068,593.818678
43.252971,594.505080
43.255873,594.424258
43.258776,594.424258
43.261678,594.081004
43.264580,593.737949
43.267483,594.478205
43.270385,594.821688
43.273288,594.134920
43.276190,0.000000
43.279093,0.000000
43.281995,0.000000
43.284898,0.000000
43.287800,0.000000
43.290703,0.000000
43.293605,0.000000
43.296508,0.000000
43.299410,784.489679
43.302313,785.396481
43.305215,787.151430
43.308118,787.606238
43.311020,788.516642
43.313923,789.884222
43.316825,790.579507
43.319728,791.036295
43.322630,791.036295
43.325533,791.096913
43.328435,791.096913
43.331338,791.554000
43.334240,791.096913
43.337143,790.983361
43.340045,790.526603
43.342948,790.070109
43.345850,789.644875
43.348753,788.733168
43.351655,788.277709
43.354558,787.367581
43.357460,786.394471
43.360363,785.486517
43.363265,784.579611
43.366168,783.636800
43.369070,782.280037
43.371973,781.828305
43.374875,781.376833
43.377778,780.618667
43.380680,780.618667
43.383583,780.167894
43.386485,779.119745
43.389388,778.220190
43.392290,778.220190
43.395193,777.994720
43.398095,778.444237
43.400998,778.894014
43.403900,779.344051
43.406803,780.350230
43.409705,780.801108
43.412608,781.703646
43.415510,782.342185
43.418413,782.794214
43.421315,783.246504
43.424218,783.699056
43.427120,784.102428
43.430023,785.008782
43.432925,0.000000
43.435828,0.000000
43.438730,787.581878
43.441633,788.036935
43.444535,789.403682
43.447438,790.605039
43.450340,791.061843
43.453243,791.518910
43.456145,792.999092
43.459048,794.374446
43.461950,796.211963
43.464853,798.053730
43.467755,798.824651
43.470658,799.286203
43.473560,798.824651
43.476463,798.636216
43.479365,798.636216
43.482268,798.175039
43.485170,797.604512
43.488073,796.223565
43.490975,795.304263
43.493878,794.386022
43.496780,793.465636
43.499683,792.549518
43.502585,791.177323
43.505488,790.119504
43.508390,789.207249
43.511293,788.296047
43.514195,786.931217
43.517098,785.426091
43.520000,782.256743
43.522902,780.902369
43.525805,779.840130
43.528707,778.489940
43.531610,776.693323
43.534512,775.796570
43.537415,774.114227
43.540317,771.881722
43.543220,771.881722
43.546122,771.884628
43.549025,772.330615
43.551927,771.884628
43.554830,772.330615
43.557732,772.552494
43.560635,773.892386
43.563537,774.786938
43.566440,775.224577
43.569342,776.120669
43.572245,777.017797
43.575147,777.770477
43.578050,779.119419
43.580952,780.020013
43.583855,781.372857
43.586757,782.493577
43.589660,783.850710
43.592562,785.663884
43.595465,786.626305
43.598367,788.445899
43.601270,789.357274
43.604172,789.357274
43.607075,790.766287
43.609977,791.223183
43.612880,791.680343
43.615782,792.113164
43.618685,792.113164
43.621587,792.570838
43.624490,793.028777
43.627392,792.988727
43.630295,793.446908
43.633197,793.446908
43.636100,793.524746
43.639002,793.524746
43.641905,793.066520
43.644807,792.608559
43.647710,792.456195
43.650612,791.998587
43.653515,791.541243
43.656417,791.092985
43.659320,790.636164
43.662222,789.723313
43.665125,788.930951
43.668027,788.020068
43.670930,787.565022
43.673832,787.110238
43.676735,786.481030
43.679637,786.026872
43.682540,786.026872
43.685442,785.941014
43.688345,785.487168
43.691247,785.941014
43.694150,0.000000
43.697052,0.000000
43.699955,786.939737
43.702857,786.939737
43.705760,787.239920
43.708662,787.694779
43.711565,787.694779
43.714467,787.694779
43.717370,787.689026
43.720272,788.144144
43.723175,788.144144
43.726077,788.427903
43.728980,788.883449
43.731882,788.883449
43.734785,789.339257
43.737687,789.846105
43.740590,790.759099
43.743492,790.759099
43.746395,790.825205
43.749297,790.368539
43.752200,790.368539
43.755102,789.233305
43.758005,787.866852
43.760907,786.957198
43.763810,785.141040
43.766712,783.784903
43.769615,782.879962
43.772517,782.879962
43.775420,783.714324
43.778322,785.981052
43.781224,782.357427
43.784127,780.101150
43.787029,781.651308
43.789932,781.651308
43.792834,781.651308
43.795737,744.618107
43.798639,745.478821
43.801542,746.340529
43.804444,747.203234
43.807347,747.054141
43.810249,748.349810
43.813152,748.782198
43.816054,749.125133
43.818957,749.125133
43.821859,749.991057
43.824762,750.424394
43.827664,750.567544
43.830567,751.001214
43.833469,750.567544
43.836372,750.639496
43.839274,750.639496
43.842177,751.073207
43.845079,751.004675
43.847982,751.004675
43.850884,751.004675
43.853787,751.004675
43.856689,750.871253
43.859592,750.871253
43.862494,750.871253
43.865397,750.665970
43.868299,750.665970
43.871202,750.665970
43.874104,750.665970
43.877007,750.707808
43.879909,750.707808
43.882812,750.707808
43.885714,750.702309
43.888617,750.702309
43.891519,750.702309
43.894422,751.136057
43.897324,751.179752
43.900227,751.613776
43.903129,751.613776
43.906032,751.392058
43.908934,751.826204
43.911837,751.826204
43.914739,751.826204
43.917642,751.594633
43.920544,752.028896
43.923447,752.028896
43.926349,751.801318
43.929252,752.235701
43.932154,752.235701
43.935057,751.916825
43.937959,751.482626
43.940862,751.482626
43.943764,751.048678
43.946667,751.603381
43.949569,752.037650
43.952472,752.037650
43.955374,752.193981
43.958277,751.759623
43.961179,751.325515
43.964082,750.024694
43.966984,0.000000
43.969887,0.000000
43.972789,0.000000
43.975692,0.000000
43.978594,0.000000
43.981497,0.000000
43.984399,0.000000
43.987302,0.000000
43.990204,0.000000
43.993107,0.000000
43.996009,0.000000
43.998912,0.000000
44.001814,0.000000
44.004717,0.000000
44.007619,643.985587
44.010522,643.985587
44.013424,643.985587
44.016327,651.777842
44.019229,652.908266
44.022132,661.640237
44.025034,663.046481
44.027937,664.580215
44.030839,665.732843
44.033741,666.117497
44.036644,666.429667
44.039546,666.429667
44.042449,666.429667
44.045351,666.777455
44.048254,667.162712
44.051156,667.162712
44.054059,667.162712
44.056961,666.963286
44.059864,666.963286
44.062766,667.348651
44.065669,667.483270
44.068571,667.483270
44.071474,667.483270
44.074376,667.097828
44.077279,667.294226
44.080181,667.679782
44.083084,667.679782
44.085986,667.685997
44.088889,667.685997
44.091791,667.685997
44.094694,667.685997
44.097596,667.624537
44.100499,667.624537
44.103401,667.624537
44.106304,667.558803
44.109206,667.558803
44.112109,667.558803
44.115011,667.496898
44.117914,667.496898
44.120816,667.496898
44.123719,667.882571
44.126621,667.605932
44.129524,667.605932
44.132426,667.605932
44.135329,667.630224
44.138231,667.630224
44.141134,667.630224
44.144036,667.630224
44.146939,667.764439
44.149841,667.764439
44.152744,667.764439
44.155646,667.861249
44.158549,667.861249
44.161451,667.861249
44.164354,667.861249
44.167256,667.455948
44.170159,667.841597
44.173061,667.841597
44.175964,667.866187
44.178866,667.866187
44.181769,667.480524
44.184671,667.480524
44.187574,667.364408
44.190476,667.364408
44.193379,667.364408
44.196281,667.687384
44.199184,667.301824
44.202086,667.301824
44.204989,667.301824
44.207891,667.148803
44.210794,667.148803
44.213696,667.148803
44.216599,667.002530
44.219501,667.387917
44.222404,667.387917
44.225306,667.382330
44.228209,667.767937
44.231111,667.767937
44.234014,668.153766
44.236916,667.877814
44.239819,667.877814
44.242721,667.877814
44.245624,667.343998
44.248526,666.958636
44.251429,666.573497
44.254331,666.958636
44.257234,666.390834
44.260136,666.775867
44.263039,667.932303
44.265941,667.245630
44.268844,665.705745
44.271746,667.631158
44.274649,668.016908
44.277551,593.409802
44.280454,593.409802
44.283356,593.752668
44.286259,593.576899
44.289161,593.576899
44.292063,593.576899
44.294966,593.919862
44.297868,593.795052
44.300771,593.452162
44.303673,593.109469
44.306576,592.627055
44.309478,592.627055
44.312381,591.601000
44.315283,590.820151
44.318186,590.138003
44.321088,590.138003
44.323991,589.456643
44.326893,588.722503
44.329796,588.382542
44.332698,588.382542
44.335601,588.263931
44.338503,588.263931
44.341406,586.228692
44.344308,584.538040
44.347211,584.606961
44.350113,583.931987
44.353016,582.920986
44.355918,582.612195
44.358821,582.948822
44.361723,582.612195
44.364626,581.939524
44.367528,581.590728
44.370431,581.254885
44.373333,582.262996
44.376236,582.833154
44.379138,583.169909
44.382041,584.181342
44.384943,583.844003
44.387846,584.246490
44.390748,584.921829
44.393651,584.584062
44.396553,585.194167
44.399456,586.209110
44.402358,587.225814
44.405261,588.025122
44.408163,589.385319
44.411066,589.385319
44.413968,589.725860
44.416871,590.918884
44.419773,591.943756
44.422676,592.285775
44.425578,593.345624
44.428481,595.061751
44.431383,596.093808
44.434286,597.127655
44.437188,597.700670
44.440091,598.391560
44.442993,598.737304
44.445896,598.680433
44.448798,599.026344
44.451701,599.372455
44.454603,599.372455
44.457506,599.071528
44.460408,599.071528
44.463311,598.725590
44.466213,598.763076
44.469116,598.763076
44.472018,597.726397
44.474921,597.036275
44.477823,596.611240
44.480726,596.266723
44.483628,594.547122
44.486531,594.487003
44.489433,593.115031
44.492336,591.746227
44.495238,589.519904
44.498141,589.519904
44.501043,588.159396
44.503946,588.159396
44.506848,588.048195
44.509751,587.708623
44.512653,585.675306
44.515556,584.714009
44.518458,584.376363
44.521361,584.714009
44.524263,584.714009
44.527166,584.729263
44.530068,584.729263
44.532971,584.729263
44.535873,585.100260
44.538776,585.438325
44.541678,585.438325
44.544580,586.115040
44.547483,587.179445
44.550385,587.858174
44.553288,588.877737
44.556190,589.909340
44.559093,589.909340
44.561995,590.591224
44.564898,592.299384
44.567800,592.690019
44.570703,593.717963
44.573605,593.717963
44.576508,594.572311
44.579410,595.259585
44.582313,596.291985
44.585215,596.933603
44.588118,597.278505
44.591020,597.623606
44.593923,597.278505
44.596825,597.494687
44.599728,597.494687
44.602630,597.494687
44.605533,597.041097
44.608435,597.041097
44.611338,597.041097
44.614240,597.041097
44.617143,596.731246
44.620045,596.731246
44.622948,596.731246
44.625850,596.800632
44.628753,596.800632
44.631655,596.800632
44.634558,596.456006
44.637460,596.361063
44.640363,596.016691
44.643265,596.016691
44.646168,595.817875
44.649070,596.162133
44.651973,595.817875
44.654875,595.473817
44.657778,594.917480
44.660680,594.573942
44.663583,593.887459
44.666485,593.611713
44.669388,592.926342
44.672290,592.926342
44.675193,592.521487
44.678095,592.179332
44.680998,591.154052
44.683900,589.108815
44.686803,592.113941
44.689705,595.888122
44.692608,596.232419
44.695510,592.344472
44.698413,593.029171
44.701315,594.400943
44.704218,589.613574
44.707120,591.548737
44.710023,591.548737
44.712925,590.865748
44.715828,592.101900
44.718730,584.963044
44.721633,0.000000
44.724535,0.000000
44.727438,523.420931
44.730340,522.514697
44.733243,525.238117
44.736145,524.125215
44.739048,524.428049
44.741950,524.125215
44.744853,524.428049
44.747755,524.438707
44.750658,524.135867
44.753560,524.135867
44.756463,523.788808
44.759365,523.788808
44.762268,524.091448
44.765170,524.280761
44.768073,523.978012
44.770975,523.978012
44.773878,523.978012
44.776780,524.182533
44.779683,524.485400
44.782585,524.182533
44.785488,523.825640
44.788390,523.825640
44.791293,524.128300
44.794195,524.128300
44.797098,523.950351
44.800000,524.253084
44.802902,524.253084
44.805805,524.344439
44.808707,524.344439
44.811610,524.344439
44.814512,524.041653
44.817415,524.090552
44.820317,524.090552
44.823220,523.787913
44.826122,523.947663
44.829025,523.947663
44.831927,523.947663
44.834830,524.250395
44.837732,524.368361
44.840635,524.368361
44.843537,524.065562
44.846440,523.882535
44.849342,523.882535
44.852245,523.882535
44.855147,523.900743
44.858050,523.900743
44.860952,523.598214
44.863855,523.598214
44.866757,523.440885
44.869660,523.743324
44.872562,523.743324
44.875465,523.706846
44.878367,523.706846
44.881270,524.009439
44.884172,524.009439
44.887075,523.809857
44.889977,523.809857
44.892880,523.809857
44.895782,523.851585
44.898685,523.851585
44.901587,523.246757
44.904490,523.246757
44.907392,522.490780
44.910295,520.683099
44.913197,520.081930
44.916100,520.671010
44.919002,519.769537
44.921905,520.971848
44.924807,523.082589
44.927710,523.204174
44.930612,522.902047
44.933515,523.808953
44.936417,0.000000
44.939320,0.000000
44.942222,521.429984
44.945125,500.137076
44.948027,501.583617
44.950930,501.873426
44.953832,502.743861
44.956735,503.690836
44.959637,503.690836
44.962540,503.690836
44.965442,503.557226
44.968345,504.430581
44.971247,504.139295
44.974150,503.557226
44.977052,502.961405
44.979955,502.670967
44.982857,502.380696
44.985760,502.148314
44.988662,502.148314
44.991565,502.148314
44.994467,502.438450
44.997370,502.419656
45.000272,502.419656
45.003175,502.129531
45.006077,501.893791
45.008980,501.893791
45.011882,501.893791
45.014785,501.893791
45.017687,501.991320
45.020590,501.991320
45.023492,501.991320
45.026395,502.029694
45.029297,502.029694
45.032200,501.739794
45.035102,501.684760
45.038005,501.684760
45.040907,501.974628
45.043810,501.974628
45.046712,501.925369
45.049615,501.925369
45.052517,501.925369
45.055420,501.892490
45.058322,501.892490
45.061224,501.892490
45.064127,501.892490
45.067029,502.082712
45.069932,502.082712
45.072834,502.082712
45.075737,501.996368
45.078639,501.996368
45.081542,501.996368
45.084444,502.286417
45.087347,502.481837
45.090249,502.481837
45.093152,502.191676
45.096054,501.992755
45.098957,502.282801
45.101859,502.282801
45.104762,502.573015
45.107664,502.343935
45.110567,502.343935
45.113469,502.343935
45.116372,502.728436
45.119274,503.018907
45.122177,503.018907
45.125079,502.705192
45.127982,502.995650
45.130884,502.995650
45.133787,503.577069
45.136689,503.772902
45.139592,503.772902
45.142494,503.481995
45.145397,503.866134
45.148299,504.157262
45.151202,503.866134
45.154104,503.866134
45.157007,503.645206
45.159909,503.645206
45.162812,504.227376
45.165714,503.048616
45.168617,502.758128
45.171519,502.758128
45.174422,501.887668
45.177324,501.141123
45.180227,503.753141
45.183129,504.918404
45.186032,518.251650
45.188934,523.365735
45.191837,524.273445
45.194739,524.273445
45.197642,526.888476
45.200544,526.888476
45.203447,526.584221
45.206349,527.523693
45.209252,527.523693
45.212154,527.828491
45.215057,528.057525
45.217959,527.143263
45.220862,526.838861
45.223764,526.230584
45.226667,525.477590
45.229569,524.870885
45.232472,524.567795
45.235374,0.000000
45.238277,522.576415
45.241179,521.370401
45.244082,520.768438
45.246984,519.190675
45.249887,519.190675
45.252789,518.591229
45.255692,517.998490
45.258594,517.400421
45.261497,517.101645
45.264399,517.101645
45.267302,516.868627
45.270204,517.167269
45.273107,516.570159
45.276009,516.972788
45.278912,516.674259
45.281814,516.972788
45.284717,517.570364
45.287619,518.210808
45.290522,518.809815
45.293424,518.809815
45.296327,518.546582
45.299229,519.145977
45.302132,519.746064
45.305034,519.795750
45.307937,520.396589
45.310839,520.998122
45.313741,521.600350
45.316644,522.683280
45.319546,522.985281
45.322449,523.589806
45.325351,524.680538
45.328254,525.894209
45.331156,526.198065
45.334059,527.110688
45.336961,527.276923
45.339864,528.191416
45.342766,528.496599
45.345669,529.609308
45.348571,529.915310
45.351474,530.834380
45.354376,531.447978
45.357279,531.975672
45.360181,532.590590
45.363084,531.975672
45.365986,532.101701
45.368889,532.101701
45.371791,530.567148
45.374694,529.954567
45.377596,529.184710
45.380499,528.573725
45.383401,528.268497
45.386304,527.425556
45.389206,527.120991
45.392109,526.512388
45.395011,525.862417
45.397914,524.951956
45.400816,524.043072
45.403719,523.740460
45.406621,522.690312
45.409524,522.086825
45.412426,521.785343
45.415329,521.466519
45.418231,519.962637
45.421134,519.662382
45.424036,519.062391
45.426939,518.282727
45.429841,517.684329
45.432744,517.385389
45.435646,517.487043
45.438549,517.786042
45.441451,517.786042
45.444354,518.085213
45.447256,518.278372
45.450159,518.577828
45.453061,518.877457
45.455964,519.072770
45.458866,519.672773
45.461769,519.973035
45.464671,520.574078
45.467574,0.000000
45.470476,521.486607
45.473379,522.089400
45.476281,522.476701
45.479184,523.382869
45.482086,524.290609
45.484989,523.987854
45.487891,524.201665
45.490794,525.110825
45.493696,525.414229
45.496599,526.513416
45.499501,526.817630
45.502404,527.426585
45.505306,527.547312
45.508209,527.852123
45.511111,528.157111
45.514014,528.462274
45.516916,528.679928
45.519819,528.679928
45.522721,528.374638
45.525624,528.323999
45.528526,528.018915
45.531429,527.714007
45.534331,527.409276
45.537234,527.247675
45.540136,527.247675
45.543039,526.943213
45.545941,526.470133
45.548844,526.166120
45.551746,525.558620
45.554649,524.951821
45.557551,524.151844
45.560454,523.849170
45.563356,523.849170
45.566259,523.590928
45.569161,523.590928
45.572063,523.288578
45.574966,523.288578
45.577868,523.407355
45.580771,523.709774
45.583673,523.407355
45.586576,523.587309
45.589478,523.889832
45.592381,524.192530
45.595283,524.383004
45.598186,524.383004
45.601088,524.685987
45.603991,524.685987
45.606893,524.377894
45.609796,523.772459
45.612698,523.470003
45.615601,523.026160
45.618503,522.422286
45.621406,520.915648
45.624308,520.614842
45.627211,522.958277
45.630113,524.470823
45.633016,524.470823
45.635918,525.823726
45.638821,526.127541
45.641723,526.127541
45.644626,525.216621
45.647528,521.012400
45.650431,0.000000
45.653333,523.123304
45.656236,496.184844
45.659138,502.240256
45.662041,499.059214
45.664943,496.184844
45.667846,494.208607
45.670748,496.784492
45.673651,498.797236
45.676553,500.323353
45.679456,500.612434
45.682358,500.612434
45.685261,500.694887
45.688163,501.273646
45.691066,501.273646
45.693968,501.273646
45.696871,500.872238
45.699773,500.293942
45.702676,500.872238
45.705578,501.411929
45.708481,500.833010
45.711383,500.833010
45.714286,500.833010
45.717188,501.001254
45.720091,501.290727
45.722993,501.290727
45.725896,501.084291
45.728798,501.084291
45.731701,501.084291
45.734603,501.084291
45.737506,501.102022
45.740408,501.391554
45.743311,501.391554
45.746213,501.516027
45.749116,501.516027
45.752018,501.805798
45.754921,501.516027
45.757823,501.618094
45.760726,501.618094
45.763628,501.618094
45.766531,501.689388
45.769433,501.689388
45.772336,501.689388
45.775238,501.905176
45.778141,501.905176
45.781043,502.195171
45.783946,502.195171
45.786848,501.943700
45.789751,502.233718
45.792653,502.233718
45.795556,501.995220
45.798458,501.995220
45.801361,501.995220
45.804263,501.995220
45.807166,502.067735
45.810068,502.067735
45.812971,502.067735
45.815873,501.770464
45.818776,501.770464
45.821678,501.770464
45.824580,501.770464
45.827483,501.624857
45.830385,501.624857
45.833288,501.624857
45.836190,501.460627
45.839093,501.171056
45.841995,500.881651
45.844898,500.881651
45.847800,500.527811
45.850703,500.238778
45.853605,495.350680
45.856508,494.606380
45.859410,497.759040
45.862313,496.897236
45.865215,501.668790
45.868118,502.248676
45.871020,501.668790
45.873923,499.933148
45.876825,500.388268
45.879728,500.677387
45.882630,499.810530
45.885533,436.003443
45.888435,437.011989
45.891338,439.797537
45.894240,441.069558
45.897143,442.262765
45.900045,442.007377
45.902948,441.242100
45.905850,441.319922
45.908753,442.085335
45.911655,442.852074
45.914558,443.107949
45.917460,442.996755
45.920363,442.740944
45.923265,442.996755
45.926168,443.026725
45.929070,443.282701
45.931973,443.538825
45.934875,443.538825
45.937778,443.514313
45.940680,443.258203
45.943583,443.258203
45.946485,443.380694
45.949388,443.124662
45.952290,443.380694
45.955193,443.504629
45.958095,443.760881
45.960998,443.760881
45.963900,443.504629
45.966803,443.420662
45.969705,443.676866
45.972608,443.676866
45.975510,443.749410
45.978413,443.749410
45.981315,443.749410
45.984218,443.749410
45.987120,443.726893
45.990023,443.726893
45.992925,443.726893
45.995828,443.744398
45.998730,443.744398
46.001633,443.744398
46.004535,443.744398
46.007438,444.042783
46.010340,443.786368
46.013243,443.786368
46.016145,443.658952
46.019048,443.402759
46.021950,443.658952
46.024853,443.658952
46.027755,443.747653
46.030658,443.747653
46.033560,443.747653
46.036463,443.539830
46.039365,443.796103
46.042268,443.796103
46.045170,443.811762
46.048073,443.811762
46.050975,443.811762
46.053878,443.555480
46.056780,443.475215
46.059683,443.475215
46.062585,443.475215
46.065488,443.632282
46.068390,443.632282
46.071293,443.632282
46.074195,443.376104
46.077098,443.760053
46.080000,443.760053
46.082902,443.760053
46.085805,443.923556
46.088707,443.923556
46.091610,443.923556
46.094512,443.667210
46.097415,443.054672
46.100317,443.310664
46.103220,443.054672
46.106122,443.790983
46.109025,444.047401
46.111927,444.047401
46.114830,443.790983
46.117732,444.079472
46.120635,444.336057
46.123537,444.079472
46.126440,444.690669
46.129342,443.408205
46.132245,443.152156
46.135147,443.490650
46.138050,444.516516
46.140952,444.259827
46.143855,443.490650
46.146757,442.614612
46.149660,443.126235
46.152562,444.407884
46.155465,392.552594
46.158367,392.552594
46.161270,392.552594
46.164172,394.826628
46.167075,395.112001
46.169977,394.655813
46.172880,394.200152
46.175782,394.237928
46.178685,394.693633
46.181587,395.149864
46.184490,395.149864
46.187392,394.523939
46.190295,394.068430
46.193197,394.296119
46.196100,394.671943
46.199002,394.899980
46.201905,394.671943
46.204807,394.216263
46.207710,394.133427
46.210612,394.361153
46.213515,394.361153
46.216417,393.861137
46.219320,393.406394
46.222222,393.406394
46.225125,393.144952
46.228027,393.372107
46.230930,392.917928
46.233832,392.237642
46.236735,392.464315
46.239637,392.011184
46.242540,391.106492
46.245442,390.425482
46.248345,390.425482
46.251247,389.974705
46.254150,389.524449
46.257052,388.653670
46.259955,388.204939
46.262857,387.532813
46.265760,387.262818
46.268662,387.486574
46.271565,387.262818
46.274467,387.262818
46.277370,387.065947
46.280272,386.619049
46.283175,386.619049
46.286077,386.999143
46.288980,386.775668
46.291882,387.446480
46.294785,387.670343
46.297687,386.838218
46.300590,387.061729
46.303492,387.509139
46.306395,387.488998
46.309297,387.936901
46.312200,388.385322
46.315102,388.713654
46.318005,389.162973
46.320907,389.612811
46.323810,389.612811
46.326712,389.796261
46.329615,390.697923
46.332517,390.472312
46.335420,390.855147
46.338322,392.212098
46.341224,393.119348
46.344127,393.346488
46.347029,393.774211
46.349932,394.457161
46.352834,394.685075
46.355737,394.452272
46.358639,394.224494
46.361542,394.224494
46.364444,396.508213
46.367347,395.994410
46.370249,396.910409
46.373152,399.209688
46.376054,399.038852
46.378957,399.038852
46.381859,398.808424
46.384762,398.347969
46.387664,398.658694
46.390567,398.198411
46.393469,399.350115
46.396372,398.678859
46.399274,398.678859
46.402177,397.758779
46.405079,396.908036
46.407982,396.678839
46.410884,395.534839
46.413787,395.306435
46.416689,395.939921
46.419592,396.168691
46.422494,395.026162
46.425397,394.218972
46.428299,393.536434
46.431202,391.948438
46.434104,391.269831
46.437007,390.756268
46.439909,390.305109
46.442812,390.982043
46.445714,390.257988
46.448617,390.483475
46.451519,388.907798
46.454422,388.683220
46.457324,388.101606
46.460227,387.877495
46.463129,387.429660
46.466032,387.595818
46.468934,386.924747
46.471837,386.031793
46.474739,386.478012
46.477642,387.113655
46.480544,387.785054
46.483447,387.113655
46.486349,387.103859
46.489252,386.656918
46.492154,386.656918
46.495057,387.454108
46.497959,388.126097
46.500862,388.350352
46.503764,388.126097
46.506667,388.907626
46.509569,389.357169
46.512472,390.257816
46.515374,390.430139
46.518277,390.881442
46.521179,391.333267
46.524082,392.238485
46.526984,392.693628
46.529887,394.284643
46.532789,394.512457
46.535692,395.222471
46.538594,394.310368
46.541497,394.994248
46.544399,394.082671
46.547302,395.483319
46.550204,396.169234
46.553107,397.544634
46.556009,399.147451
46.558912,399.147451
46.561814,399.378074
46.564717,399.147451
46.567619,399.302357
46.570522,399.994895
46.573424,400.226008
46.576327,400.040694
46.579229,399.348077
46.582132,399.117471
46.585034,398.934546
46.587937,398.473945
46.590839,397.554337
46.593741,397.554337
46.596644,396.925089
46.599546,396.237866
46.602449,395.551833
46.605351,394.965420
46.608254,394.965420
46.611156,393.598944
46.614059,392.917479
46.616961,392.465029
46.619864,391.333181
46.622766,392.011897
46.625669,390.471435
46.628571,390.245955
46.631474,390.245955
46.634376,390.471435
46.637279,389.791075
46.640181,388.891506
46.643084,388.666939
46.645986,388.690803
46.648889,388.690803
46.651791,388.915384
46.654694,388.466351
46.657596,388.270378
46.660499,388.494717
46.663401,388.719185
46.666304,389.164346
46.669206,389.389201
46.672109,390.064546
46.675011,390.848532
46.677914,390.622834
46.680816,390.397266
46.683719,390.622834
46.686621,391.382847
46.689524,392.061650
46.692426,392.514839
46.695329,393.128074
46.698231,393.582496
46.701134,392.901060
46.704036,392.901060
46.706939,394.229403
46.709841,394.457184
46.712744,394.685098
46.715646,395.609980
46.718549,395.609980
46.721451,395.609980
46.724354,396.754198
46.727256,397.600059
46.730159,398.289644
46.733061,398.289644
46.735964,399.441049
46.738866,399.210389
46.741769,398.289082
46.744671,398.289082
46.747574,397.647527
46.750476,398.337195
46.753379,398.107173
46.756281,397.486380
46.759184,396.798185
46.762086,396.798185
46.764989,397.256849
46.767891,397.327977
46.770794,396.411014
46.773696,395.496168
46.776599,393.862772
46.779501,393.408027
46.782404,393.635334
46.785306,391.967601
46.788209,392.194076
46.791111,392.194076
46.794014,391.288961
46.796916,391.345979
46.799819,0.000000
46.802721,390.668416
46.805624,390.648286
46.808526,390.422703
46.811429,389.071944
46.814331,388.622730
46.817234,389.225630
46.820136,388.327366
46.823039,388.327366
46.825941,389.179804
46.828844,389.179804
46.831746,389.179804
46.834649,388.730466
46.837551,388.152532
46.840454,388.825733
46.843356,390.626647
46.846259,391.371657
46.849161,390.694049
46.852063,390.468441
46.854966,390.468441
46.857868,392.076500
46.860771,392.529706
46.863673,392.983436
46.866576,393.751579
46.869478,394.434490
46.872381,394.662390
46.875283,395.118916
46.878186,395.118916
46.881088,395.347212
46.883991,395.575640
46.886893,395.856300
46.889796,396.542861
46.892698,397.001230
46.895601,397.670982
46.898503,398.590859
46.901406,398.130655
46.904308,398.590859
46.907211,398.143010
46.910113,397.683323
46.913016,397.683323
46.915918,396.797869
46.918821,396.797869
46.921723,397.027134
46.924626,397.486063
46.927528,396.704836
46.930431,396.017994
46.933333,396.017994
46.936236,395.702595
46.939138,395.474094
46.942041,395.017489
46.944943,394.333568
46.947846,393.759692
46.950748,393.987202
46.953651,394.442617
46.956553,395.190770
46.959456,395.647576
46.962358,395.190770
46.965261,393.663811
46.968163,391.848895
46.971066,390.718823
46.973968,391.622619
46.976871,391.049395
46.979773,392.407021
46.982676,392.860609
46.985578,392.108245
46.988481,392.561488
46.991383,392.108245
46.994286,392.334801
46.997188,393.147651
47.000091,392.466968
47.002993,392.466968
47.005896,393.049250
47.008798,393.730943
47.011701,394.413819
47.014603,393.958437
47.017506,395.295186
47.020408,393.927569
47.023311,394.155176
47.026213,393.907960
47.029116,395.047256
47.032018,393.680496
47.034921,393.453163
47.037823,392.450232
47.040726,391.997118
47.043628,391.092457
47.046531,393.166876
47.049433,391.128260
47.052336,0.000000
47.055238,0.000000
47.058141,0.000000
47.061043,0.000000
47.063946,0.000000
47.066848,0.000000
47.069751,0.000000
47.072653,0.000000
47.075556,0.000000
47.078458,0.000000
47.081361,0.000000
47.084263,0.000000
47.087166,0.000000
47.090068,0.000000
47.092971,0.000000
47.095873,0.000000
47.098776,0.000000
47.101678,0.000000
47.104580,0.000000
47.107483,0.000000
47.110385,0.000000
47.113288,0.000000
47.116190,0.000000
47.119093,0.000000
47.121995,0.000000
47.124898,0.000000
47.127800,0.000000
47.130703,0.000000
47.133605,0.000000
47.136508,0.000000
47.139410,0.000000
47.142313,0.000000
47.145215,0.000000
47.148118,0.000000
47.151020,0.000000
47.153923,0.000000
47.156825,0.000000
47.159728,0.000000
47.162630,0.000000
47.165533,0.000000
47.168435,0.000000
47.171338,0.000000
47.174240,0.000000
47.177143,0.000000
47.180045,0.000000
47.182948,0.000000
47.185850,0.000000
47.188753,0.000000
47.191655,0.000000
47.194558,0.000000
47.197460,0.000000
47.200363,0.000000
47.203265,0.000000
47.206168,0.000000
47.209070,0.000000
47.211973,0.000000
47.214875,0.000000
47.217778,0.000000
47.220680,0.000000
47.223583,0.000000
47.226485,0.000000
47.229388,0.000000
47.232290,0.000000
47.235193,0.000000
47.238095,0.000000
47.240998,0.000000
47.243900,0.000000
47.246803,0.000000
47.249705,0.000000
47.252608,0.000000
47.255510,0.000000
47.258413,0.000000
47.261315,395.067315
47.264218,394.383308
47.267120,987.225060
47.270023,987.795468
47.272925,988.937274
47.275828,988.856867
47.278730,988.856867
47.281633,988.856867
47.284535,989.428218
47.287438,989.548131
47.290340,990.691963
47.293243,991.264374
47.296145,992.163547
47.299048,992.163547
47.301950,992.736809
47.304853,993.310401
47.307755,993.455134
47.310658,994.029141
47.313560,993.455134
47.316463,993.503879
47.319365,992.930174
47.322268,992.930174
47.325170,993.130893
47.328073,993.130893
47.330975,992.557404
47.333878,992.557404
47.336780,992.481592
47.339683,991.908478
47.342585,991.908478
47.345488,991.935111
47.348390,991.362312
47.351293,991.935111
47.354195,991.935111
47.357098,992.460213
47.360000,993.033646
47.362902,993.607410
47.365805,993.166888
47.368707,992.020199
47.371610,992.020199
47.374512,992.020199
47.377415,992.457280
47.380317,992.457280
47.383220,992.457280
47.386122,992.503224
47.389025,992.503224
47.391927,992.503224
47.394830,992.503224
47.397732,992.832317
47.400635,992.832317
47.403537,992.832317
47.406440,992.307660
47.409342,992.307660
47.412245,992.307660
47.415147,992.729010
47.418050,992.729010
47.420952,992.729010
47.423855,992.729010
47.426757,993.126050
47.429660,993.126050
47.432562,993.126050
47.435465,992.878646
47.438367,992.878646
47.441270,992.878646
47.444172,992.305303
47.447075,992.553965
47.449977,992.553965
47.452880,992.553965
47.455782,992.466649
47.458685,992.466649
47.461587,993.040086
47.464490,993.040086
47.467392,993.190596
47.470295,993.190596
47.473197,993.190596
47.476100,992.932441
47.479002,992.932441
47.481905,992.932441
47.484807,992.932441
47.487710,993.078152
47.490612,993.078152
47.493515,993.078152
47.496417,993.110269
47.499320,992.536792
47.502222,993.110269
47.505125,993.205464
47.508027,993.205464
47.510930,993.205464
47.513832,993.205464
47.516735,993.094852
47.519637,993.094852
47.522540,993.094852
47.525442,993.084446
47.528345,993.084446
47.531247,993.084446
47.534150,992.510984
47.537052,992.747979
47.539955,992.747979
47.542857,992.747979
47.545760,992.335354
47.548662,992.335354
47.551565,992.335354
47.554467,992.335354
47.557370,992.687294
47.560272,992.687294
47.563175,992.687294
47.566077,992.690903
47.568980,992.117668
47.571882,992.690903
47.574785,992.690903
47.577687,992.444101
47.580590,992.444101
47.583492,992.444101
47.586395,992.870101
47.589297,992.870101
47.592200,992.870101
47.595102,992.785487
47.598005,992.785487
47.600907,992.785487
47.603810,992.785487
47.606712,993.264450
47.609615,993.264450
47.612517,993.264450
47.615420,993.618313
47.618322,994.192416
47.621224,994.192416
47.624127,994.766849
47.627029,994.831074
47.629932,995.405877
47.632834,995.981012
47.635737,996.303022
47.638639,996.878675
47.641542,996.878675
47.644444,997.454661
47.647347,997.676807
47.650249,998.253254
47.653152,998.253254
47.656054,998.965921
47.658957,999.543113
47.661859,1000.120638
47.664762,1000.698497
47.667664,1001.013047
47.670567,1001.591422
47.673469,1002.170131
47.676372,1002.141925
47.679274,1002.141925
47.682177,1002.720952
47.685079,1002.702309
47.687982,1002.123293
47.690884,1001.544611
47.693787,1000.966263
47.696689,999.089264
47.699592,994.483142
47.702494,994.483142
47.705397,993.266871
47.708299,995.564458
47.711202,1002.489156
47.714104,995.564458
47.717007,999.305364
47.719909,1002.195643
47.722812,1003.354093
47.725714,1000.796227
47.728617,1001.374476
47.731519,1000.796227
47.734422,993.883222
47.737324,889.805469
47.740227,890.319589
47.743129,888.778118
47.746032,887.274462
47.748934,886.250034
47.751837,884.715609
47.754739,883.183842
47.757642,882.229163
47.760544,881.719715
47.763447,880.193134
47.766349,879.097910
47.769252,878.082922
47.772154,878.082922
47.775057,877.960104
47.777959,878.467381
47.780862,878.974950
47.783764,879.482812
47.786667,879.601590
47.789569,880.109815
47.792472,881.127145
47.795374,881.669116
47.798277,883.708560
47.801179,885.241237
47.804082,886.264499
47.806984,887.513907
47.809887,889.053184
47.812789,890.595132
47.815692,891.952416
47.818594,892.983436
47.821497,893.499392
47.824399,893.499392
47.827302,894.231265
47.830204,894.231265
47.833107,894.747942
47.836009,895.321132
47.838912,895.321132
47.841814,895.321132
47.844717,894.804124
47.847619,894.672339
47.850522,894.672339
47.853424,894.672339
47.856327,894.563054
47.859229,893.530211
47.862132,894.046483
47.865034,893.890012
47.867937,893.373829
47.870839,892.857946
47.873741,892.342359
47.876644,891.755244
47.879546,891.240295
47.882449,890.725643
47.885351,889.773655
47.888254,889.259850
47.891156,888.746342
47.894059,888.233130
47.896961,888.227663
47.899864,888.227663
47.902766,888.227663
47.905669,887.497792
47.908571,886.473106
47.911474,884.427282
47.914376,882.896014
47.917279,799.442564
47.920181,794.838114
47.923084,793.461957
47.925986,792.006830
47.928889,792.922321
47.931791,793.380463
47.934694,793.380463
47.937596,793.439316
47.940499,793.439316
47.943401,792.981139
47.946304,792.912524
47.949206,792.454652
47.952109,791.997045
47.955011,791.796101
47.957914,791.338874
47.960816,790.425211
47.963719,789.968776
47.966621,789.752766
47.969524,789.296719
47.972426,789.296719
47.975329,789.442420
47.978231,789.442420
47.981134,788.986552
47.984036,788.530947
47.986939,789.011688
47.989841,789.011688
47.992744,789.011688
47.995646,788.595532
47.998549,788.595532
48.001451,788.595532
48.004354,788.140152
48.007256,788.416723
48.010159,788.416723
48.013061,788.872262
48.015964,789.230183
48.018866,789.230183
48.021769,789.686192
48.024671,790.142465
48.027574,790.497960
48.030476,790.954701
48.033379,790.954701
48.036281,791.004884
48.039184,791.461919
48.042086,791.461919
48.044989,791.919217
48.047891,791.466292
48.050794,791.466292
48.053696,791.466292
48.056599,791.456387
48.059501,791.456387
48.062404,791.913682
48.065306,791.815702
48.068209,791.815702
48.071111,791.815702
48.074014,791.815702
48.076916,792.090923
48.079819,791.633526
48.082721,791.633526
48.085624,792.085628
48.088526,792.085628
48.091429,792.085628
48.094331,792.085628
48.097234,792.212787
48.100136,792.212787
48.103039,792.212787
48.105941,792.099129
48.108844,792.099129
48.111746,792.099129
48.114649,792.099129
48.117551,791.995352
48.120454,791.995352
48.123356,791.538009
48.126259,791.430989
48.129161,790.973973
48.132063,790.973973
48.134966,790.973973
48.137868,791.529213
48.140771,791.529213
48.143673,792.444152
48.146576,791.270744
48.149478,790.813820
48.152381,791.270744
48.155283,878.247665
48.158186,882.315422
48.161088,885.890162
48.163991,888.452412
48.166893,890.922749
48.169796,892.467939
48.172698,893.499554
48.175601,893.931231
48.178503,895.481638
48.181406,895.999038
48.184308,896.516737
48.187211,897.042769
48.190113,897.561071
48.193016,897.561071
48.195918,897.337637
48.198821,897.337637
48.201723,896.819464
48.204626,896.819464
48.207528,896.845234
48.210431,896.327345
48.213333,895.292465
48.216236,894.832989
48.219138,893.799834
48.222041,893.283704
48.224943,892.252338
48.227846,891.543716
48.230748,891.028889
48.233651,890.000126
48.236553,888.557767
48.239456,887.531858
48.242358,887.019347
48.245261,885.705995
48.248163,884.172512
48.251066,883.151666
48.253968,882.131998
48.256871,880.756343
48.259773,878.723713
48.262676,877.709158
48.265578,877.633771
48.268481,876.620474
48.271383,876.620474
48.274286,876.620474
48.277188,877.025799
48.280091,877.532535
48.282993,877.532535
48.285896,878.542114
48.288798,879.557632
48.291701,880.574324
48.294603,882.101566
48.297506,884.266339
48.300408,885.288474
48.303311,886.823892
48.306213,888.904433
48.309116,891.475400
48.312018,893.021548
48.314921,895.087252
48.317823,896.987441
48.320726,899.581787
48.323628,900.621625
48.326531,902.103170
48.329433,903.145922
48.332336,904.189880
48.335238,905.477540
48.338141,905.477540
48.341043,906.000716
48.343946,906.000716
48.346848,906.487646
48.349751,906.487646
48.352653,905.964189
48.355556,906.251544
48.358458,905.728224
48.361361,905.205206
48.364263,904.160076
48.367166,903.661896
48.370068,902.618547
48.372971,901.576404
48.375873,899.128071
48.378776,897.053043
48.381678,895.499914
48.384580,892.401720
48.387483,890.358858
48.390385,889.330869
48.393288,888.304066
48.396190,886.777347
48.399093,885.753494
48.401995,884.730822
48.404898,883.709331
48.407800,882.906324
48.410703,882.396484
48.413605,881.886939
48.416508,881.764738
48.419410,881.764738
48.422313,881.764738
48.425215,882.077212
48.428118,882.077212
48.431020,882.586867
48.433923,883.607061
48.436825,884.614578
48.439728,886.148828
48.442630,886.660835
48.445533,888.048605
48.448435,889.075112
48.451338,890.617097
48.454240,891.646573
48.457143,892.341097
48.460045,892.341097
48.462948,893.372565
48.465850,894.654648
48.468753,895.171570
48.471655,895.171570
48.474558,895.688791
48.477460,895.501293
48.480363,894.984181
48.483265,895.501293
48.486168,895.654854
48.489070,896.172354
48.491973,896.172354
48.494875,896.172354
48.497778,896.628873
48.500680,897.146935
48.503583,897.146935
48.506485,897.347096
48.509388,896.828918
48.512290,896.828918
48.515193,897.130474
48.518095,897.648827
48.520998,897.648827
48.523900,897.648827
48.526803,897.379140
48.529705,897.897636
48.532608,897.897636
48.535510,897.890184
48.538413,897.890184
48.541315,897.371692
48.544218,896.853499
48.547120,896.284137
48.550023,895.766572
48.552925,895.766572
48.555828,896.559449
48.558730,896.041726
48.561633,895.524301
48.564535,895.007176
48.567438,894.202543
48.570340,893.686180
48.573243,893.170116
48.576145,892.668763
48.579048,892.668763
48.581950,893.700611
48.584853,894.216982
48.587755,894.995218
48.590658,893.961876
48.593560,891.898770
48.596463,888.995975
48.599365,886.944329
48.602268,885.408703
48.605170,792.394960
48.608073,787.376163
48.610975,785.559038
48.613878,785.559038
48.616780,785.837567
48.619683,786.745927
48.622585,786.745927
48.625488,787.167496
48.628390,787.167496
48.631293,786.712942
48.634195,786.712942
48.637098,786.523903
48.640000,786.523903
48.642902,786.523903
48.645805,785.963674
48.648707,785.509814
48.651610,785.509814
48.654512,785.509814
48.657415,785.408832
48.660317,784.955293
48.663220,784.502016
48.666122,784.851329
48.669025,784.851329
48.671927,784.851329
48.674830,784.851329
48.677732,784.999227
48.680635,785.452792
48.683537,785.452792
48.686440,786.357209
48.689342,786.811558
48.692245,787.266170
48.695147,788.079588
48.698050,788.079588
48.700952,787.624507
48.703855,788.079588
48.706757,788.601304
48.709660,788.601304
48.712562,788.145922
48.715465,788.353987
48.718367,788.353987
48.721270,788.353987
48.724172,787.898747
48.727075,787.959639
48.729977,787.959639
48.732880,787.959639
48.735782,788.411000
48.738685,788.411000
48.741587,788.866536
48.744490,788.866536
48.747392,788.793707
48.750295,788.793707
48.753197,788.793707
48.756100,788.757828
48.759002,788.757828
48.761905,788.757828
48.764807,788.302355
48.767710,787.969910
48.770612,787.514892
48.773515,787.060137
48.776417,786.660340
48.779320,785.752079
48.782222,785.298342
48.785125,783.954709
48.788027,783.049572
48.790930,783.502010
48.793832,783.049572
48.796735,782.581067
48.799637,782.129161
48.802540,781.226132
48.805442,779.171977
48.808345,777.822944
48.811247,779.171977
48.814150,779.171977
48.817052,756.663538
48.819955,756.663538
48.822857,756.663538
48.825760,753.101043
48.828662,753.536177
48.831565,753.536177
48.834467,753.536177
48.837370,753.658512
48.840272,753.658512
48.843175,753.658512
48.846077,753.763262
48.848980,753.763262
48.851882,753.763262
48.854785,753.763262
48.857687,753.984657
48.860590,753.984657
48.863492,753.984657
48.866395,753.784967
48.869297,753.784967
48.872200,753.784967
48.875102,753.736414
48.878005,753.736414
48.880907,753.736414
48.883810,753.736414
48.886712,753.903696
48.889615,753.903696
48.892517,753.903696
48.895420,753.397786
48.898322,753.397786
48.901224,753.397786
48.904127,753.397786
48.907029,753.202219
48.909932,753.202219
48.912834,753.202219
48.915737,753.229042
48.918639,753.664250
48.921542,753.229042
48.924444,753.229042
48.927347,753.546917
48.930249,753.546917
48.933152,753.546917
48.936054,753.448682
48.938957,753.448682
48.941859,753.448682
48.944762,753.448682
48.947664,753.607546
48.950567,753.607546
48.953469,753.607546
48.956372,753.232008
48.959274,753.232008
48.962177,753.667217
48.965079,753.562061
48.967982,753.562061
48.970884,753.562061
48.973787,753.562061
48.976689,753.646701
48.979592,754.082150
48.982494,754.082150
48.985397,753.677583
48.988299,754.113050
48.991202,753.677583
48.994104,754.113050
48.997007,753.991376
48.999909,753.991376
49.002812,754.427025
49.005714,754.530608
49.008617,754.530608
49.011519,754.530608
49.014422,754.530608
49.017324,754.433175
49.020227,754.433175
49.023129,754.433175
49.026032,753.800987
49.028934,753.800987
49.031837,753.365700
49.034739,753.800987
49.037642,754.802504
49.040544,756.111611
49.043447,756.111611
49.046349,754.589681
49.049252,754.589681
49.052154,754.153939
49.055057,783.055530
49.057959,783.055530
49.060862,782.603350
49.063764,788.502112
49.066667,791.203045
49.069569,791.660194
49.072472,793.033225
49.075374,792.263774
49.078277,792.263774
49.081179,791.806277
49.084082,0.000000
49.086984,790.736881
49.089887,790.280265
49.092789,789.823913
49.095692,788.113961
49.098594,786.749446
49.101497,785.841082
49.104399,784.480503
49.107302,783.361310
49.110204,782.005023
49.113107,781.102137
49.116009,779.987209
49.118912,779.086652
49.121814,778.636764
49.124717,777.288658
49.127619,775.679204
49.130522,774.783621
49.133424,774.336218
49.136327,773.534269
49.139229,774.428407
49.142132,774.428407
49.145034,774.627337
49.147937,775.522738
49.150839,776.419175
49.153741,776.867782
49.156644,777.747225
49.159546,779.096127
49.162449,780.447368
49.165351,781.881091
49.168254,782.784877
49.171156,783.237162
49.174059,784.142516
49.176961,785.692926
49.179864,787.965376
49.182766,789.332000
49.185669,790.273597
49.188571,791.187084
49.191474,792.101627
49.194376,792.559295
49.197279,793.416435
49.200181,793.874862
49.203084,794.333555
49.205986,794.476138
49.208889,794.935178
49.211791,795.854053
49.214694,796.313890
49.217596,797.280379
49.220499,797.280379
49.223401,797.280379
49.226304,796.896420
49.229206,796.436247
49.232109,796.436247
49.235011,796.271139
49.237914,795.811327
49.240816,795.811327
49.243719,794.433485
49.246621,793.621150
49.249524,792.704852
49.252426,791.789612
49.255329,790.651417
49.258231,789.282509
49.261134,787.915971
49.264036,786.551799
49.266939,785.783544
49.269841,784.423064
49.272744,783.517386
49.275646,782.516851
49.278549,782.516851
49.281451,782.064982
49.284354,782.064982
49.287256,781.758562
49.290159,781.758562
49.293061,781.758562
49.295964,781.698200
49.298866,782.149857
49.301769,782.601775
49.304671,783.053954
49.307574,783.799622
49.310476,784.252493
49.313379,784.705626
49.316281,785.328779
49.319184,785.782533
49.322086,786.690830
49.324989,787.145371
49.327891,787.798053
49.330794,788.253234
49.333696,789.164387
49.336599,789.414152
49.339501,789.414152
49.342404,789.414152
49.345306,789.971181
49.348209,789.971181
49.351111,789.971181
49.354014,789.515008
49.356916,789.646558
49.359819,790.102808
49.362721,790.102808
49.365624,790.263734
49.368526,790.263734
49.371429,789.807391
49.374331,789.807391
49.377234,790.266953
49.380136,790.266953
49.383039,790.266953
49.385941,789.943872
49.388844,789.943872
49.391746,789.943872
49.394649,789.487714
49.397551,789.425545
49.400454,789.425545
49.403356,789.425545
49.406259,789.424889
49.409161,789.424889
49.412063,789.881010
49.414966,789.881010
49.417868,789.892340
49.420771,789.892340
49.423673,789.892340
49.426576,789.538505
49.429478,789.994692
49.432381,789.994692
49.435283,790.030801
49.438186,790.030801
49.441088,790.030801
49.443991,790.030801
49.446893,790.123183
49.449796,790.123183
49.452698,790.123183
49.455601,789.542046
49.458503,789.998235
49.461406,789.542046
49.464308,789.542046
49.467211,789.367303
49.470113,788.911478
49.473016,788.455916
49.475918,788.124999
49.478821,787.669892
49.481723,786.760465
49.484626,781.777356
49.487528,774.027355
49.490431,761.609366
49.493333,761.609366
49.496236,753.289920
49.499138,752.854928
49.502041,752.854928
49.504943,751.985698
49.507846,752.123287
49.510748,752.123287
49.513651,752.123287
49.516553,751.962767
49.519456,752.397243
49.522358,752.397243
49.525261,751.945057
49.528163,751.945057
49.531066,751.945057
49.533968,751.510842
49.536871,751.870817
49.539773,751.002723
49.542676,751.002723
49.545578,751.273689
49.548481,751.273689
49.551383,751.273689
49.554286,750.839861
49.557188,750.606028
49.560091,750.606028
49.562993,750.172586
49.565896,749.940265
49.568798,749.940265
49.571701,750.373573
49.574603,750.373573
49.577506,750.444367
49.580408,750.877966
49.583311,750.877966
49.586213,750.903019
49.589116,750.903019
49.592018,750.903019
49.594921,750.903019
49.597823,751.248419
49.600726,751.248419
49.603628,751.248419
49.606531,751.546990
49.609433,751.546990
49.612336,751.546990
49.615238,751.423577
49.618141,751.423577
49.621043,751.423577
49.623946,751.423577
49.626848,751.509009
49.629751,751.509009
49.632653,751.509009
49.635556,751.386492
49.638458,751.386492
49.641361,751.386492
49.644263,751.386492
49.647166,751.120880
49.650068,751.120880
49.652971,751.120880
49.655873,0.000000
49.658776,0.000000
49.661678,0.000000
49.664580,0.000000
49.667483,0.000000
49.670385,0.000000
49.673288,0.000000
49.676190,751.961514
49.679093,751.961514
49.681995,751.961514
49.684898,751.961514
49.687800,781.177076
49.690703,779.374257
49.693605,778.924203
49.696508,786.470444
49.699410,787.834475
49.702313,786.016292
49.705215,741.666409
49.708118,740.810097
49.711020,748.552634
49.713923,747.256615
49.716825,665.331370
49.719728,665.715791
49.722630,666.100435
49.725533,666.355386
49.728435,666.740399
49.731338,666.355386
49.734240,666.355386
49.737143,666.488506
49.740045,666.488506
49.742948,666.873596
49.745850,666.645801
49.748753,666.260842
49.751655,666.260842
49.754558,665.876106
49.757460,666.048785
49.760363,666.048785
49.763265,666.048785
49.766168,666.359527
49.769070,666.359527
49.771973,666.359527
49.774875,666.359527
49.777778,666.293236
49.780680,665.908481
49.783583,665.908481
49.786485,666.249919
49.789388,666.249919
49.792290,666.249919
49.795193,666.699018
49.798095,666.314029
49.800998,666.699018
49.803900,666.699018
49.806803,666.536642
49.809705,666.921760
49.812608,666.921760
49.815510,666.552142
49.818413,666.552142
49.821315,666.167238
49.824218,666.167238
49.827120,666.359502
49.830023,666.744518
49.832925,667.129756
49.835828,667.681629
49.838730,667.681629
49.841633,667.681629
49.844535,668.067409
49.847438,667.877756
49.850340,667.877756
49.853243,667.877756
49.856145,667.880104
49.859048,667.880104
49.861950,667.880104
49.864853,667.880104
49.867755,667.846331
49.870658,667.846331
49.873560,667.846331
49.876463,668.028192
49.879365,668.028192
49.882268,667.642435
49.885170,667.137079
49.888073,666.751836
49.890975,666.366817
49.893878,666.366817
49.896780,666.416276
49.899683,667.572088
49.902585,667.572088
49.905488,666.746136
49.908390,666.361120
49.911293,667.131375
49.914195,667.131375
49.917098,668.375889
49.920000,667.989931
49.922902,668.375889
49.925805,668.274008
49.928707,666.731750
49.931610,667.116980
49.934512,666.346742
49.937415,666.779557
49.940317,667.164815
49.943220,666.394521
49.946122,665.862007
49.949025,665.862007
49.951927,665.862007
49.954830,665.862007
49.957732,637.132104
49.960635,637.132104
49.963537,637.132104
49.966440,634.583349
49.969342,634.583349
49.972245,633.850673
49.975147,634.897840
49.978050,635.631727
49.980952,635.998988
49.983855,635.631727
49.986757,635.534083
49.989660,635.534083
49.992562,635.534083
49.995465,635.096169
49.998367,635.830285
50.001270,636.197661
50.004172,635.463121
50.007075,635.590018
50.009977,635.957255
50.012880,635.957255
50.015782,635.589211
50.018685,635.222186
50.021587,634.855374
50.024490,634.855374
50.027392,635.018400
50.030295,634.651704
50.033197,634.651704
50.036100,634.355777
50.039002,634.722301
50.041905,634.355777
50.044807,634.355777
50.047710,634.699899
50.050612,634.699899
50.053515,634.699899
50.056417,634.940037
50.059320,634.940037
50.062222,634.206949
50.065125,634.499784
50.068027,634.866391
50.070930,634.866391
50.073832,634.499784
50.076735,634.749596
50.079637,634.749596
50.082540,634.383057
50.085442,634.187568
50.088345,634.187568
50.091247,634.187568
50.094150,634.187568
50.097052,634.332457
50.099955,633.966158
50.102857,634.332457
50.105760,634.403846
50.108662,634.403846
50.111565,634.403846
50.114467,634.037506
50.117370,633.782870
50.120272,633.416888
50.123175,633.416888
50.126077,633.514725
50.128980,633.880763
50.131882,633.880763
50.134785,633.514725
50.137687,633.494231
50.140590,633.494231
50.143492,633.494231
50.146395,633.351100
50.149297,633.351100
50.152200,633.351100
50.155102,633.184936
50.158005,633.184936
50.160907,633.184936
50.163810,633.184936
50.166712,633.294332
50.169615,633.294332
50.172517,633.294332
50.175420,633.578031
50.178322,633.944105
50.181224,633.578031
50.184127,633.944105
50.187029,634.416530
50.189932,634.416530
50.192834,634.416530
50.195737,634.698001
50.198639,635.064723
50.201542,634.698001
50.204444,634.698001
50.207347,634.992337
50.210249,634.992337
50.213152,634.992337
50.216054,635.355897
50.218957,635.722999
50.221859,634.989007
50.224762,634.989007
50.227664,635.238197
50.230567,634.871375
50.233469,634.871375
50.236372,634.647023
50.239274,634.647023
50.242177,634.647023
50.245079,634.896771
50.247982,634.896771
50.250884,634.896771
50.253787,634.530146
50.256689,634.949135
50.259592,634.949135
50.262494,634.949135
50.265397,635.063479
50.268299,635.063479
50.271202,635.063479
50.274104,635.063479
50.277007,635.368223
50.279909,635.368223
50.282812,635.735332
50.285714,635.666944
50.288617,635.666944
50.291519,635.666944
50.294422,635.666944
50.297324,635.410607
50.300227,635.777741
50.303129,635.777741
50.306032,635.908699
50.308934,635.908699
50.311837,635.908699
50.314739,635.908699
50.317642,635.912982
50.320544,635.912982
50.323447,635.912982
50.326349,636.176713
50.329252,636.176713
50.332154,636.176713
50.335057,636.113664
50.337959,636.113664
50.340862,636.113664
50.343764,636.113664
50.346667,636.301762
50.349569,636.301762
50.352472,636.669410
50.355374,636.760813
50.358277,636.760813
50.361179,637.128727
50.364082,637.128727
50.366984,637.330225
50.369887,637.698468
50.372789,637.698468
50.375692,637.425356
50.378594,637.425356
50.381497,637.425356
50.384399,637.425356
50.387302,637.405565
50.390204,637.405565
50.393107,637.405565
50.396009,637.058539
50.398912,637.058539
50.401814,637.058539
50.404717,636.690666
50.407619,636.498478
50.410522,636.498478
50.413424,636.130929
50.416327,635.525841
50.419229,635.158852
50.422132,635.525841
50.425034,635.837585
50.427937,635.470417
50.430839,635.103461
50.433741,634.736717
50.436644,634.113903
50.439546,633.381769
50.442449,633.381769
50.445351,633.772749
50.448254,634.505335
50.451156,634.871946
50.454059,633.772749
50.456961,632.119338
50.459864,631.024908
50.462766,637.251833
50.465669,629.648068
50.468571,0.000000
50.471474,630.740111
50.474376,623.855692
50.477279,502.059318
50.480181,503.802342
50.483084,504.384693
50.485986,504.310026
50.488889,503.727760
50.491791,504.892964
50.494694,504.018809
50.497596,503.998764
50.500499,503.416858
50.503401,502.835624
50.506304,501.483847
50.509206,501.194262
50.512109,501.483847
50.515011,501.599159
50.517914,500.441557
50.520816,499.575109
50.523719,498.998310
50.526621,498.244127
50.529524,497.094268
50.532426,495.947062
50.535329,495.699993
50.538231,494.841754
50.541134,495.127668
50.544036,494.556005
50.546939,493.730256
50.549841,493.445148
50.552744,493.160206
50.555646,493.177424
50.558549,493.747494
50.561451,492.892636
50.564354,492.323553
50.567256,492.265327
50.570159,493.119097
50.573061,493.119097
50.575964,492.674539
50.578866,492.674539
50.581769,492.390041
50.584671,492.674539
50.587574,493.050225
50.590476,493.620149
50.593379,493.905357
50.596281,493.832421
50.599184,494.974735
50.602086,494.688909
50.604989,495.833204
50.607891,496.524264
50.610794,497.098203
50.613696,497.385421
50.616599,498.064358
50.619501,498.640077
50.622404,499.216461
50.625306,499.043570
50.628209,499.909096
50.631111,500.486948
50.634014,501.065467
50.636916,500.605961
50.639819,501.184618
50.642721,501.184618
50.645624,501.491271
50.648526,501.201682
50.651429,501.781027
50.654331,503.523085
50.657234,503.542979
50.660136,502.961599
50.663039,502.671161
50.665941,502.454409
50.668844,502.164264
50.671746,501.584476
50.674649,501.294833
50.677551,501.587591
50.680454,501.877403
50.683356,501.297946
50.686259,500.589004
50.689161,500.299936
50.692063,499.433733
50.694966,497.705824
50.697868,497.278722
50.700771,497.566044
50.703673,496.991565
50.706576,496.085420
50.709478,495.512651
50.712381,494.940542
50.715283,495.018567
50.718186,495.304583
50.721088,495.018567
50.723991,494.447029
50.726893,494.077296
50.729796,494.934209
50.732698,493.791988
50.735601,493.855343
50.738503,494.140688
50.741406,494.711871
50.744308,494.426197
50.747211,494.056442
50.750113,494.341903
50.753016,494.913319
50.755918,495.235912
50.758821,495.522054
50.761723,496.381473
50.764626,496.094835
50.767528,496.174553
50.770431,496.174553
50.773333,497.035103
50.776236,497.773279
50.779138,498.348662
50.782041,498.636602
50.784943,498.636602
50.787846,499.164188
50.790748,499.452600
50.793651,500.029924
50.796553,500.564102
50.799456,500.853323
50.802358,500.564102
50.805261,500.911569
50.808163,501.490579
50.811066,502.070258
50.813968,502.070258
50.816871,501.694720
50.819773,502.274635
50.822676,502.564844
50.825578,502.765704
50.828481,503.056197
50.831383,502.475379
50.834286,502.185222
50.837188,501.844208
50.840091,502.134169
50.842993,501.554415
50.845896,501.487860
50.848798,501.198273
50.851701,500.908853
50.854603,499.752844
50.857506,498.798738
50.860408,498.222836
50.863311,497.647598
50.866213,497.404920
50.869116,496.830627
50.872018,495.684030
50.874921,495.111724
50.877823,494.789981
50.880726,493.933317
50.883628,494.218707
50.886531,494.076723
50.889433,493.791415
50.892336,493.791415
50.895238,493.434964
50.898141,493.150027
50.901043,492.865254
50.903946,492.865254
50.906848,492.832890
50.909751,493.117644
50.912653,493.402562
50.915556,493.159265
50.918458,493.729314
50.921361,493.444207
50.924263,493.159265
50.927166,493.203216
50.930068,493.203216
50.932971,493.203216
50.935873,491.653496
50.938776,491.085843
50.941678,490.802263
50.944580,492.221804
50.947483,0.000000
50.950385,0.000000
50.953288,493.363206
50.956190,494.050494
50.959093,492.910312
50.961995,490.354516
50.964898,490.921323
50.967800,493.258721
50.970703,496.116139
50.973605,497.263736
50.976508,498.125056
50.979410,499.854421
50.982313,502.459732
50.985215,503.207651
50.988118,503.498400
50.991020,503.498400
50.993923,503.498400
50.996825,503.151950
50.999728,502.571022
51.002630,502.280809
51.005533,502.305721
51.008435,501.725769
51.011338,501.436045
51.014240,501.436045
51.017143,501.136624
51.020045,499.691373
51.022948,498.538173
51.025850,497.927558
51.028753,496.491562
51.031655,496.204860
51.034558,494.488121
51.037460,493.686360
51.040363,493.686360
51.043265,493.401278
51.046168,493.153798
51.049070,492.015686
51.051973,491.447615
51.054875,491.447615
51.057778,491.663502
51.060680,491.947580
51.063583,491.663502
51.066485,491.530201
51.069388,491.814202
51.072290,491.530201
51.075193,491.269715
51.078095,491.269715
51.080998,491.553565
51.083900,492.121758
51.086803,492.059616
51.089705,492.343923
51.092608,492.628394
51.095510,492.950632
51.098413,493.520440
51.101315,494.090907
51.104218,494.662033
51.107120,494.491161
51.110023,494.776873
51.112925,495.348792
51.115828,496.194866
51.118730,496.768424
51.121633,497.630005
51.124535,498.205222
51.127438,498.790291
51.130340,499.366849
51.133243,500.521965
51.136145,501.054938
51.139048,501.923953
51.141950,501.634114
51.144853,501.344442
51.147755,502.183605
51.150658,502.764085
51.153560,502.764085
51.156463,503.094469
51.159365,503.094469
51.162268,502.803954
51.165170,502.396684
51.168073,502.396684
51.170975,502.106572
51.173878,501.816628
51.176780,501.142787
51.179683,500.275125
51.182585,499.408965
51.185488,498.288554
51.188390,498.288554
51.191293,497.425833
51.194195,496.564606
51.197098,495.228182
51.200000,494.370760
51.202902,493.799970
51.205805,493.420462
51.208707,492.850770
51.211610,492.566170
51.214512,492.281735
51.217415,492.202710
51.220317,492.487100
51.223220,492.202710
51.226122,492.201935
51.229025,491.917711
51.231927,491.917711
51.234830,491.917711
51.237732,491.914709
51.240635,492.198933
51.243537,491.914709
51.246440,492.072781
51.249342,492.641574
51.252245,493.211025
51.255147,493.581704
51.258050,493.866891
51.260952,493.866891
51.263855,494.152242
51.266757,494.536449
51.269660,495.108090
51.272562,496.253355
51.275465,496.309545
51.278367,496.883235
51.281270,497.170329
51.284172,497.457589
51.287075,497.786137
51.289977,497.786137
51.292880,498.073752
51.295782,498.614345
51.298685,499.190700
51.301587,499.767721
51.304490,500.634503
51.307392,501.308230
51.310295,501.308230
51.313197,501.308230
51.316100,501.201468
51.319002,501.491057
51.321905,501.780813
51.324807,501.780813
51.327710,502.239590
51.330612,502.239590
51.333515,502.239590
51.336417,502.073991
51.339320,501.784065
51.342222,501.784065
51.345125,501.481894
51.348027,501.192310
51.350930,501.192310
51.353832,501.481894
51.356735,501.323542
51.359637,501.034050
51.362540,500.455567
51.365442,500.159432
51.368345,499.870612
51.371247,499.581959
51.374150,500.159432
51.377052,500.340070
51.379955,500.629161
51.382857,501.207844
51.385760,501.846225
51.388662,501.266804
51.391565,500.688052
51.394467,499.532553
51.397370,498.109884
51.400272,497.247473
51.403175,495.240983
51.406077,493.086127
51.408980,489.963065
51.411882,492.516821
51.414785,491.948171
51.417687,442.378139
51.420590,442.633741
51.423492,441.867379
51.426395,442.177128
51.429297,441.921791
51.432200,442.432614
51.435102,441.830279
51.438005,442.085564
51.440907,442.596576
51.443810,442.596576
51.446712,442.163755
51.449615,441.908425
51.452517,441.908425
51.455420,442.320566
51.458322,0.000000
51.461224,442.320566
51.464127,442.576134
51.467029,442.502534
51.469932,442.502534
51.472834,442.502534
51.475737,442.573990
51.478639,442.573990
51.481542,442.573990
51.484444,442.573990
51.487347,442.655445
51.490249,442.655445
51.493152,442.655445
51.496054,442.713100
51.498957,442.457453
51.501859,442.457453
51.504762,442.201953
51.507664,442.484258
51.510567,442.739921
51.513469,442.739921
51.516372,442.428494
51.519274,442.428494
51.522177,442.428494
51.525079,442.491018
51.527982,442.491018
51.530884,442.746685
51.533787,442.235499
51.536689,442.067648
51.539592,442.323070
51.542494,442.578639
51.545397,442.931474
51.548299,442.675701
51.551202,442.675701
51.554104,442.675701
51.557007,442.589410
51.559909,443.101005
51.562812,443.357024
51.565714,443.348827
51.568617,442.836946
51.571519,442.836946
51.574422,442.836946
51.577324,442.821129
51.580227,443.332991
51.583129,443.845446
51.586032,444.538492
51.588934,446.081818
51.591837,442.744693
51.594739,441.978139
51.597642,441.129408
51.600544,441.384288
51.603447,442.149812
51.606349,441.979009
51.609252,443.769707
51.612154,443.001378
51.615057,442.471681
51.617959,443.751437
51.620862,442.983140
51.623764,442.983140
51.626667,392.136162
51.629569,391.909721
51.632472,391.231181
51.635374,392.562454
51.638277,393.697858
51.641179,394.608545
51.644082,395.521338
51.646984,395.507119
51.649887,395.278731
51.652789,395.050475
51.655692,395.382858
51.658594,395.611306
51.661497,395.382858
51.664399,395.154542
51.667302,394.613145
51.670204,394.613145
51.673107,394.385273
51.676009,395.231861
51.678912,395.460222
51.681814,395.688714
51.684717,396.146096
51.687619,395.224923
51.690522,394.768605
51.693424,395.453280
51.696327,395.681291
51.699229,395.224446
51.702132,395.452802
51.705034,395.704087
51.707937,395.475585
51.710839,395.018978
51.713741,395.247216
51.716644,395.451469
51.719546,395.223113
51.722449,395.223113
51.725351,395.231116
51.728254,395.002887
51.731156,394.546825
51.734059,394.774790
51.736961,395.020936
51.739864,395.249175
51.742766,395.020936
51.745669,395.338714
51.748571,395.338714
51.751474,395.338714
51.754376,395.338714
51.757279,395.472892
51.760181,395.701392
51.763084,395.472892
51.765986,395.328213
51.768889,395.328213
51.771791,395.785178
51.774694,395.556629
51.777596,395.429420
51.780499,394.972866
51.783401,393.606364
51.786304,393.018224
51.789206,393.699863
51.792109,393.927339
51.795011,394.176099
51.797914,394.631732
51.800816,394.403849
51.803719,395.087892
51.806621,395.512755
51.809524,394.599981
51.812426,0.000000
51.815329,430.660449
51.818231,431.656636
51.821134,434.659046
51.824036,434.408049
51.826939,433.583930
51.829841,436.599745
51.832744,435.843830
51.835646,435.719806
51.838549,436.727697
51.841451,437.990839
51.844354,441.037306
51.847256,442.073320
51.850159,441.307929
51.853061,440.035220
51.855964,440.435511
51.858866,440.181179
51.861769,440.181179
51.864671,440.689990
51.867574,441.307221
51.870476,440.543156
51.873379,440.288762
51.876281,440.523342
51.879184,440.523342
51.882086,440.777872
51.884989,441.542344
51.887891,441.760502
51.890794,441.505405
51.893696,440.995652
51.896599,441.097699
51.899501,441.607570
51.902404,441.607570
51.905306,442.323531
51.908209,442.834818
51.911111,442.579101
51.914014,442.323531
51.916916,442.175367
51.919819,442.686483
51.922721,442.686483
51.925624,442.728501
51.928526,442.984305
51.931429,442.472845
51.934331,442.472845
51.937234,441.789768
51.940136,441.534654
51.943039,441.279687
51.945941,441.152477
51.948844,440.897731
51.951746,440.643132
51.954649,440.134375
51.957551,440.064392
51.960454,440.318656
51.963356,439.810274
51.966259,440.020540
51.969161,440.274779
51.972063,440.274779
51.974966,440.274779
51.977868,440.985017
51.980771,441.239814
51.983673,442.005087
51.986576,442.160408
51.989478,442.160408
51.992381,441.905080
51.995283,441.897950
51.998186,441.897950
52.001088,442.664365
52.003991,442.920132
52.006893,443.508894
52.009796,444.021552
52.012698,444.021552
52.015601,444.138014
52.018503,444.394632
52.021406,444.908314
52.024308,445.165377
52.027211,445.548425
52.030113,446.063440
52.033016,446.063440
52.035918,446.261278
52.038821,446.261278
52.041723,446.003582
52.044626,446.261278
52.047528,445.963125
52.050431,445.963125
52.053333,445.705601
52.056236,445.533550
52.059138,445.790975
52.062041,445.533550
52.064943,445.019147
52.067846,444.599274
52.070748,444.085950
52.073651,443.829510
52.076553,443.786190
52.079456,443.786190
52.082358,443.529923
52.085261,443.261106
52.088163,443.005142
52.091066,442.749326
52.093968,442.749326
52.096871,442.532011
52.099773,442.532011
52.102676,442.787701
52.105578,443.031256
52.108481,443.031256
52.111383,442.775425
52.114286,442.775425
52.117188,443.045585
52.120091,443.557707
52.122993,444.070421
52.125896,444.148610
52.128798,444.148610
52.131701,444.405234
52.134603,444.662007
52.137506,445.173535
52.140408,444.916467
52.143311,444.659547
52.146213,444.965595
52.149116,444.965595
52.152018,444.965595
52.154921,444.965595
52.157823,445.034828
52.160726,445.291965
52.163628,445.034828
52.166531,444.798868
52.169433,444.542017
52.172336,444.542017
52.175238,444.509162
52.178141,444.509162
52.181043,444.765995
52.183946,444.765995
52.186848,444.756240
52.189751,444.756240
52.192653,444.756240
52.195556,444.423267
52.198458,444.423267
52.201361,444.166632
52.204263,443.397617
52.207166,443.481451
52.210068,442.969417
52.212971,442.713622
52.215873,442.455090
52.218776,442.199592
52.221678,441.433982
52.224580,440.669697
52.227483,440.492637
52.230385,441.256614
52.233288,440.747149
52.236190,440.462508
52.239093,439.699905
52.241995,436.410523
52.244898,435.151938
52.247800,428.566273
52.250703,430.551252
52.253605,434.799913
52.256508,392.081848
52.259410,392.535060
52.262313,392.761863
52.265215,393.915340
52.268118,393.233328
52.271020,393.006253
52.273923,392.779309
52.276825,392.861191
52.279728,393.315304
52.282630,393.542557
52.285533,392.210863
52.288435,392.437478
52.291338,392.664224
52.294240,392.437478
52.297143,392.386507
52.300045,392.159921
52.302948,391.933466
52.305850,391.983715
52.308753,392.436814
52.311655,392.436814
52.314558,392.210199
52.317460,392.151853
52.320363,392.151853
52.323265,392.151853
52.326168,392.205110
52.329070,392.885339
52.331973,393.112344
52.334875,392.658465
52.337778,392.363282
52.340680,392.136709
52.343583,392.363282
52.346485,392.606345
52.349388,392.379632
52.352290,392.606345
52.355193,392.788016
52.358095,393.014965
52.360998,393.014965
52.363900,393.014965
52.366803,392.586330
52.369705,392.586330
52.372608,393.040125
52.375510,393.139086
52.378413,392.912065
52.381315,392.912065
52.384218,392.685176
52.387120,392.726161
52.390023,392.726161
52.392925,392.726161
52.395828,393.043942
52.398730,393.271038
52.401633,393.043942
52.404535,392.816976
52.407438,392.831962
52.410340,393.058936
52.413243,392.831962
52.416145,393.107386
52.419048,393.107386
52.421950,392.653512
52.424853,392.426772
52.427755,392.568608
52.430658,392.568608
52.433560,392.341917
52.436463,391.474351
52.439365,390.570898
52.442268,390.796566
52.445170,390.355139
52.448073,389.679291
52.450975,388.779980
52.453878,386.987579
52.456780,386.089805
52.459683,386.536091
52.462585,0.000000
52.465488,383.591296
52.468390,380.941638
52.471293,379.185374
52.474195,379.185374
52.477098,375.640852
52.480000,375.207145
52.482902,374.990480
52.485805,374.922640
52.488707,374.922640
52.491610,374.922640
52.494512,375.139266
52.497415,375.325388
52.500317,375.108654
52.503220,374.892046
52.506122,374.883417
52.509025,375.316749
52.511927,375.316749
52.514830,375.533603
52.517732,375.154272
52.520635,374.504743
52.523537,375.154272
52.526440,375.896848
52.529342,375.896848
52.532245,376.114037
52.535147,375.739216
52.538050,375.739216
52.540952,375.739216
52.543855,375.739216
52.546757,376.258766
52.549660,376.041493
52.552562,375.824346
52.555465,375.772563
52.558367,375.555571
52.561270,375.555571
52.564172,375.555571
52.567075,375.768192
52.569977,375.551203
52.572880,375.551203
52.575782,375.621393
52.578685,375.838423
52.581587,375.838423
52.584490,375.838423
52.587392,375.955885
52.590295,375.955885
52.593197,375.521815
52.596100,375.334056
52.599002,375.550920
52.601905,375.550920
52.604807,375.550920
52.607710,375.338898
52.610612,375.338898
52.613515,375.338898
52.616417,375.281305
52.619320,375.281305
52.622222,375.281305
52.625125,375.384189
52.628027,375.818100
52.630930,375.818100
52.633832,375.601082
52.636735,375.319741
52.639637,375.103011
52.642540,375.319741
52.645442,375.343838
52.648345,375.343838
52.651247,375.343838
52.654150,375.777702
52.657052,375.726997
52.659955,376.161305
52.662857,376.378647
52.665760,375.251477
52.668662,377.425286
52.671565,376.119494
52.674467,375.034785
52.677370,374.893827
52.680272,375.110436
52.683175,375.761017
52.686077,375.836971
52.688980,374.969606
52.691882,374.753077
52.694785,375.403038
52.697687,391.905404
52.700590,387.180278
52.703492,392.131843
52.706395,392.705644
52.709297,393.614035
52.712200,394.069019
52.715102,392.182014
52.718005,393.089194
52.720907,394.453901
52.723810,396.052048
52.726712,395.050228
52.729615,395.506872
52.732517,395.506872
52.735420,395.587188
52.738322,395.815754
52.741224,395.587188
52.744127,395.130451
52.747029,394.567720
52.749932,394.112161
52.752834,394.112161
52.755737,393.639934
52.758639,393.185446
52.761542,393.639934
52.764444,393.185446
52.767347,392.050377
52.770249,391.371594
52.773152,391.597724
52.776054,391.952709
52.778957,391.048152
52.781859,390.596656
52.784762,389.920389
52.787664,389.616294
52.790567,389.391308
52.793469,389.166452
52.796372,388.909137
52.799274,389.133844
52.802177,388.460111
52.805079,388.104639
52.807982,388.104639
52.810884,388.328882
52.813787,388.553254
52.816689,389.037004
52.819592,389.037004
52.822494,389.261785
52.825397,389.749762
52.828299,389.974955
52.831202,390.425732
52.834104,390.877030
52.837007,391.338104
52.839909,392.243332
52.842812,393.150654
52.845714,393.513776
52.848617,393.513776
52.851519,394.196275
52.854422,394.424037
52.857324,394.579232
52.860227,394.807215
52.863129,395.263578
52.866032,395.102160
52.868934,395.330445
52.871837,396.016095
52.874739,396.702933
52.877642,396.778738
52.880544,396.549615
52.883447,396.778738
52.886349,396.744056
52.889252,396.744056
52.892154,396.744056
52.895057,396.889249
52.897959,396.660063
52.900862,396.660063
52.903764,395.973298
52.906667,395.701292
52.909569,395.244424
52.912472,394.788083
52.915374,394.481315
52.918277,394.025855
52.921179,393.343652
52.924082,392.435884
52.926984,392.349945
52.929887,391.670643
52.932789,391.218429
52.935692,390.934103
52.938594,391.159980
52.941497,391.612127
52.944399,391.385988
52.947302,391.403966
52.950204,391.403966
52.953107,391.403966
52.956009,391.702907
52.958912,391.929229
52.961814,392.155682
52.964717,392.382265
52.967619,392.628071
52.970522,393.081915
52.973424,393.536283
52.976327,393.599029
52.979229,393.599029
52.982132,393.826446
52.985034,394.073070
52.987937,394.073070
52.990839,394.300762
52.993741,394.528585
52.996644,394.914835
52.999546,395.143013
53.002449,395.143013
53.005351,395.193033
53.008254,395.421371
53.011156,395.421371
53.014059,395.421371
53.016961,395.307774
53.019864,395.536179
53.022766,395.307774
53.025669,395.194660
53.028571,395.422999
53.031474,395.422999
53.034376,395.651471
53.037279,395.524026
53.040181,395.295629
53.043084,395.067363
53.045986,395.350547
53.048889,395.350547
53.051791,395.578976
53.054694,395.350547
53.057596,395.372764
53.060499,395.372764
53.063401,395.601206
53.066304,395.418700
53.069206,395.190363
53.072109,395.190363
53.075011,395.073018
53.077914,394.844881
53.080816,394.616876
53.083719,394.616876
53.086621,394.747600
53.089524,394.519650
53.092426,394.291833
53.095329,394.235618
53.098231,394.235618
53.101134,393.780442
53.104036,393.553051
53.106939,393.443403
53.109841,393.443403
53.112744,393.216207
53.115646,393.017046
53.118549,391.883606
53.121451,390.527792
53.124354,392.336590
53.127256,376.834632
53.130159,379.236605
53.133061,376.834632
53.135964,377.059312
53.138866,377.931511
53.141769,378.368367
53.144671,378.368367
53.147574,377.573974
53.150476,378.010417
53.153379,378.010417
53.156281,377.082161
53.159184,377.082161
53.162086,377.300035
53.164989,377.518035
53.167891,377.777679
53.170794,377.559529
53.173696,377.559529
53.176599,377.728556
53.179501,377.946804
53.182404,377.946804
53.185306,377.838479
53.188209,377.838479
53.191111,377.838479
53.194014,377.838479
53.196916,378.049868
53.199819,378.268301
53.202721,377.831560
53.205624,377.507784
53.208526,377.725904
53.211429,377.944150
53.214331,377.725904
53.217234,377.859804
53.220136,377.859804
53.223039,377.859804
53.225941,377.876511
53.228844,378.094844
53.231746,378.313303
53.234649,378.531889
53.237551,378.584576
53.240454,377.710870
53.243356,377.274773
53.246259,377.765500
53.249161,377.765500
53.252063,377.983769
53.254966,378.202164
53.257868,378.197558
53.260771,377.979165
53.263673,377.760899
53.266576,377.487028
53.269478,377.705136
53.272381,377.923370
53.275283,378.098984
53.278186,378.098984
53.281088,377.662439
53.283991,377.444355
53.286893,377.474410
53.289796,377.910737
53.292698,377.474410
53.295601,377.272655
53.298503,377.054797
53.301406,377.054797
53.304308,376.837065
53.307211,376.989305
53.310113,376.554041
53.313016,376.336598
53.315918,376.059789
53.318821,376.277073
53.321723,376.494482
53.324626,376.712016
53.327528,375.846226
53.330431,374.978839
53.333333,374.113454
53.336236,368.491511
53.339138,368.491511
53.342041,368.491511
53.344943,373.635461
53.347846,332.236813
53.350748,331.278660
53.353651,331.278660
53.356553,331.578757
53.359456,331.578757
53.362358,332.537778
53.365261,332.810125
53.368163,333.387341
53.371066,333.579969
53.373968,332.810125
53.376871,332.928472
53.379773,332.736221
53.382676,332.544080
53.385578,332.341075
53.388481,332.533098
53.391383,332.533098
53.394286,332.533098
53.397188,332.490854
53.400091,332.490854
53.402993,331.915190
53.405896,332.129190
53.408798,331.937400
53.411701,332.129190
53.414603,331.937400
53.417506,331.385531
53.420408,331.768584
53.423311,332.152080
53.426213,331.791656
53.429116,332.175178
53.432018,332.367106
53.434921,331.600061
53.437823,331.639505
53.440726,332.022851
53.443628,332.022851
53.446531,331.879382
53.449433,331.879382
53.452336,332.263006
53.455238,332.058484
53.458141,331.866735
53.461043,332.058484
53.463946,332.058484
53.466848,332.185568
53.469751,332.185568
53.472653,331.993746
53.475556,332.042122
53.478458,332.233973
53.481361,332.425934
53.484263,332.233973
53.487166,332.050388
53.490068,332.242243
53.492971,332.434210
53.495873,332.516879
53.498776,332.516879
53.501678,332.516879
53.504580,332.324865
53.507483,332.468902
53.510385,332.660999
53.513288,332.660999
53.516190,332.571903
53.519093,332.764060
53.521995,332.571903
53.524898,332.379858
53.527800,333.041206
53.530703,332.848890
53.533605,332.656684
53.536508,332.234387
53.539410,332.618421
53.542313,332.426348
53.545215,332.559275
53.548118,332.367237
53.551020,331.983493
53.553923,331.791787
53.556825,331.368847
53.559728,330.413197
53.562630,329.841131
53.565533,329.190844
53.568435,325.034054
53.571338,324.283933
53.574240,324.283933
53.577143,325.185361
53.580045,326.691514
53.582948,326.314323
53.585850,332.401725
53.588753,0.000000
53.591655,0.000000
53.594558,0.000000
53.597460,0.000000
53.600363,0.000000
53.603265,0.000000
53.606168,0.000000
53.609070,0.000000
53.611973,0.000000
53.614875,0.000000
53.617778,0.000000
53.620680,0.000000
53.623583,0.000000
53.626485,0.000000
53.629388,0.000000
53.632290,0.000000
53.635193,314.028962
53.638095,314.028962
53.640998,313.485262
53.643900,314.391952
53.646803,314.772474
53.649705,314.590707
53.652608,314.772474
53.655510,314.978107
53.658413,314.251193
53.661315,316.071632
53.664218,316.254255
53.667120,315.163439
53.670023,314.436098
53.672925,315.527741
53.675828,315.631946
53.678730,315.085472
53.681633,314.903524
53.684535,315.085472
53.687438,314.469364
53.690340,314.832863
53.693243,315.014771
53.696145,315.252108
53.699048,315.070064
53.701950,315.616512
53.704853,315.252108
53.707755,314.911428
53.710658,314.184668
53.713560,314.184668
53.716463,314.198488
53.719365,314.561674
53.722268,315.107241
53.725170,314.623395
53.728073,314.987072
53.730975,314.987072
53.733878,314.987072
53.736780,314.555004
53.739683,314.555004
53.742585,314.736750
53.745488,314.799022
53.748390,315.345000
53.751293,315.345000
53.754195,314.980910
53.757098,315.108347
53.760000,315.472585
53.762902,315.837244
53.765805,316.276357
53.768707,315.911191
53.771610,315.728766
53.774512,315.546447
53.777415,315.773830
53.780317,315.773830
53.783220,315.956281
53.786122,316.205256
53.789025,316.753673
53.791927,316.570762
53.794830,316.022661
53.797732,315.862042
53.800635,316.044544
53.803537,316.044544
53.806440,316.268590
53.809342,316.268590
53.812245,315.903433
53.815147,315.801720
53.818050,315.984187
53.820952,315.984187
53.823855,315.801720
53.826757,315.958824
53.829660,315.958824
53.832562,316.141382
53.835465,316.090185
53.838367,316.090185
53.841270,316.090185
53.844172,315.907656
53.847075,315.981246
53.849977,316.163816
53.852880,316.163816
53.855782,316.020195
53.858685,315.837708
53.861587,315.837708
53.864490,315.837708
53.867392,315.830966
53.870295,316.013450
53.873197,316.013450
53.876100,315.872403
53.879002,315.690000
53.881905,315.690000
53.884807,315.690000
53.887710,315.761738
53.890612,315.761738
53.893515,315.944182
53.896417,315.892897
53.899320,315.892897
53.902222,315.710483
53.905125,315.605533
53.908027,315.605533
53.910930,315.787887
53.913832,315.787887
53.916735,315.675846
53.919637,315.858241
53.922540,315.858241
53.925442,315.947983
53.928345,315.765537
53.931247,315.765537
53.934150,315.765537
53.937052,315.552698
53.939955,315.552698
53.942857,315.552698
53.945760,315.648553
53.948662,315.648553
53.951565,315.466280
53.954467,315.466280
53.957370,315.472413
53.960272,315.290242
53.963175,315.290242
53.966077,315.334082
53.968980,315.151990
53.971882,315.334082
53.974785,315.334082
53.977687,315.412685
53.980590,315.412685
53.983492,315.412685
53.986395,315.295125
53.989297,315.113056
53.992200,315.113056
53.995102,315.108989
53.998005,315.108989
54.000907,315.108989
54.003810,315.108989
54.006712,315.162830
54.009615,315.162830
54.012517,315.162830
54.015420,315.055929
54.018322,315.055929
54.021224,315.055929
54.024127,315.055929
54.027029,315.197656
54.029932,315.197656
54.032834,315.197656
54.035737,315.186313
54.038639,315.186313
54.041542,315.186313
54.044444,315.186313
54.047347,315.307116
54.050249,315.307116
54.053152,315.307116
54.056054,315.572923
54.058957,315.572923
54.061859,315.390693
54.064762,315.390693
54.067664,315.402742
54.070567,315.402742
54.073469,315.402742
54.076372,315.312660
54.079274,315.494845
54.082177,315.494845
54.085079,315.552828
54.087982,315.735151
54.090884,315.735151
54.093787,315.735151
54.096689,315.624296
54.099592,315.624296
54.102494,315.806660
54.105397,315.724601
54.108299,315.542284
54.111202,315.542284
54.114104,315.542284
54.117007,315.574306
54.119909,315.574306
54.122812,315.392075
54.125714,315.993169
54.128617,315.993169
54.131519,315.993169
54.134422,316.358429
54.137324,316.711253
54.140227,314.523568
54.143129,315.615515
54.146032,315.352457
54.148934,315.352457
54.151837,315.352457
54.154739,313.717319
54.157642,313.526863
54.160544,313.526863
54.163447,313.526863
54.166349,253.269861
54.169252,252.685359
54.172154,253.562619
54.175057,253.458069
54.177959,252.581171
54.180862,253.311708
54.183764,253.019240
54.186667,252.378061
54.189569,252.961852
54.192472,252.669788
54.195374,252.824533
54.198277,251.949826
54.201179,0.000000
54.204082,252.095400
54.206984,252.040318
54.209887,252.769291
54.212789,252.331655
54.215692,251.684784
54.218594,251.975710
54.221497,251.684784
54.224399,252.121299
54.227302,252.102997
54.230204,251.811924
54.233107,251.230786
54.236009,251.604782
54.238912,252.186785
54.241814,251.750157
54.244717,251.459492
54.247619,252.181385
54.250522,251.018748
54.253424,252.327093
54.256327,251.674346
54.259229,251.383768
54.262132,0.000000
54.265034,0.000000
54.267937,0.000000
54.270839,0.000000
54.273741,0.000000
54.276644,0.000000
54.279546,0.000000
54.282449,0.000000
54.285351,0.000000
54.288254,0.000000
54.291156,0.000000
54.294059,253.257711
54.296961,253.469917
54.299864,253.323549
54.302766,253.469917
54.305669,253.596312
54.308571,253.303516
54.311474,252.864954
54.314376,252.864954
54.317279,252.784651
54.320181,252.784651
54.323084,252.784651
54.325986,252.509683
54.328889,252.363870
54.331791,252.509683
54.334694,252.801562
54.337596,252.675994
54.340499,252.675994
54.343401,252.821988
54.346304,252.668684
54.349206,252.960747
54.352109,252.960747
54.355011,252.813570
54.357914,252.667581
54.360816,252.230121
54.363719,252.521677
54.366621,252.542984
54.369524,252.980987
54.372426,252.980987
54.375329,252.740210
54.378231,252.886240
54.381134,252.886240
54.384036,253.032355
54.386939,252.905985
54.389841,252.759943
54.392744,252.613985
54.395646,252.810430
54.398549,252.810430
54.401451,252.810430
54.404354,252.810430
54.407256,252.671271
54.410159,252.671271
54.413061,252.671271
54.415964,252.503377
54.418866,252.503377
54.421769,252.795249
54.424671,252.503377
54.427574,252.575648
54.430476,252.575648
54.433379,252.721584
54.436281,253.449593
54.439184,253.156965
54.442086,252.864676
54.444989,252.572724
54.447891,252.374876
54.450794,252.520695
54.453696,252.812587
54.456599,252.385882
54.459501,252.531708
54.462404,252.531708
54.465306,252.473161
54.468209,252.764998
54.471111,252.619038
54.474014,252.911043
54.476916,252.840648
54.479819,252.840648
54.482721,252.840648
54.485624,252.514960
54.488526,252.369144
54.491429,252.369144
54.494331,252.660860
54.497234,252.837276
54.500136,252.837276
54.503039,252.837276
54.505941,253.025175
54.508844,252.879064
54.511746,252.879064
54.514649,252.733038
54.517551,252.840047
54.520454,252.840047
54.523356,252.840047
54.526259,252.885068
54.529161,253.323664
54.532063,253.616484
54.534966,253.616484
54.537868,253.641818
54.540771,253.788369
54.543673,253.641818
54.546576,253.720253
54.549478,253.866850
54.552381,254.307149
54.555283,253.501537
54.558186,253.941203
54.561088,254.087927
54.563991,254.234737
54.566893,254.298947
54.569796,253.419139
54.572698,253.272801
54.575601,252.831391
54.578503,253.709158
54.581406,252.831391
54.584308,253.416231
54.587211,253.056587
54.590113,253.056587
54.593016,252.910458
54.595918,252.944075
54.598821,252.214598
54.601723,253.675662
54.604626,253.822233
54.607528,252.569308
54.610431,251.986423
54.613333,251.986423
54.616236,0.000000
54.619138,0.000000
54.622041,0.000000
54.624943,0.000000
54.627846,0.000000
54.630748,0.000000
54.633651,0.000000
54.636553,0.000000
54.639456,0.000000
54.642358,0.000000
54.645261,0.000000
54.648163,0.000000
54.651066,0.000000
54.653968,0.000000
54.656871,0.000000
54.659773,0.000000
54.662676,0.000000
54.665578,0.000000
54.668481,0.000000
54.671383,0.000000
54.674286,0.000000
54.677188,0.000000
54.680091,0.000000
54.682993,0.000000
54.685896,0.000000
54.688798,0.000000
54.691701,0.000000
54.694603,0.000000
54.697506,0.000000
54.700408,0.000000
54.703311,0.000000
54.706213,0.000000
54.709116,0.000000
54.712018,0.000000
54.714921,0.000000
54.717823,0.000000
54.720726,0.000000
54.723628,0.000000
54.726531,391.901937
54.729433,391.675631
54.732336,392.128374
54.735238,391.671665
54.738141,391.671665
54.741043,390.993537
54.743946,391.445492
54.746848,391.410686
54.749751,391.410686
54.752653,392.316082
54.755556,392.178292
54.758458,392.404888
54.761361,392.858474
54.764263,392.631616
54.767166,392.978640
54.770068,393.205699
54.772971,393.205699
54.775873,394.278703
54.778776,395.647540
54.781678,395.876141
54.784580,396.333739
54.787483,396.672920
54.790385,396.902113
54.793288,397.360897
54.796190,398.170794
54.799093,399.091827
54.801995,399.091827
54.804898,399.553143
54.807800,399.771143
54.810703,399.771143
54.813605,400.464494
54.816508,400.180280
54.819410,399.949194
54.822313,399.256735
54.825215,399.184562
54.828118,399.184562
54.831020,398.954051
54.833923,398.493427
54.836825,398.659516
54.839728,398.429307
54.842630,397.739480
54.845533,397.595546
54.848435,396.677966
54.851338,396.677966
54.854240,396.448902
54.857143,396.012576
54.860045,395.783896
54.862948,395.098648
54.865850,394.306556
54.868753,392.942359
54.871655,390.904908
54.874558,389.327530
54.877460,387.458422
54.880363,381.682975
54.883265,380.362453
54.886168,378.162385
54.889070,377.944013
54.891973,379.037136
54.894875,378.380884
54.897778,379.702792
54.900680,379.483530
54.903583,381.021024
54.906485,380.812195
54.909388,380.592293
54.912290,381.252381
54.915193,380.838902
54.918095,380.838902
54.920998,380.838902
54.923900,380.618984
54.926803,380.681674
54.929705,380.681674
54.932608,380.461847
54.935510,380.839468
54.938413,380.619551
54.941315,380.399760
54.944218,380.619551
54.947120,380.647443
54.950023,380.647443
54.952925,380.647443
54.955828,380.653123
54.958730,380.653123
54.961633,0.000000
54.964535,380.433313
54.967438,380.582630
54.970340,380.582630
54.973243,380.582630
54.976145,380.765270
54.979048,380.765270
54.981950,380.545395
54.984853,380.765270
54.987755,380.789876
54.990658,380.789876
54.993560,380.789876
54.996463,380.642154
54.999365,380.642154
55.002268,380.422350
55.005170,380.409362
55.008073,380.629158
55.010975,380.409362
55.013878,380.189692
55.016780,379.997999
55.019683,379.997999
55.022585,379.997999
55.025488,379.750807
55.028390,379.970223
55.031293,379.750807
55.034195,379.970223
55.037098,379.965550
55.040000,379.746137
55.042902,379.746137
55.045805,379.839688
55.048707,379.839688
55.051610,380.059155
55.054512,380.059155
55.057415,380.373503
55.060317,380.593279
55.063220,380.593279
55.066122,380.624711
55.069025,380.844632
55.071927,381.725587
55.074830,382.829648
55.077732,0.000000
55.080635,391.885525
55.083537,392.111952
55.086440,394.700587
55.089342,396.070889
55.092245,398.135266
55.095147,398.542309
55.098050,398.312169
55.100952,400.388227
55.103855,401.082649
55.106757,400.260597
55.109660,400.723263
55.112562,400.491863
55.115465,399.986896
55.118367,399.525080
55.121270,400.218004
55.124172,399.986896
55.127075,399.503913
55.129977,399.042655
55.132880,398.581929
55.135782,398.464086
55.138685,396.627039
55.141587,394.798461
55.144490,395.940332
55.147392,395.660256
55.150295,396.117604
55.153197,396.346477
55.156100,396.540321
55.159002,395.625176
55.161905,394.940203
55.164807,394.712143
55.167710,394.664050
55.170612,394.892082
55.173515,395.120247
55.176417,395.397957
55.179320,395.855003
55.182222,396.541562
55.185125,396.460251
55.188027,397.147860
55.190930,397.836662
55.193832,398.296526
55.196735,398.838957
55.199637,398.378466
55.202540,398.838957
55.205442,398.641822
55.208345,400.025806
55.211247,400.488201
55.214150,400.256937
55.217052,399.601553
55.219955,399.370801
55.222857,399.370801
55.225760,399.128168
55.228662,399.358780
55.231565,399.358780
55.234467,399.589526
55.237370,399.643427
55.240272,399.412651
55.243175,399.412651
55.246077,399.489161
55.248980,400.182023
55.251882,399.950935
55.254785,399.489161
55.257687,401.138557
55.260590,403.695446
55.263492,403.695446
55.266395,429.834962
55.269297,429.834962
55.272200,429.834962
55.275102,433.731646
55.278005,0.000000
55.280907,0.000000
55.283810,0.000000
55.286712,0.000000
55.289615,0.000000
55.292517,0.000000
55.295420,0.000000
55.298322,0.000000
55.301224,0.000000
55.304127,0.000000
55.307029,0.000000
55.309932,0.000000
55.312834,0.000000
55.315737,0.000000
55.318639,0.000000
55.321542,0.000000
55.324444,0.000000
55.327347,442.820600
55.330249,442.564891
55.333152,442.564891
55.336054,442.632035
55.338957,442.632035
55.341859,442.632035
55.344762,442.632035
55.347664,442.715897
55.350567,442.715897
55.353469,442.715897
55.356372,442.498794
55.359274,442.754465
55.362177,442.754465
55.365079,442.933984
55.367982,442.933984
55.370884,442.422582
55.373787,442.678209
55.376689,442.861078
55.379592,442.861078
55.382494,442.861078
55.385397,443.115857
55.388299,442.604245
55.391202,442.604245
55.394104,442.604245
55.397007,442.784819
55.399909,442.529130
55.402812,442.529130
55.405714,442.679539
55.408617,442.679539
55.411519,442.679539
55.414422,442.679539
55.417324,442.625620
55.420227,442.625620
55.423129,442.625620
55.426032,442.653028
55.428934,442.908788
55.431837,442.653028
55.434739,442.653028
55.437642,442.534157
55.440544,442.534157
55.443447,442.534157
55.446349,442.492678
55.449252,442.492678
55.452154,442.492678
55.455057,442.606429
55.457959,442.606429
55.460862,442.350843
55.463764,442.350843
55.466667,442.327106
55.469569,442.071682
55.472472,442.071682
55.475374,442.130721
55.478277,442.386179
55.481179,442.386179
55.484082,442.130721
55.486984,441.686535
55.489887,440.412735
55.492789,440.158416
55.495692,440.787843
55.498594,441.807457
55.501497,441.552333
55.504399,442.318148
55.507302,443.420436
55.510204,442.652712
55.513107,441.886318
55.516009,439.534221
55.518912,441.315013
55.521814,442.335846
55.524717,442.080417
55.527619,493.091161
55.530522,493.946363
55.533424,494.231760
55.536327,495.492575
55.539229,496.065321
55.542132,496.351943
55.545034,497.017887
55.547937,497.305059
55.550839,497.592396
55.553741,497.305059
55.556644,497.722364
55.559546,497.147705
55.562449,497.147705
55.565351,497.270233
55.568254,497.270233
55.571156,497.557551
55.574059,497.845034
55.576961,498.291187
55.579864,498.003446
55.582766,498.003446
55.585669,497.700447
55.588571,497.988013
55.591474,497.988013
55.594376,497.988013
55.597279,497.889865
55.600181,497.889865
55.603084,497.889865
55.605986,497.938923
55.608889,497.938923
55.611791,497.938923
55.614694,497.938923
55.617596,498.313089
55.620499,498.313089
55.623401,498.313089
55.626304,498.284292
55.629206,498.284292
55.632109,498.572196
55.635011,498.244889
55.637914,498.532769
55.640816,498.532769
55.643719,498.532769
55.646621,498.304547
55.649524,498.304547
55.652426,498.304547
55.655329,498.407330
55.658231,498.407330
55.661134,498.119522
55.664036,498.119522
55.666939,497.848147
55.669841,497.848147
55.672744,497.848147
55.675646,498.015580
55.678549,498.015580
55.681451,498.015580
55.684354,498.015580
55.687256,498.317042
55.690159,498.317042
55.693061,498.317042
55.695964,498.166163
55.698866,498.166163
55.701769,498.166163
55.704671,497.878494
55.707574,498.066083
55.710476,498.353861
55.713379,498.353861
55.716281,498.120490
55.719184,498.120490
55.722086,498.408299
55.724989,498.408299
55.727891,498.815999
55.730794,498.815999
55.733696,498.815999
55.736599,498.749287
55.739501,498.461282
55.742404,498.749287
55.745306,498.725885
55.748209,498.725885
55.751111,498.437893
55.754014,498.725885
55.756916,498.849501
55.759819,498.849501
55.762721,498.849501
55.765624,498.766454
55.768526,498.766454
55.771429,498.766454
55.774331,498.766454
55.777234,498.924028
55.780136,498.924028
55.783039,498.924028
55.785941,498.785240
55.788844,498.785240
55.791746,498.785240
55.794649,498.785240
55.797551,498.741147
55.800454,498.741147
55.803356,498.741147
55.806259,498.579102
55.809161,498.579102
55.812063,498.579102
55.814966,498.579102
55.817868,498.770436
55.820771,498.482418
55.823673,498.482418
55.826576,498.415048
55.829478,498.415048
55.832381,498.415048
55.835283,498.556213
55.838186,498.556213
55.841088,498.556213
55.843991,498.556213
55.846893,498.543340
55.849796,498.543340
55.852698,498.543340
55.855601,498.604599
55.858503,498.604599
55.861406,498.604599
55.864308,498.604599
55.867211,498.667594
55.870113,498.667594
55.873016,498.667594
55.875918,498.844292
55.878821,498.556232
55.881723,498.556232
55.884626,498.556232
55.887528,498.689934
55.890431,498.689934
55.893333,498.401962
55.896236,498.619964
55.899138,498.619964
55.902041,498.332033
55.904943,498.332033
55.907846,498.400588
55.910748,498.400588
55.913651,498.400588
55.916553,498.364185
55.919456,498.364185
55.922358,498.364185
55.925261,498.423307
55.928163,498.423307
55.931066,498.423307
55.933968,498.423307
55.936871,498.243974
55.939773,497.956260
55.942676,498.243974
55.945578,498.829729
55.948481,498.829729
55.951383,498.829729
55.954286,499.117948
55.957188,498.315276
55.960091,499.467960
55.962993,498.027521
55.965896,500.812852
55.968798,502.261346
55.971701,503.714031
55.974603,500.812852
55.977506,650.315857
55.980408,650.315857
55.983311,650.691602
55.986213,651.806144
55.989116,654.069051
55.992018,655.960807
55.994921,657.098486
55.997823,658.052892
56.000726,658.433108
56.003628,658.813543
56.006531,659.939475
56.009433,660.702308
56.012336,661.084055
56.015238,661.565353
56.018141,661.947599
56.021043,661.947599
56.023946,661.947599
56.026848,662.480086
56.029751,662.862860
56.032653,662.862860
56.035556,663.325587
56.038458,664.092333
56.041361,664.092333
56.044263,664.476039
56.047166,664.050840
56.050068,664.434522
56.052971,664.818425
56.055873,664.457985
56.058776,664.074289
56.061678,663.690816
56.064580,663.690816
56.067483,663.758948
56.070385,664.142460
56.073288,664.142460
56.076190,663.931605
56.079093,663.931605
56.081995,664.315218
56.084898,664.315218
56.087800,664.467895
56.090703,664.467895
56.093605,664.467895
56.096508,664.442275
56.099410,664.058589
56.102313,664.442275
56.105215,664.750838
56.108118,664.750838
56.111020,664.750838
56.113923,664.750838
56.116825,665.322744
56.119728,665.322744
56.122630,665.322744
56.125533,665.342038
56.128435,665.342038
56.131338,664.957833
56.134240,664.957833
56.137143,664.494289
56.140045,664.878227
56.142948,664.878227
56.145850,665.616258
56.148753,665.616258
56.151655,665.231894
56.154558,664.847752
56.157460,664.612661
56.160363,665.380895
56.163265,665.380895
56.166168,665.691924
56.169070,666.076553
56.171973,665.691924
56.174875,665.307516
56.177778,665.198138
56.180680,665.198138
56.183583,665.198138
56.186485,665.393450
56.189388,666.162587
56.192290,665.393450
56.195193,665.207889
56.198095,665.207889
56.200998,665.592239
56.203900,665.976811
56.206803,666.126207
56.209705,666.126207
56.212608,665.741548
56.215510,665.361015
56.218413,665.361015
56.221315,666.130114
56.224218,665.745453
56.227120,665.721373
56.230023,665.721373
56.232925,665.721373
56.235828,665.623313
56.238730,665.238945
56.241633,665.238945
56.244535,665.238945
56.247438,665.679938
56.250340,665.679938
56.253243,665.679938
56.256145,665.526273
56.259048,665.910807
56.261950,665.526273
56.264853,665.526273
56.267755,665.967915
56.270658,665.967915
56.273560,665.583348
56.276463,665.748824
56.279365,665.748824
56.282268,665.748824
56.285170,666.101566
56.288073,666.486433
56.290975,666.871521
56.293878,666.871521
56.296780,666.842911
56.299683,666.842911
56.302585,667.228206
56.305488,666.908834
56.308390,666.523724
56.311293,666.138836
56.314195,666.908834
56.317098,667.083308
56.320000,667.083308
56.322902,667.083308
56.325805,666.969742
56.328707,666.969742
56.331610,666.969742
56.334512,666.584597
56.337415,666.723238
56.340317,666.723238
56.343220,667.108464
56.346122,667.572010
56.349025,667.572010
56.351927,667.957726
56.354830,667.957726
56.357732,667.929147
56.360635,667.929147
56.363537,667.929147
56.366440,668.179963
56.369342,667.794119
56.372245,667.794119
56.375147,667.757531
56.378050,668.529400
56.380952,667.757531
56.383855,667.371930
56.386757,667.489985
56.389660,667.489985
56.392562,668.647659
56.395465,0.000000
56.398367,0.000000
56.401270,0.000000
56.404172,0.000000
56.407075,0.000000
56.409977,0.000000
56.412880,0.000000
56.415782,0.000000
56.418685,0.000000
56.421587,0.000000
56.424490,0.000000
56.427392,0.000000
56.430295,0.000000
56.433197,0.000000
56.436100,0.000000
56.439002,0.000000
56.441905,0.000000
56.444807,0.000000
56.447710,0.000000
56.450612,0.000000
56.453515,668.865560
56.456417,398.841895
56.459320,397.232491
56.462222,400.226574
56.465125,398.012519
56.468027,398.242487
56.470930,399.163686
56.473832,400.087016
56.476735,400.481176
56.479637,400.249916
56.482540,398.865156
56.485442,399.685028
56.488345,399.685028
56.491247,398.993027
56.494150,398.302223
56.497052,398.293190
56.499955,398.983977
56.502857,399.214506
56.505760,398.741018
56.508662,399.432582
56.511565,399.432582
56.514467,398.971406
56.517370,399.373458
56.520272,399.142838
56.523175,399.142838
56.526077,399.079735
56.528980,399.079735
56.531882,399.541037
56.534785,399.310319
56.537687,399.723308
56.540590,399.723308
56.543492,399.492485
56.546395,399.655667
56.549297,0.000000
56.552200,0.000000
56.555102,0.000000
56.558005,0.000000
56.560907,399.542673
56.563810,399.773525
56.566712,399.953148
56.569615,399.722193
56.572517,399.260682
56.575420,399.131982
56.578322,399.362596
56.581224,399.362596
56.584127,399.362596
56.587029,399.084710
56.589932,399.315297
56.592834,399.084710
56.595737,398.763701
56.598639,398.763701
56.601542,398.533432
56.604444,398.533432
56.607347,398.217030
56.610249,397.757257
56.613152,397.757257
56.616054,397.126305
56.618957,396.667792
56.621859,396.209808
56.624762,395.981014
56.627664,396.253956
56.630567,394.427099
56.633469,393.744200
56.636372,392.597509
56.639274,391.917779
56.642177,389.660498
56.645079,384.213262
56.647982,383.326566
56.650884,383.548048
56.653787,382.662887
56.656689,380.377883
56.659592,381.698460
56.662494,381.919001
56.665397,380.985960
56.668299,381.426347
56.671202,381.646731
56.674104,382.087882
56.677007,382.291974
56.679909,382.071217
56.682812,381.630086
56.685714,381.468971
56.688617,381.689380
56.691519,381.689380
56.694422,381.689380
56.697324,381.470761
56.700227,381.691170
56.703129,381.691170
56.706032,381.561474
56.708934,381.561474
56.711837,381.561474
56.714739,381.561474
56.717642,381.714556
56.720544,381.714556
56.723447,381.714556
56.726349,381.934159
56.729252,381.934159
56.732154,381.934159
56.735057,382.015218
56.737959,382.015218
56.740862,381.794621
56.743764,381.794621
56.746667,381.606239
56.749569,381.826727
56.752472,382.047342
56.755374,381.752621
56.758277,381.532176
56.761179,381.752621
56.764082,381.752621
56.766984,381.669280
56.769887,381.669280
56.772789,381.669280
56.775692,381.870920
56.778594,381.650406
56.781497,381.650406
56.784399,381.650406
56.787302,381.777387
56.790204,381.556927
56.793107,381.556927
56.796009,381.702803
56.798912,381.482387
56.801814,381.482387
56.804717,381.702803
56.807619,381.606015
56.810522,381.606015
56.813424,381.606015
56.816327,381.354342
56.819229,381.574684
56.822132,381.574684
56.825034,381.616156
56.827937,381.616156
56.830839,381.395789
56.833741,381.616156
56.836644,381.650313
56.839546,381.650313
56.842449,382.091468
56.845351,383.476449
56.848254,385.030120
56.851156,387.932230
56.854059,389.503955
56.856961,393.211456
56.859864,396.404138
56.862766,396.862346
56.865669,396.488586
56.868571,397.176244
56.871474,397.635345
56.874376,397.176244
56.877279,398.224854
56.880181,398.685167
56.883084,398.454944
56.885986,398.976415
56.888889,399.206939
56.891791,399.206939
56.894694,399.437597
56.897596,399.585771
56.900499,399.816648
56.903401,399.816648
56.906304,399.710890
56.909206,399.249392
56.912109,399.480074
56.915011,399.625710
56.917914,399.625710
56.920816,399.856610
56.923719,399.625710
56.926621,399.727308
56.929524,399.035233
56.932426,397.884437
56.935329,398.727468
56.938231,399.188362
56.941134,399.188362
56.944036,399.419009
56.946939,399.040516
56.949841,399.271077
56.952744,399.040516
56.955646,398.627087
56.958549,398.396897
56.961451,398.627087
56.964354,398.627087
56.967256,398.128651
56.970159,397.668980
56.973061,397.898749
56.975964,398.717433
56.978866,397.797264
56.981769,397.567553
56.984671,396.879218
56.987574,396.660758
56.990476,396.889945
56.993379,396.660758
56.996281,396.463967
56.999184,396.235026
57.002086,396.693039
57.004989,396.463967
57.007891,395.779179
57.010794,395.550634
57.013696,396.923886
57.016599,396.804091
57.019501,397.033360
57.022404,397.033360
57.025306,393.661935
57.028209,396.171167
57.031111,394.344691
57.034014,395.713756
57.036916,0.000000
57.039819,439.221275
57.042721,437.954585
57.045624,438.253584
57.048526,441.556858
57.051429,439.775090
57.054331,440.537823
57.057234,441.009380
57.060136,441.519148
57.063039,442.029506
57.065941,441.904287
57.068844,441.904287
57.071746,442.159615
57.074649,442.670713
57.077551,441.847074
57.080454,442.102368
57.083356,442.357811
57.086259,442.351790
57.089161,442.863110
57.092063,443.118992
57.094966,443.375022
57.097868,442.649563
57.100771,442.649563
57.103673,442.649563
57.106576,442.797867
57.109478,442.542171
57.112381,442.542171
57.115283,442.347988
57.118186,442.347988
57.121088,442.092552
57.123991,442.092552
57.126893,442.299081
57.129796,442.554637
57.132698,442.299081
57.135601,442.255678
57.138503,442.255678
57.141406,442.000295
57.144308,442.255678
57.147211,442.474747
57.150113,442.474747
57.153016,442.730404
57.155918,442.637292
57.158821,442.381689
57.161723,442.381689
57.164626,442.381689
57.167528,442.435827
57.170431,442.691461
57.173333,442.691461
57.176236,442.572319
57.179138,442.572319
57.182041,442.572319
57.184943,442.572319
57.187846,442.653038
57.190748,442.908799
57.193651,442.653038
57.196553,442.693300
57.199456,442.693300
57.202358,442.693300
57.205261,442.696349
57.208163,442.696349
57.211066,442.696349
57.213968,442.440711
57.216871,442.553331
57.219773,442.553331
57.222676,442.297776
57.225578,442.221845
57.228481,442.477356
57.231383,442.221845
57.234286,442.221845
57.237188,441.905936
57.240091,441.650754
57.242993,441.650754
57.245896,441.193187
57.248798,440.938417
57.251701,441.448104
57.254603,440.174991
57.257506,441.777203
57.260408,442.032457
57.263311,442.543408
57.266213,442.421922
57.269116,442.166443
57.272018,442.421922
57.274921,441.400890
57.277823,441.815017
57.280726,442.325717
57.283628,442.325717
57.286531,440.233662
57.289433,442.017288
57.292336,442.528221
57.295238,497.365542
57.298141,497.940453
57.301043,498.228158
57.303946,499.092270
57.306848,499.606691
57.309751,500.473194
57.312653,500.762362
57.315556,501.325311
57.318458,500.746492
57.321361,501.035818
57.324263,500.746492
57.327166,500.498520
57.330068,500.498520
57.332971,500.787703
57.335873,500.937543
57.338776,501.226980
57.341678,500.648274
57.344580,500.359172
57.347483,500.305337
57.350385,500.305337
57.353288,500.016433
57.356190,500.381904
57.359093,500.381904
57.361995,499.804174
57.364898,500.092956
57.367800,499.651549
57.370703,499.074662
57.373605,499.074662
57.376508,499.242661
57.379410,499.242661
57.382313,499.242661
57.385215,499.300148
57.388118,499.300148
57.391020,499.300148
57.393923,499.300148
57.396825,499.093101
57.399728,499.381471
57.402630,499.381471
57.405533,499.176621
57.408435,499.465040
57.411338,499.176621
57.414240,499.176621
57.417143,499.394695
57.420045,499.106316
57.422948,499.106316
57.425850,499.269486
57.428753,499.557959
57.431655,499.557959
57.434558,499.269486
57.437460,499.218244
57.440363,499.506687
57.443265,499.506687
57.446168,499.897038
57.449070,499.897038
57.451973,499.608369
57.454875,499.608369
57.457778,499.473461
57.460680,499.473461
57.463583,499.185037
57.466485,499.634874
57.469388,499.634874
57.472290,499.346357
57.475193,499.526949
57.478095,499.526949
57.480998,499.526949
57.483900,499.526949
57.486803,499.453406
57.489705,499.453406
57.492608,499.164994
57.495510,499.290202
57.498413,499.001884
57.501315,499.001884
57.504218,499.290202
57.507120,499.244128
57.510023,499.244128
57.512925,499.244128
57.515828,499.105788
57.518730,499.105788
57.521633,499.105788
57.524535,499.105788
57.527438,499.022816
57.530340,499.022816
57.533243,499.022816
57.536145,498.898009
57.539048,499.186267
57.541950,499.186267
57.544853,499.186267
57.547755,499.150589
57.550658,499.150589
57.553560,499.150589
57.556463,499.429380
57.559365,499.429380
57.562268,499.429380
57.565170,499.552933
57.568073,499.552933
57.570975,499.552933
57.573878,499.552933
57.576780,499.707964
57.579683,499.707964
57.582585,499.419405
57.585488,499.656778
57.588390,499.945474
57.591293,499.945474
57.594195,500.234337
57.597098,500.288044
57.600000,500.288044
57.602902,500.288044
57.605805,500.410814
57.608707,500.989246
57.611610,500.989246
57.614512,500.989246
57.617415,501.021793
57.620317,501.021793
57.623220,501.021793
57.626122,501.614357
57.629025,501.614357
57.631927,501.614357
57.634830,501.614357
57.637732,501.493431
57.640635,501.493431
57.643537,501.783189
57.646440,501.763587
57.649342,502.053500
57.652245,501.763587
57.655147,501.521581
57.658050,501.811355
57.660952,501.811355
57.663855,501.811355
57.666757,501.992813
57.669660,501.992813
57.672562,501.992813
57.675465,501.700936
57.678367,501.700936
57.681270,501.411226
57.684172,501.121683
57.687075,500.996678
57.689977,500.418238
57.692880,500.418238
57.695782,500.171552
57.698685,499.882725
57.701587,499.594065
57.704490,498.729084
57.707392,498.610259
57.710295,498.610259
57.713197,498.034574
57.716100,497.695323
57.719002,497.695323
57.721905,497.695323
57.724807,497.407926
57.727710,497.394558
57.730612,496.820277
57.733515,497.107335
57.736417,497.416746
57.739320,497.416746
57.742222,497.416746
57.745125,497.074616
57.748027,497.361821
57.750930,497.361821
57.753832,497.361821
57.756735,497.612388
57.759637,497.612388
57.762540,497.899903
57.765442,497.884352
57.768345,497.884352
57.771247,498.172025
57.774150,499.036039
57.777052,499.038696
57.779955,499.038696
57.782857,499.615541
57.785760,499.673727
57.788662,499.962434
57.791565,499.962434
57.794467,500.251307
57.797370,500.563081
57.800272,500.563081
57.803175,500.563081
57.806077,500.895185
57.808980,501.184597
57.811882,501.474176
57.814785,501.474176
57.817687,501.932545
57.820590,501.932545
57.823492,502.222556
57.826395,502.220186
57.829297,502.220186
57.832200,501.640333
57.835102,501.108205
57.838005,501.108205
57.840907,501.108205
57.843810,500.818837
57.846712,500.408094
57.849615,500.119131
57.852517,499.830334
57.855420,499.073757
57.858322,498.785564
57.861224,497.921983
57.864127,497.921983
57.867029,497.826804
57.869932,497.252024
57.872834,497.252024
57.875737,496.853538
57.878639,496.279882
57.881542,495.993302
57.884444,495.706888
57.887347,495.877999
57.890249,495.591652
57.893152,495.591652
57.896054,495.946060
57.898957,495.659673
57.901859,495.659673
57.904762,495.373451
57.907664,495.444602
57.910567,495.730865
57.913469,496.017293
57.916372,496.444298
57.919274,496.157624
57.922177,496.157624
57.925079,495.870681
57.927982,496.443865
57.930884,496.157190
57.933787,496.157190
57.936689,496.376694
57.939592,496.950463
57.942494,497.524894
57.945397,497.865325
57.948299,498.152986
57.951202,498.152986
57.954104,498.440814
57.957007,499.068847
57.959909,499.645727
57.962812,500.223274
57.965714,500.352786
57.968617,500.352786
57.971519,500.641885
57.974422,501.220583
57.977324,501.475206
57.980227,501.475206
57.983129,501.764954
57.986032,502.155068
57.988934,502.445208
57.991837,502.735515
57.994739,503.025991
57.997642,502.737054
58.000544,503.027530
58.003447,502.446745
58.006349,502.811515
58.009252,502.521164
58.012154,502.230980
58.015057,501.945979
58.017959,501.366443
58.020862,500.498394
58.023764,500.209378
58.026667,499.919820
58.029569,499.919820
58.032472,499.342623
58.035374,497.999855
58.038277,497.999855
58.041179,497.424876
58.044082,497.424876
58.046984,497.029356
58.049887,497.029356
58.052789,497.029356
58.055692,496.326827
58.058594,496.040220
58.061497,496.040220
58.064399,496.040220
58.067302,496.187226
58.070204,496.187226
58.073107,496.187226
58.076009,496.422796
58.078912,496.709624
58.081814,496.996617
58.084717,496.996617
58.087619,497.286857
58.090522,497.861677
58.093424,498.437162
58.096327,498.444412
58.099229,498.732408
58.102132,499.020571
58.105034,499.459283
58.107937,499.459283
58.110839,499.459283
58.113741,499.747865
58.116644,499.913488
58.119546,499.913488
58.122449,500.202333
58.125351,500.654132
58.128254,500.943405
58.131156,500.943405
58.134059,500.943405
58.136961,500.989503
58.139864,501.278970
58.142766,501.278970
58.145669,501.165972
58.148571,501.165972
58.151474,501.165972
58.154376,501.165972
58.157279,500.828173
58.160181,500.538967
58.163084,500.249928
58.165986,500.485842
58.168889,500.485842
58.171791,500.485842
58.174694,500.196833
58.177596,499.913333
58.180499,499.624655
58.183401,499.624655
58.186304,499.538744
58.189206,499.538744
58.192109,499.538744
58.195011,499.563994
58.197914,499.563994
58.200816,499.563994
58.203719,499.852637
58.206621,499.859446
58.209524,499.570799
58.212426,499.570799
58.215329,499.613888
58.218231,499.613888
58.221134,499.902560
58.224036,499.902560
58.226939,499.807678
58.229841,499.807678
58.232744,499.807678
58.235646,500.105912
58.238549,500.105912
58.241451,500.105912
58.244354,500.105912
58.247256,500.038239
58.250159,500.327156
58.253061,500.327156
58.255964,500.484484
58.258866,501.063000
58.261769,501.063000
58.264671,501.352509
58.267574,501.359432
58.270476,501.359432
58.273379,501.359432
58.276281,501.443598
58.279184,501.154037
58.282086,500.864642
58.284989,502.313287
58.287891,503.596211
58.290794,503.596211
58.293696,504.761111
58.296599,502.787656
58.299501,501.337643
58.302404,500.469643
58.305306,500.659490
58.308209,500.659490
58.311111,501.238208
58.314014,502.397653
58.316916,0.000000
58.319819,0.000000
58.322721,0.000000
58.325624,0.000000
58.328526,0.000000
58.331429,0.000000
58.334331,0.000000
58.337234,0.000000
58.340136,0.000000
58.343039,669.076692
58.345941,668.336740
58.348844,668.722898
58.351746,669.495883
58.354649,668.722898
58.357551,668.416893
58.360454,668.803097
58.363356,669.189524
58.366259,668.621364
58.369161,668.621364
58.372063,668.621364
58.374966,668.621364
58.377868,668.645183
58.380771,668.645183
58.383673,668.645183
58.386576,669.148962
58.389478,669.148962
58.392381,668.762558
58.395283,668.605439
58.398186,668.991753
58.401088,668.605439
58.403991,668.605439
58.406893,668.317308
58.409796,668.317308
58.412698,668.317308
58.415601,668.102918
58.418503,668.102918
58.421406,668.488941
58.424308,668.488941
58.427211,668.617948
58.430113,668.617948
58.433016,668.617948
58.435918,668.683628
58.438821,668.683628
58.441723,668.683628
58.444626,668.683628
58.447528,668.768141
58.450431,668.768141
58.453333,668.381956
58.456236,668.373274
58.459138,668.373274
58.462041,668.759453
58.464943,668.759453
58.467846,668.346053
58.470748,668.346053
58.473651,668.346053
58.476553,668.242992
58.479456,668.242992
58.482358,668.242992
58.485261,668.685939
58.488163,668.685939
58.491066,668.685939
58.493968,668.685939
58.496871,668.349530
58.499773,668.349530
58.502676,668.735695
58.505578,668.451844
58.508481,668.451844
58.511383,668.451844
58.514286,668.451844
58.517188,668.397939
58.520091,668.397939
58.522993,668.784132
58.525896,668.315568
58.528798,668.315568
58.531701,668.315568
58.534603,668.315568
58.537506,668.267027
58.540408,668.267027
58.543311,668.267027
58.546213,668.761876
58.549116,668.761876
58.552018,668.375696
58.554921,668.375696
58.557823,668.563800
58.560726,668.563800
58.563628,668.563800
58.566531,668.589473
58.569433,668.589473
58.572336,668.589473
58.575238,668.616250
58.578141,668.616250
58.581043,668.616250
58.583946,668.616250
58.586848,668.555095
58.589751,668.555095
58.592653,668.941379
58.595556,668.911073
58.598458,668.911073
58.601361,668.911073
58.604263,668.911073
58.607166,668.544935
58.610068,668.931213
58.612971,668.931213
58.615873,669.089403
58.618776,669.089403
58.621678,669.089403
58.624580,669.089403
58.627483,669.176398
58.630385,669.176398
58.633288,669.563041
58.636190,669.309711
58.639093,669.309711
58.641995,669.696431
58.644898,669.309711
58.647800,669.315628
58.650703,669.315628
58.653605,669.702351
58.656508,669.446697
58.659410,669.833497
58.662313,669.833497
58.665215,669.538982
58.668118,669.538982
58.671020,669.538982
58.673923,669.925835
58.676825,669.894615
58.679728,669.894615
58.682630,670.281673
58.685533,670.369847
58.688435,670.369847
58.691338,670.369847
58.694240,670.757179
58.697143,670.912788
58.700045,671.300435
58.702948,671.300435
58.705850,671.020341
58.708753,671.020341
58.711655,670.632856
58.714558,671.020341
58.717460,670.405003
58.720363,670.017874
58.723265,669.630968
58.726168,669.545880
58.729070,669.159247
58.731973,669.159247
58.734875,668.386650
58.737778,666.829505
58.740680,664.522450
58.743583,659.551177
58.746485,587.036621
58.749388,588.054760
58.752290,586.358841
58.755193,587.750499
58.758095,589.450443
58.760998,590.131796
58.763900,590.131796
58.766803,589.798004
58.769705,589.457422
58.772608,589.457422
58.775510,589.623191
58.778413,589.963869
58.781315,589.963869
58.784218,590.304744
58.787120,589.866762
58.790023,589.526140
58.792925,589.866762
58.795828,590.374501
58.798730,590.033586
58.801633,590.374501
58.804535,590.374501
58.807438,590.039536
58.810340,589.698814
58.813243,589.698814
58.816145,590.286799
58.819048,590.286799
58.821950,589.945934
58.824853,590.286799
58.827755,589.884914
58.830658,589.884914
58.833560,589.884914
58.836463,589.715555
58.839365,590.056287
58.842268,590.397215
58.845170,590.388300
58.848073,590.729420
58.850975,590.729420
58.853878,590.729420
58.856780,590.834512
58.859683,590.834512
58.862585,590.834512
58.865488,591.073486
58.868390,591.073486
58.871293,591.073486
58.874195,590.732167
58.877098,590.652439
58.880000,590.993712
58.882902,590.652439
58.885805,590.883102
58.888707,591.224508
58.891610,590.883102
58.894512,590.541893
58.897415,589.998329
58.900317,589.657631
58.903220,589.317130
58.906122,589.139917
58.909025,0.000000
58.911927,588.119899
58.914830,588.119899
58.917732,587.257615
58.920635,587.257615
58.923537,587.257615
58.926440,587.522710
58.929342,587.862174
58.932245,588.881745
58.935147,589.461833
58.938050,588.101460
58.940952,584.039146
58.943855,583.027960
58.946757,583.563355
58.949660,586.266230
58.952562,585.589340
58.955465,521.435662
58.958367,520.532866
58.961270,521.134556
58.964172,519.931870
58.967075,523.889224
58.969977,528.448100
58.972880,528.448100
58.975782,526.935527
58.978685,526.327139
58.981587,526.935527
58.984490,527.849429
58.987392,527.214570
58.990295,527.214570
58.993197,527.214570
58.996100,527.468568
58.999002,527.163978
59.001905,527.468568
59.004807,526.859564
59.007710,526.773462
59.010612,527.077827
59.013515,527.382367
59.016417,527.002710
59.019320,527.002710
59.022222,527.002710
59.025125,527.210645
59.028027,527.210645
59.030930,526.906204
59.033832,526.601939
59.036735,526.599497
59.039637,526.599497
59.042540,526.599497
59.045442,526.779479
59.048345,526.171271
59.051247,526.475287
59.054150,526.475287
59.057052,526.683377
59.059955,526.379241
59.062857,526.379241
59.065760,526.522007
59.068662,526.217964
59.071565,525.914096
59.074467,526.217964
59.077370,526.143671
59.080272,526.143671
59.083175,526.143671
59.086077,526.519556
59.088980,526.519556
59.091882,526.215514
59.094785,526.215514
59.097687,526.364654
59.100590,526.364654
59.103492,526.364654
59.106395,526.128458
59.109297,525.824642
59.112200,525.824642
59.115102,525.640868
59.118005,525.944578
59.120907,525.640868
59.123810,525.337333
59.126712,525.203799
59.129615,525.203799
59.132517,525.203799
59.135420,524.902595
59.138322,524.296554
59.141224,523.388804
59.144127,522.482625
59.147029,522.153209
59.149932,520.046218
59.152834,517.349719
59.155737,517.530175
59.158639,521.732263
59.161542,522.033715
59.164444,523.241263
59.167347,522.778089
59.170249,525.199426
59.173152,525.502881
59.176054,520.592756
59.178957,519.691419
59.181859,520.893549
59.184762,518.791642
59.187664,501.587227
59.190567,501.297583
59.193469,503.037962
59.196372,502.998872
59.199274,502.998872
59.202177,502.998872
59.205079,502.727337
59.207982,502.727337
59.210884,502.437034
59.213787,502.146899
59.216689,502.156736
59.219592,502.156736
59.222494,501.866762
59.225397,501.914774
59.228299,501.335274
59.231202,501.045775
59.234104,501.045775
59.237007,500.182473
59.239909,499.604974
59.242812,499.316474
59.245714,498.765651
59.248617,497.902104
59.251519,497.327237
59.254422,496.466181
59.257324,495.769128
59.260227,495.482843
59.263129,495.196724
59.266032,494.558480
59.268934,494.272894
59.271837,494.272894
59.274739,493.702217
59.277642,493.578378
59.280544,493.293358
59.283447,493.293358
59.286349,493.358300
59.289252,493.358300
59.292154,493.358300
59.295057,493.515567
59.297959,493.515567
59.300862,493.800715
59.303764,493.800715
59.306667,494.123530
59.309569,494.409029
59.312472,494.980523
59.315374,495.713679
59.318277,496.573430
59.321179,497.147426
59.324082,497.434672
59.326984,497.647582
59.329887,497.935118
59.332789,497.935118
59.335692,498.411523
59.338594,499.275953
59.341497,500.141883
59.344399,501.009314
59.347302,501.785212
59.350204,501.495453
59.353107,501.785212
59.356009,502.328256
59.358912,502.328256
59.361814,502.328256
59.364717,502.618496
59.367619,502.822549
59.370522,502.532191
59.373424,502.532191
59.376327,502.609104
59.379229,502.609104
59.382132,502.318870
59.385034,501.623110
59.387937,501.333445
59.390839,500.754617
59.393741,499.887626
59.396644,499.054136
59.399546,498.477939
59.402449,498.190090
59.405351,497.436831
59.408254,496.862501
59.411156,496.575585
59.414059,496.002249
59.416961,495.911031
59.419864,495.624664
59.422766,496.197563
59.425669,495.778291
59.428571,495.778291
59.431474,495.778291
59.434376,495.778291
59.437279,495.937464
59.440181,495.937464
59.443084,495.937464
59.445986,496.220531
59.448889,496.220531
59.451791,496.220531
59.454694,496.794119
59.457596,497.078456
59.460499,497.365663
59.463401,497.365663
59.466304,497.706035
59.469206,497.993605
59.472109,498.281340
59.475011,498.734625
59.477914,498.734625
59.480816,498.734625
59.483719,499.022789
59.486621,499.134914
59.489524,499.134914
59.492426,498.846686
59.495329,498.830621
59.498231,499.118840
59.501134,499.407226
59.504036,499.118840
59.506939,499.081335
59.509841,499.081335
59.512744,499.081335
59.515646,499.212860
59.518549,499.212860
59.521451,499.501300
59.524354,499.501300
59.527256,499.627822
59.530159,499.916502
59.533061,499.916502
59.535964,500.119559
59.538866,500.119559
59.541769,500.119559
59.544671,500.119559
59.547574,500.108727
59.550476,500.108727
59.553379,500.108727
59.556281,500.242093
59.559184,500.242093
59.562086,500.531127
59.564989,500.531127
59.567891,500.604284
59.570794,500.604284
59.573696,500.604284
59.576599,500.515988
59.579501,500.515988
59.582404,500.515988
59.585306,500.681781
59.588209,500.392659
59.591111,500.103704
59.594014,500.103704
59.596916,500.051185
59.599819,500.051185
59.602721,500.051185
59.605624,500.606596
59.608526,500.895841
59.611429,501.474833
59.614331,502.054495
59.617234,501.607792
59.620136,501.028646
59.623039,499.872361
59.625941,497.959410
59.628844,494.519754
59.631746,493.948792
59.634649,493.093585
59.637551,481.887996
59.640454,480.498256
59.643356,483.560990
59.646259,439.535204
59.649161,439.027726
59.652063,441.570988
59.654966,443.104011
59.657868,442.973814
59.660771,442.718016
59.663673,442.718016
59.666576,442.869617
59.669478,442.869617
59.672381,443.125502
59.675283,442.822032
59.678186,443.077890
59.681088,443.333895
59.683991,443.077890
59.686893,442.864331
59.689796,443.120214
59.692698,443.376244
59.695601,443.339563
59.698503,443.083554
59.701406,442.827692
59.704308,442.827692
59.707211,443.068473
59.710113,443.324474
59.713016,443.324474
59.715918,443.067573
59.718821,443.067573
59.721723,442.811721
59.724626,443.067573
59.727528,443.526525
59.730431,443.526525
59.733333,443.526525
59.736236,443.091471
59.739138,443.603646
59.742041,443.347485
59.744943,443.347485
59.747846,443.327415
59.750748,443.071413
59.753651,442.815558
59.756553,442.893833
59.759456,442.638081
59.762358,442.638081
59.765261,442.779328
59.768163,443.035161
59.771066,442.523642
59.773968,442.012714
59.776871,442.424873
59.779773,442.936278
59.782676,443.192202
59.785578,442.884728
59.788481,442.628982
59.791383,442.884728
59.794286,442.884728
59.797188,442.943799
59.800091,442.688018
59.802993,442.943799
59.805896,442.689912
59.808798,442.945694
59.811701,442.945694
59.814603,442.945694
59.817506,442.916834
59.820408,442.661069
59.823311,443.172747
59.826213,443.470689
59.829116,443.214604
59.832018,443.470689
59.834921,443.726922
59.837823,443.672538
59.840726,443.672538
59.843628,443.160283
59.846531,443.185348
59.849433,443.953995
59.852336,444.723976
59.855238,443.917284
59.858141,442.637051
59.861043,443.404747
59.863946,443.917284
59.866848,444.179780
59.869751,444.179780
59.872653,443.666939
59.875556,396.372981
59.878458,395.915338
59.881361,395.686714
59.884263,396.372981
59.887166,396.195579
59.890068,396.653547
59.892971,397.800783
59.895873,397.949787
59.898776,397.949787
59.901678,397.260789
59.904580,397.260789
59.907483,397.150147
59.910385,396.462534
59.913288,396.691606
59.916190,396.686868
59.919093,396.916069
59.921995,397.374869
59.924898,397.145403
59.927800,397.217132
59.930703,397.217132
59.933605,397.217132
59.936508,397.224995
59.939410,397.224995
59.942313,397.224995
59.945215,397.169770
59.948118,397.169770
59.951020,396.940422
59.953923,397.169770
59.956825,397.076452
59.959728,397.076452
59.962630,396.847158
59.965533,396.639140
59.968435,396.639140
59.971338,396.639140
59.974240,396.639140
59.977143,396.582560
59.980045,396.582560
59.982948,396.353551
59.985850,396.332459
59.988753,396.561455
59.991655,396.790584
59.994558,396.790584
59.997460,396.577502
60.000363,396.348496
60.003265,396.119622
60.006168,396.244932
60.009070,396.244932
60.011973,396.473878
60.014875,396.244932
60.017778,396.035180
60.020680,396.035180
60.023583,396.035180
60.026485,396.450799
60.029388,396.450799
60.032290,396.679864
60.035193,396.644911
60.038095,396.415866
60.040998,396.415866
60.043900,396.644911
60.046803,396.925248
60.049705,396.925248
60.052608,397.154587
60.055510,396.955223
60.058413,396.725999
60.061315,396.725999
60.064218,397.184580
60.067120,397.559336
60.070023,397.329763
60.072925,397.100322
60.075828,397.249823
60.078730,397.020429
60.081633,396.791167
60.084535,396.562038
60.087438,396.144572
60.090340,396.602480
60.093243,397.290336
60.096145,396.336253
60.099048,394.509015
60.101950,394.736959
60.104853,397.253043
60.107755,397.429637
60.110658,398.118927
60.113560,396.283471
60.116463,439.917224
60.119365,440.171404
60.122268,440.934824
60.125170,442.577446
60.128073,443.601199
60.130975,444.370568
60.133878,444.627321
60.136780,445.290415
60.139683,445.805132
60.142585,446.062713
60.145488,445.013829
60.148390,445.013829
60.151293,445.270953
60.154195,445.528226
60.157098,445.616565
60.160000,445.616565
60.162902,445.616565
60.165805,445.532620
60.168707,445.275345
60.171610,445.532620
60.174512,445.790044
60.177415,445.870890
60.180317,445.870890
60.183220,445.870890
60.186122,445.710754
60.189025,445.710754
60.191927,445.968281
60.194830,446.225957
60.197732,446.106906
60.200635,445.849299
60.203537,445.591840
60.206440,445.664816
60.209342,445.664816
60.212245,445.922316
60.215147,446.150221
60.218050,446.150221
60.220952,445.377771
60.223855,445.635106
60.226757,445.790974
60.229660,445.533550
60.232562,445.533550
60.235465,445.651057
60.238367,445.651057
60.241270,445.651057
60.244172,445.908549
60.247075,445.647342
60.249977,445.390000
60.252880,445.647342
60.255782,445.647509
60.258685,445.647509
60.261587,445.905000
60.264490,445.905000
60.267392,445.866128
60.270295,445.608660
60.273197,445.866128
60.276100,445.741762
60.279002,445.484366
60.281905,445.741762
60.284807,446.257001
60.287710,446.064957
60.290612,446.064957
60.293515,446.064957
60.296417,446.104773
60.299320,445.847167
60.302222,446.104773
60.305125,446.153728
60.308027,446.153728
60.310930,446.153728
60.313832,446.411511
60.316735,446.206417
60.319637,446.464231
60.322540,446.464231
60.325442,446.642309
60.328345,446.384393
60.331247,446.642309
60.334150,446.900374
60.337052,446.740101
60.339955,446.740101
60.342857,446.482128
60.345760,446.578309
60.348662,446.578309
60.351565,446.320430
60.354467,446.320430
60.357370,446.579789
60.360272,446.579789
60.363175,446.579789
60.366077,446.748743
60.368980,446.748743
60.371882,446.748743
60.374785,447.006870
60.377687,446.606004
60.380590,446.606004
60.383492,446.606004
60.386395,446.610952
60.389297,446.610952
60.392200,446.610952
60.395102,446.821726
60.398005,446.821726
60.400907,446.821726
60.403810,446.563706
60.406712,446.571979
60.409615,446.830003
60.412517,446.830003
60.415420,446.911460
60.418322,446.653389
60.421224,446.911460
60.424127,446.911460
60.427029,446.704565
60.429932,446.962667
60.432834,446.962667
60.435737,447.075080
60.438639,447.075080
60.441542,446.816913
60.444444,446.816913
60.447347,446.687806
60.450249,446.687806
60.453152,446.429864
60.456054,446.601393
60.458957,446.601393
60.461859,446.343500
60.464762,446.601393
60.467664,446.736146
60.470567,446.478175
60.473469,446.220354
60.476372,446.290166
60.479274,446.548028
60.482177,446.806039
60.485079,446.943839
60.487982,446.943839
60.490884,446.685749
60.493787,446.427807
60.496689,446.294451
60.499592,446.294451
60.502494,446.036735
60.505397,445.902922
60.508299,445.645433
60.511202,445.645433
60.514104,445.645433
60.517007,445.828870
60.519909,445.571424
60.522812,445.314126
60.525714,444.993348
60.528617,444.736384
60.531519,444.479568
60.534422,444.222901
60.537324,444.302474
60.540227,444.559187
60.543129,444.559187
60.546032,444.394976
60.548934,443.881887
60.551837,443.369391
60.554739,442.857486
60.557642,442.898973
60.560544,442.898973
60.563447,443.154876
60.566349,442.969845
60.569252,443.738118
60.572154,444.251041
60.575057,444.689909
60.577959,444.689909
60.580862,444.689909
60.583764,443.919988
60.586667,443.094207
60.589569,442.327048
60.592472,440.796713
60.595374,440.522186
60.598277,436.974173
60.601179,438.491238
60.604082,443.074105
60.606984,429.054501
60.609887,432.288438
60.612789,431.539988
60.615692,396.414464
60.618594,396.185552
60.621497,395.042974
60.624399,395.499610
60.627302,395.344574
60.630204,395.801558
60.633107,395.573000
60.636009,395.635655
60.638912,395.864249
60.641814,395.178862
60.644717,394.950664
60.647619,395.441863
60.650522,395.213513
60.653424,395.213513
60.656327,394.859280
60.659229,395.087426
60.662132,395.087426
60.665034,395.213112
60.667937,395.441462
60.670839,395.213112
60.673741,394.984894
60.676644,394.767918
60.679546,394.996011
60.682449,394.767918
60.685351,394.700796
60.688254,394.700796
60.691156,395.385354
60.694059,395.385354
60.696961,395.139216
60.699864,394.911041
60.702766,395.139216
60.705669,395.022594
60.708571,394.794486
60.711474,394.566509
60.714376,395.022594
60.717279,395.120082
60.720181,395.576807
60.723084,395.576807
60.725986,395.903260
60.728889,395.903260
60.731791,396.132009
60.734694,396.819049
60.737596,396.960030
60.740499,396.730803
60.743401,396.730803
60.746304,397.223839
60.749206,397.223839
60.752109,397.223839
60.755011,397.476123
60.757914,397.476123
60.760816,397.705780
60.763719,397.476123
60.766621,397.797819
60.769524,397.568109
60.772426,397.338531
60.775329,397.369062
60.778231,397.139598
60.781134,397.139598
60.784036,397.139598
60.786939,397.328723
60.789841,397.788000
60.792744,397.558295
60.795646,397.209985
60.798549,396.980614
60.801451,397.209985
60.804354,0.000000
60.807256,397.175303
60.810159,396.945952
60.813061,397.175303
60.815964,397.061756
60.818866,396.603317
60.821769,396.603317
60.824671,396.374296
60.827574,395.994763
60.830476,395.537556
60.833379,395.309150
60.836281,395.122527
60.839184,395.122527
60.842086,394.894361
60.844989,394.210654
60.847891,392.290831
60.850794,391.385493
60.853696,391.837901
60.856599,381.291033
60.859501,376.911532
60.862404,376.911532
60.865306,376.868908
60.868209,377.522539
60.871111,377.740667
60.874014,377.740667
60.876916,377.246110
60.879819,376.810550
60.882721,376.810550
60.885624,377.296955
60.888526,377.296955
60.891429,377.296955
60.894331,377.296955
60.897234,377.519637
60.900136,377.956017
60.903039,377.956017
60.905941,377.954495
60.908844,377.736243
60.911746,377.736243
60.914649,377.736243
60.917551,377.855426
60.920454,377.855426
60.923356,377.855426
60.926259,377.742084
60.929161,377.960340
60.932063,377.960340
60.934966,377.960340
60.937868,0.000000
60.940771,378.351230
60.943673,378.132749
60.946576,378.085766
60.949478,378.085766
60.952381,378.304220
60.955283,378.267129
60.958186,378.267129
60.961088,377.830390
60.963991,377.830390
60.966893,378.161130
60.969796,378.598251
60.972698,378.598251
60.975601,378.786409
60.978503,378.567677
60.981406,378.130591
60.984308,377.912237
60.987211,378.000814
60.990113,378.219219
60.993016,378.219219
60.995918,378.090742
60.998821,377.654207
61.001723,377.872411
61.004626,378.527782
61.007528,378.283927
61.010431,378.065485
61.013333,378.065485
61.016236,377.920623
61.019138,378.138981
61.022041,377.484284
61.024943,377.484284
61.027846,377.810663
61.030748,377.810663
61.033651,377.810663
61.036553,377.668646
61.039456,377.668646
61.042358,377.668646
61.045261,377.697308
61.048163,377.697308
61.051066,377.697308
61.053968,377.479204
61.056871,377.347835
61.059773,377.347835
61.062676,377.347835
61.065578,377.430900
61.068481,377.648975
61.071383,377.648975
61.074286,377.867177
61.077188,377.570293
61.080091,377.352262
61.082993,377.134358
61.085896,377.268041
61.088798,377.268041
61.091701,377.268041
61.094603,377.268041
61.097506,377.368832
61.100408,377.150918
61.103311,376.933130
61.106213,376.778620
61.109116,376.343600
61.112018,376.126278
61.114921,376.126278
61.117823,376.323294
61.120726,376.323294
61.123628,377.193790
61.126531,376.919334
61.129433,376.919334
61.132336,376.919334
61.135238,376.864332
61.138141,376.864332
61.141043,377.517954
61.143946,376.429212
61.146848,0.000000
61.149751,377.862255
61.152653,377.862255
61.155556,378.382998
61.158458,379.258259
61.161361,377.291761
61.164263,376.856148
61.167166,326.939200
61.170068,328.263809
61.172971,329.403458
61.175873,330.127865
61.178776,330.891504
61.181678,331.273985
61.184580,330.509464
61.187483,330.890390
61.190385,331.272871
61.193288,331.081575
61.196190,331.039670
61.199093,330.848509
61.201995,330.657459
61.204898,331.039670
61.207800,330.885832
61.210703,331.268308
61.213605,0.000000
61.216508,330.617040
61.219410,330.808067
61.222313,330.808067
61.225215,330.941294
61.228118,330.941294
61.231020,331.323833
61.233923,331.323833
61.236825,331.059546
61.239728,331.059546
61.242630,331.250829
61.245533,331.278004
61.248435,331.278004
61.251338,331.086705
61.254240,331.086705
61.257143,331.401626
61.260045,331.401626
61.262948,331.210256
61.265850,331.212891
61.268753,331.212891
61.271655,331.021630
61.274558,331.021630
61.277460,330.977883
61.280363,331.169118
61.283265,331.169118
61.286168,331.229582
61.289070,331.038311
61.291973,331.038311
61.294875,331.038311
61.297778,330.988644
61.300680,0.000000
61.303583,330.988644
61.306485,330.979260
61.309388,330.788135
61.312290,330.979260
61.315193,331.020933
61.318095,331.020933
61.320998,331.020933
61.323900,331.020933
61.326803,331.167198
61.329705,330.975964
61.332608,330.975964
61.335510,331.050616
61.338413,330.859449
61.341315,330.859449
61.344218,331.050616
61.347120,330.898405
61.350023,330.898405
61.352925,330.898405
61.355828,330.904429
61.358730,330.904429
61.361633,330.904429
61.364535,330.713347
61.367438,330.693677
61.370340,330.884748
61.373243,330.884748
61.376145,330.828272
61.379048,330.828272
61.381950,330.828272
61.384853,331.019421
61.387755,331.115321
61.390658,330.924117
61.393560,330.924117
61.396463,330.878908
61.399365,330.878908
61.402268,330.878908
61.405170,330.866234
61.408073,331.057405
61.410975,331.057405
61.413878,330.866234
61.416780,0.000000
61.419683,331.045211
61.422585,331.045211
61.425488,331.032583
61.428390,331.032583
61.431293,331.223850
61.434195,331.223850
61.437098,331.342045
61.440000,331.342045
61.442902,331.342045
61.445805,331.146535
61.448707,331.146535
61.451610,331.529312
61.454512,331.529312
61.457415,331.509444
61.460317,331.318012
61.463220,331.318012
61.466122,331.348302
61.469025,331.539751
61.471927,331.922983
61.474830,332.114764
61.477732,332.001891
61.480635,332.193718
61.483537,332.385657
61.486440,332.711560
61.489342,332.711560
61.492245,332.903798
61.495147,332.863775
61.498050,333.056100
61.500952,333.056100
61.503855,333.056100
61.506757,332.939878
61.509660,332.939878
61.512562,332.747620
61.515465,332.737686
61.518367,332.737686
61.521270,332.737686
61.524172,332.161595
61.527075,331.693765
61.529977,331.885414
61.532880,332.077174
61.535782,331.913271
61.538685,331.721605
61.541587,331.530051
61.544490,331.530051
61.547392,331.432926
61.550295,331.050260
61.553197,331.050260
61.556100,330.878160
61.559002,330.687092
61.561905,330.687092
61.564807,330.305288
61.567710,329.976252
61.570612,329.785706
61.573515,329.976252
61.576417,330.017051
61.579320,329.826481
61.582222,329.636021
61.585125,329.558337
61.588027,329.748752
61.590930,329.748752
61.593832,329.748752
61.596735,329.800585
61.599637,329.800585
61.602540,329.419805
61.605442,329.720347
61.608345,329.910856
61.611247,329.910856
61.614150,330.292205
61.617052,330.620748
61.619955,330.239021
61.622857,330.620748
61.625760,330.547732
61.628662,330.547732
61.631565,330.547732
61.634467,330.929817
61.637370,330.870710
61.640272,331.061884
61.643175,331.061884
61.646077,331.183419
61.648980,331.374774
61.651882,331.949500
61.654785,332.333205
61.657687,332.681119
61.660590,333.258111
61.663492,333.643328
61.666395,334.205286
61.669297,333.819420
61.672200,334.012297
61.675102,333.684932
61.678005,333.684932
61.680907,333.877732
61.683810,333.877732
61.686712,333.893099
61.689615,333.315007
61.692517,333.507593
61.695420,333.383985
61.698322,333.383985
61.701224,332.806775
61.704127,331.655351
61.707029,331.363768
61.709932,331.172420
61.712834,330.981183
61.715737,330.886474
61.718639,331.077657
61.721542,331.077657
61.724444,331.460354
61.727347,331.376572
61.730249,330.993972
61.733152,331.376572
61.736054,330.072666
61.738957,328.930701
61.741859,328.740758
61.744762,328.171587
61.747664,329.369988
61.750567,329.369988
61.753469,328.420102
61.756372,328.723215
61.759274,328.533392
61.762177,328.154074
61.765079,328.521941
61.767982,328.711758
61.770884,328.901684
61.773787,329.281865
61.776689,329.566226
61.779592,329.756645
61.782494,329.947175
61.785397,329.952157
61.788299,329.761624
61.791202,329.761624
61.794104,329.952157
61.797007,330.115882
61.799909,330.306619
61.802812,330.306619
61.805714,330.627534
61.808617,330.627534
61.811519,331.009710
61.814422,331.200964
61.817324,331.146501
61.820227,331.720832
61.823129,331.529278
61.826032,331.525783
61.828934,331.908998
61.831837,332.100771
61.834739,331.525783
61.837642,331.481927
61.840544,331.481927
61.843447,331.865091
61.846349,332.726286
61.849252,333.303356
61.852154,333.303356
61.855057,332.797716
61.857959,331.646323
61.860862,331.837945
61.863764,331.837945
61.866667,331.653178
61.869569,330.887781
61.872472,330.887781
61.875374,331.349968
61.878277,331.541418
61.881179,331.732979
61.884082,331.541418
61.886984,331.147587
61.889887,331.147587
61.892789,330.956364
61.895692,330.816603
61.898594,330.625571
61.901497,330.434650
61.904399,329.862546
61.907302,330.008018
61.910204,330.008018
61.913107,330.008018
61.916009,329.883446
61.918912,329.883446
61.921814,329.502569
61.924717,329.502569
61.927619,329.511280
61.930522,329.701668
61.933424,330.655260
61.936327,330.799771
61.939229,330.608749
61.942132,330.608749
61.945034,330.774549
61.947937,331.348235
61.950839,331.348235
61.953741,331.348235
61.956644,331.186400
61.959546,331.377756
61.962449,331.377756
61.965351,331.900734
61.968254,331.709076
61.971156,331.709076
61.974059,331.709076
61.976961,331.428955
61.979864,332.003776
61.982766,332.003776
61.985669,332.337768
61.988571,331.954058
61.991474,332.529789
61.994376,332.529789
61.997279,332.346659
62.000181,331.771245
62.003084,332.346659
62.005986,332.583559
62.008889,332.775723
62.011791,331.624406
62.014694,331.624406
62.017596,330.764585
62.020499,330.573583
62.023401,331.146920
62.026304,331.223210
62.029206,331.606075
62.032109,331.606075
62.035011,331.392422
62.037914,330.818660
62.040816,331.201057
62.043719,331.392422
62.046621,331.404241
62.049524,331.404241
62.052426,331.021609
62.055329,331.217013
62.058231,332.174988
62.061134,332.366915
62.064036,331.408386
62.066939,331.148386
62.069841,331.148386
62.072744,330.766050
62.075646,330.662003
62.078549,331.235494
62.081451,331.235494
62.084354,331.235494
62.087256,331.151501
62.090159,331.151501
62.093061,331.151501
62.095964,331.218048
62.098866,331.409422
62.101769,331.600907
62.104671,331.792502
62.107574,331.587462
62.110476,331.970748
62.113379,332.354477
62.116281,332.328081
62.119184,332.712223
62.122086,332.520096
62.124989,330.987072
62.127891,331.162363
62.130794,331.162363
62.133696,331.162363
62.136599,331.468541
62.139501,331.660060
62.142404,331.851690
62.145306,331.934645
62.148209,331.934645
62.151111,332.318332
62.154014,332.510343
62.156916,332.861806
62.159819,333.631769
62.162721,332.669593
62.165624,331.836596
62.168526,331.836596
62.171429,331.453464
62.174331,331.836596
62.177234,331.271594
62.180136,331.654516
62.183039,332.037879
62.185941,331.064265
62.188844,330.491071
62.191746,332.982100
62.194649,0.000000
62.197551,0.000000
62.200454,0.000000
62.203356,0.000000
62.206259,0.000000
62.209161,0.000000
62.212063,0.000000
62.214966,0.000000
62.217868,0.000000
62.220771,0.000000
62.223673,0.000000
62.226576,0.000000
62.229478,0.000000
62.232381,0.000000
62.235283,0.000000
62.238186,0.000000
62.241088,0.000000
62.243991,0.000000
62.246893,0.000000
62.249796,0.000000
62.252698,0.000000
62.255601,0.000000
62.258503,0.000000
62.261406,0.000000
62.264308,329.073996
62.267211,330.776360
62.270113,330.394453
62.273016,331.541500
62.275918,331.543554
62.278821,331.543554
62.281723,330.969530
62.284626,329.634003
62.287528,330.986097
62.290431,327.941228
62.293333,326.995463
62.296236,330.273491
62.299138,329.701667
62.302041,331.228737
62.304943,329.511278
62.307846,330.214004
62.310748,329.261685
62.313651,326.987308
62.316553,482.964419
62.319456,488.858489
62.322358,489.140947
62.325261,0.000000
62.328163,498.580918
62.331066,493.138994
62.333968,501.758911
62.336871,497.677759
62.339773,497.965312
62.342676,499.694123
62.345578,500.808767
62.348481,501.387658
62.351383,501.967219
62.354286,501.677355
62.357188,501.340315
62.360091,501.629984
62.362993,501.919820
62.365896,501.832522
62.368798,501.832522
62.371701,501.832522
62.374603,501.832522
62.377506,501.993757
62.380408,501.703877
62.383311,501.414166
62.386213,501.359239
62.389116,501.359239
62.392018,501.069726
62.394921,500.780381
62.397823,500.543720
62.400726,500.254678
62.403628,499.965803
62.406531,499.536338
62.409433,499.247878
62.412336,498.671457
62.415238,498.604746
62.418141,498.316823
62.421043,498.029067
62.423946,497.454054
62.426848,497.046417
62.429751,496.759395
62.432653,496.472538
62.435556,496.409276
62.438458,496.409276
62.441361,496.122621
62.444263,496.122621
62.447166,495.875109
62.450068,495.875109
62.452971,496.161620
62.455873,496.111142
62.458776,496.111142
62.461678,496.111142
62.464580,496.111142
62.467483,496.081269
62.470385,496.367900
62.473288,496.367900
62.476190,496.546789
62.479093,496.833688
62.481995,497.407984
62.484898,497.407984
62.487800,497.843847
62.490703,497.843847
62.493605,498.131496
62.496508,498.268753
62.499410,498.844708
62.502313,499.709890
62.505215,499.636825
62.508118,499.925510
62.511020,500.214362
62.513923,500.214362
62.516825,500.418166
62.519728,0.000000
62.522630,500.996606
62.525533,500.792741
62.528435,501.371614
62.531338,501.661301
62.534240,501.951156
62.537143,502.213242
62.540045,502.503415
62.542948,502.213242
62.545850,502.419547
62.548753,502.709840
62.551655,503.872689
62.554558,503.581725
62.557460,502.718272
62.560363,502.137844
62.563265,501.558087
62.566168,500.963817
62.569070,500.674533
62.571973,500.674533
62.574875,500.674533
62.577778,501.072705
62.580680,500.205164
62.583583,499.916317
62.586485,499.901201
62.589388,499.324026
62.592290,500.190039
62.595193,500.089578
62.598095,499.800798
62.600998,0.000000
62.603900,0.000000
62.606803,0.000000
62.609705,0.000000
62.612608,0.000000
62.615510,0.000000
62.618413,0.000000
62.621315,0.000000
62.624218,0.000000
62.627120,0.000000
62.630023,0.000000
62.632925,0.000000
62.635828,0.000000
62.638730,0.000000
62.641633,0.000000
62.644535,0.000000
62.647438,0.000000
62.650340,0.000000
62.653243,0.000000
62.656145,0.000000
62.659048,0.000000
62.661950,0.000000
62.664853,0.000000
62.667755,0.000000
62.670658,0.000000
62.673560,0.000000
62.676463,0.000000
62.679365,0.000000
62.682268,0.000000
62.685170,0.000000
62.688073,0.000000
62.690975,0.000000
62.693878,0.000000
62.696780,0.000000
62.699683,0.000000
62.702585,0.000000
62.705488,0.000000
62.708390,0.000000
62.711293,0.000000
62.714195,0.000000
62.717098,0.000000
62.720000,0.000000
62.722902,0.000000
62.725805,0.000000
62.728707,0.000000
62.731610,0.000000
62.734512,0.000000
62.737415,0.000000
62.740317,0.000000
62.743220,0.000000
62.746122,0.000000
62.749025,0.000000
62.751927,0.000000
62.754830,0.000000
62.757732,0.000000
62.760635,497.108598
62.763537,497.970768
62.766440,498.375867
62.769342,497.800453
62.772245,498.951946
62.775147,492.849667
62.778050,494.560717
62.780952,499.152615
62.783855,495.991129
62.786757,504.295270
62.789660,505.753837
62.792562,508.096324
62.795465,515.705428
62.798367,518.094007
62.801270,520.193088
62.804172,521.095295
62.807075,522.854885
62.809977,522.854885
62.812880,524.064333
62.815782,524.631016
62.818685,524.631016
62.821587,524.934142
62.824490,524.328064
62.827392,523.974613
62.830295,524.277360
62.833197,524.277360
62.836100,524.674580
62.839002,524.068802
62.841905,523.766175
62.844807,523.161446
62.847710,522.703273
62.850612,521.798281
62.853515,521.496966
62.856417,520.696233
62.859320,520.395554
62.862222,519.794717
62.865125,519.054947
62.868027,518.755215
62.870930,518.156272
62.873832,518.156272
62.876735,517.959662
62.879637,517.959662
62.882540,517.959662
62.885442,517.891980
62.888345,517.891980
62.891247,518.490618
62.894150,518.790196
62.897052,518.874187
62.899955,519.173987
62.902857,519.473960
62.905760,519.957243
62.908662,520.558269
62.911565,521.461109
62.914467,522.365516
62.917370,523.310547
62.920272,523.915448
62.923175,524.824111
62.926077,525.225999
62.928980,525.225999
62.931882,525.225999
62.934785,526.136936
62.937687,527.658151
62.940590,528.878710
62.943492,530.102092
62.946395,530.806894
62.949297,531.113589
62.952200,531.420461
62.955102,531.249087
62.958005,531.556037
62.960907,531.556037
62.963810,531.556037
62.966712,531.195506
62.969615,531.195506
62.972517,530.275811
62.975420,529.241212
62.978322,528.324901
62.981224,527.410177
62.984127,526.801240
62.987029,525.951152
62.989932,525.647438
62.992834,525.040537
62.995737,524.954132
62.998639,524.348031
63.001542,523.742630
63.004444,522.835839
63.007347,521.543643
63.010249,520.640659
63.013152,520.039539
63.016054,519.619925
63.018957,519.019983
63.021859,518.720272
63.024762,518.420734
63.027664,518.202711
63.030567,518.502123
63.033469,518.202711
63.036372,517.895460
63.039274,517.895460
63.042177,518.494102
63.045079,518.938986
63.047982,519.238823
63.050884,519.839018
63.053787,519.839018
63.056689,519.536610
63.059592,519.836792
63.062494,520.437678
63.065397,521.161371
63.068299,521.763788
63.071202,522.065257
63.074104,522.065257
63.077007,522.141965
63.079909,523.349764
63.082812,523.349764
63.085714,523.041814
63.088617,523.041814
63.091519,523.344022
63.094422,523.646405
63.097324,523.986288
63.100227,524.289042
63.103129,524.289042
63.106032,523.839989
63.108934,524.142658
63.111837,524.445503
63.114739,524.142658
63.117642,523.963418
63.120544,524.266159
63.123447,524.266159
63.126349,524.626308
63.129252,524.929432
63.132154,524.929432
63.135057,524.521551
63.137959,524.218663
63.140862,523.915950
63.143764,523.915950
63.146667,523.752698
63.149569,523.752698
63.152472,523.752698
63.155374,523.573064
63.158277,523.573064
63.161179,523.573064
63.164082,523.875579
63.166984,523.558719
63.169887,522.652246
63.172789,522.652246
63.175692,522.630800
63.178594,522.630800
63.181497,522.932770
63.184399,522.630800
63.187302,522.930852
63.190204,522.930852
63.193107,523.232996
63.196009,523.364367
63.198912,523.364367
63.201814,523.364367
63.204717,523.666762
63.207619,523.652609
63.210522,523.652609
63.213424,523.350223
63.216327,523.251589
63.219229,523.553918
63.222132,523.553918
63.225034,523.511176
63.227937,523.511176
63.230839,523.511176
63.233741,523.208871
63.236644,523.137114
63.239546,522.533111
63.242449,521.929806
63.245351,521.974044
63.248254,522.577401
63.251156,522.577401
63.254059,524.694646
63.256961,527.181566
63.259864,526.877142
63.262766,523.540057
63.265669,582.721312
63.268571,588.471580
63.271474,590.173609
63.274376,589.151801
63.277279,587.628306
63.280181,590.350009
63.283084,591.373895
63.285986,592.392331
63.288889,593.419759
63.291791,593.762631
63.294694,594.448969
63.297596,594.465132
63.300499,594.808608
63.303401,595.152282
63.306304,595.631889
63.309206,595.976039
63.312109,596.320387
63.315011,596.525104
63.317914,596.525104
63.320816,596.180637
63.323719,596.180637
63.326621,595.712955
63.329524,595.025158
63.332426,594.681557
63.335329,593.605897
63.338231,592.920533
63.341134,591.893969
63.344036,591.552177
63.346939,591.068207
63.349841,590.385773
63.352744,590.044851
63.355646,589.577562
63.358549,589.237107
63.361451,588.216921
63.364354,587.198502
63.367256,586.260057
63.370159,586.598792
63.373061,585.921517
63.375964,584.595619
63.378866,584.258041
63.381769,583.920658
63.384671,582.909677
63.387574,583.503754
63.390476,584.178233
63.393379,584.178233
63.396281,583.857951
63.399184,584.195298
63.402086,584.870576
63.404989,585.546636
63.407891,585.972268
63.410794,586.649601
63.413696,587.327716
63.416599,587.146590
63.419501,587.485837
63.422404,588.844787
63.425306,589.725160
63.428209,590.747962
63.431111,591.089290
63.434014,592.456575
63.436916,593.858664
63.439819,594.888635
63.442721,595.576274
63.445624,596.177157
63.448526,597.556212
63.451429,598.592595
63.454331,599.630776
63.457234,600.451729
63.460136,601.493135
63.463039,601.493135
63.465941,601.188550
63.468844,600.841391
63.471746,601.535911
63.474649,601.883472
63.477551,601.725440
63.480454,601.377970
63.483356,601.725440
63.486259,601.560570
63.489161,600.866021
63.492063,599.825701
63.494966,599.133155
63.497868,598.334195
63.500771,597.298258
63.503673,595.919799
63.506576,594.526509
63.509478,593.497165
63.512381,592.811926
63.515283,593.509164
63.518186,592.823912
63.521088,590.090803
63.523991,589.069139
63.526893,589.500072
63.529796,590.181483
63.532698,589.500072
63.535601,588.187294
63.538503,588.187294
63.541406,588.187294
63.544308,588.867187
63.547211,588.221746
63.550113,588.221746
63.553016,588.561615
63.555918,588.361071
63.558821,589.041165
63.561723,589.381507
63.564626,589.722045
63.567528,589.907830
63.570431,590.248673
63.573333,590.589712
63.576236,590.808082
63.579138,591.491005
63.582041,591.491005
63.584943,592.516869
63.587846,592.802681
63.590748,593.487909
63.593651,593.830820
63.596553,594.560444
63.599456,594.560444
63.602358,594.903975
63.605261,595.263326
63.608163,595.951399
63.611066,596.295733
63.613968,596.295733
63.616871,596.029424
63.619773,596.029424
63.622676,596.029424
63.625578,595.894749
63.628481,595.894749
63.631383,595.894749
63.634286,595.550646
63.637188,595.861091
63.640091,595.861091
63.642993,596.549855
63.645896,596.534372
63.648798,596.534372
63.651701,596.534372
63.654603,596.534372
63.657506,596.431682
63.660408,596.431682
63.663311,596.087269
63.666213,595.978075
63.669116,595.978075
63.672018,595.289971
63.674921,594.946218
63.677823,594.462627
63.680726,594.462627
63.683628,594.462627
63.686531,593.930358
63.689433,593.587389
63.692336,593.587389
63.695238,594.162218
63.698141,595.192715
63.701043,596.225000
63.703946,596.914184
63.706848,596.421721
63.709751,596.766327
63.712653,596.077313
63.715556,595.809630
63.718458,595.121721
63.721361,595.465576
63.724263,594.778064
63.727166,594.531718
63.730068,593.845285
63.732971,593.845285
63.735873,0.000000
63.738776,0.000000
63.741678,0.000000
63.744580,0.000000
63.747483,790.414381
63.750385,790.414381
63.753288,790.871074
63.756190,790.940705
63.759093,790.483972
63.761995,790.483972
63.764898,790.027502
63.767800,789.360162
63.770703,788.904342
63.773605,788.448784
63.776508,787.572297
63.779410,787.117508
63.782313,786.208720
63.785215,785.060775
63.788118,783.701546
63.791020,782.796701
63.793923,782.344671
63.796825,781.613310
63.799728,780.710877
63.802630,780.260051
63.805533,780.221788
63.808435,779.320960
63.811338,778.421173
63.814240,778.421173
63.817143,778.328618
63.820045,778.328618
63.822948,778.328618
63.825850,778.539151
63.828753,778.988983
63.831655,779.889426
63.834558,780.340038
63.837460,780.859684
63.840363,781.310856
63.843265,0.000000
63.846168,0.000000
63.849070,783.603370
63.851973,784.962428
63.854875,785.869776
63.857778,786.588794
63.860680,787.498022
63.863583,788.408301
63.866485,788.642454
63.869388,790.010252
63.872290,790.923435
63.875193,791.464078
63.878095,791.921378
63.880998,792.378942
63.883900,793.294863
63.886803,794.731122
63.889705,795.649761
63.892608,796.569463
63.895510,797.723094
63.898413,798.184010
63.901315,798.645192
63.904218,798.645192
63.907120,798.351327
63.910023,797.429568
63.912925,796.969088
63.915828,797.077061
63.918730,797.077061
63.921633,794.778333
63.924535,794.319384
63.927438,793.939996
63.930340,793.481530
63.933243,792.565394
63.936145,791.140638
63.939048,790.227204
63.941950,789.770883
63.944853,788.859030
63.947755,787.200164
63.950658,785.383445
63.953560,783.570919
63.956463,782.302953
63.959365,781.851208
63.962268,782.302953
63.965170,782.077664
63.968073,782.077664
63.970975,782.077664
63.973878,782.981678
63.976780,783.206757
63.979683,783.206757
63.982585,783.659285
63.985488,783.853730
63.988390,784.306632
63.991293,784.759796
63.994195,785.213222
63.997098,786.006553
64.000000,786.460700
64.002902,787.369780
64.005805,788.215295
64.008707,789.126403
64.011610,789.582352
64.014512,789.582352
64.017415,789.997305
64.020317,790.453757
64.023220,790.910473
64.026122,791.410458
64.029025,791.410458
64.031927,791.867726
64.034830,792.325259
64.037732,792.700099
64.040635,793.158112
64.043537,793.616391
64.046440,793.451233
64.049342,793.451233
64.052245,792.993050
64.055147,792.298761
64.058050,791.841243
64.060952,791.383990
64.063855,791.841243
64.066757,791.682733
64.069660,791.682733
64.072562,791.225571
64.075465,790.871189
64.078367,790.871189
64.081270,790.871189
64.084172,790.414496
64.087075,789.928447
64.089977,789.928447
64.092880,790.384859
64.095782,790.411534
64.098685,790.411534
64.101587,789.955106
64.104490,789.498942
64.107392,789.532165
64.110295,789.988348
64.113197,790.444795
64.116100,790.997633
64.119002,790.997633
64.121905,790.997633
64.124807,790.997633
64.127710,791.046244
64.130612,791.503303
64.133515,791.503303
64.136417,791.841192
64.139320,791.841192
64.142222,792.298709
64.145125,792.834113
64.148027,793.292204
64.150930,793.292204
64.153832,791.461425
64.156735,792.619103
64.159637,790.789878
64.162540,793.077070
64.165442,792.435132
64.168345,789.693515
64.171247,787.871042
64.174150,786.961383
64.177052,790.885646
64.179955,791.342611
64.182857,788.149389
64.185760,787.802834
64.188662,787.347913
64.191565,788.258019
64.194467,796.496455
64.197370,490.998298
64.200272,492.702921
64.203175,496.129941
64.206077,497.009718
64.208980,498.159382
64.211882,499.311705
64.214785,499.888866
64.217687,499.974180
64.220590,499.685467
64.223492,499.685467
64.226395,499.677921
64.229297,499.101004
64.232200,498.524753
64.235102,498.452594
64.238005,498.164760
64.240907,497.589590
64.243810,496.728079
64.246712,496.068769
64.249615,495.496019
64.252517,495.209892
64.255420,494.729795
64.258322,494.444110
64.261224,493.873236
64.264127,493.588046
64.267029,492.818718
64.269932,492.818718
64.272834,492.534137
64.275737,492.396259
64.278639,492.396259
64.281542,492.111922
64.284444,491.827749
64.287347,491.760884
64.290249,491.760884
64.293152,491.760884
64.296054,491.829891
64.298957,492.398403
64.301859,492.398403
64.304762,492.682906
64.307664,493.318025
64.310567,493.603059
64.313469,494.173621
64.316372,494.877369
64.319274,495.163304
64.322177,495.735670
64.325079,496.206059
64.327982,497.353864
64.330884,498.504324
64.333787,499.946142
64.336689,499.537444
64.339592,500.114866
64.342494,500.403827
64.345397,500.872358
64.348299,501.161756
64.351202,501.451322
64.354104,501.451322
64.357007,501.446456
64.359909,502.316149
64.362812,502.316149
64.365714,502.001592
64.368617,501.711708
64.371519,502.001592
64.374422,502.001592
64.377324,502.000520
64.380227,502.000520
64.383129,501.710637
64.386032,502.360516
64.388934,502.650774
64.391837,502.650774
64.394739,502.070425
64.397642,501.506235
64.400544,500.637943
64.403447,499.771155
64.406349,497.725108
64.409252,496.863363
64.412154,494.001641
64.415057,447.541015
64.417959,447.024294
64.420862,441.124708
64.423764,442.656182
64.426667,442.398153
64.429569,442.653766
64.432472,442.909527
64.435374,443.157056
64.438277,443.413107
64.441179,443.413107
64.444082,443.669307
64.446984,443.021398
64.449887,443.277371
64.452789,443.277371
64.455692,443.540534
64.458594,443.796807
64.461497,443.796807
64.464399,443.540534
64.467302,443.446069
64.470204,443.702287
64.473107,443.702287
64.476009,443.446053
64.478912,443.702271
64.481814,443.189982
64.484717,443.446053
64.487619,443.624146
64.490522,443.880467
64.493424,443.624146
64.496327,443.642736
64.499229,443.642736
64.502132,443.642736
64.505034,443.660857
64.507937,443.660857
64.510839,443.660857
64.513741,443.660857
64.516644,443.524595
64.519546,443.524595
64.522449,443.524595
64.525351,443.612725
64.528254,443.356558
64.531156,443.100539
64.534059,443.100539
64.536961,443.070762
64.539864,443.070762
64.542766,443.070762
64.545669,442.878115
64.548571,442.878115
64.551474,442.878115
64.554376,442.878115
64.557279,442.873181
64.560181,442.873181
64.563084,442.873181
64.565986,442.796552
64.568889,442.796552
64.571791,442.796552
64.574694,442.796552
64.577596,442.794073
64.580499,442.794073
64.583401,442.794073
64.586304,442.821776
64.589206,442.821776
64.592109,442.821776
64.595011,442.533858
64.597914,442.789550
64.600816,442.789550
64.603719,442.789550
64.606621,442.659458
64.609524,442.915222
64.612426,442.915222
64.615329,442.667525
64.618231,442.923293
64.621134,442.923293
64.624036,442.667525
64.626939,442.118138
64.629841,441.352669
64.632744,441.862834
64.635646,442.526767
64.638549,442.526767
64.641451,442.526767
64.644354,443.038290
64.647256,442.409126
64.650159,0.000000
64.653061,439.607037
64.655964,492.199712
64.658866,494.479421
64.661769,495.337031
64.664671,494.479421
64.667574,494.472778
64.670476,495.330377
64.673379,496.476156
64.676281,496.744593
64.679184,496.457745
64.682086,496.171062
64.684989,496.744593
64.687891,496.717188
64.690794,497.004186
64.693696,497.291350
64.696599,497.390437
64.699501,497.103216
64.702404,497.103216
64.705306,496.840676
64.708209,497.127745
64.711111,497.127745
64.714014,497.127745
64.716916,497.238750
64.719819,497.238750
64.722721,497.238750
64.725624,497.446756
64.728526,497.734175
64.731429,497.734175
64.734331,497.446756
64.737234,497.191535
64.740136,497.191535
64.743039,497.191535
64.745941,497.260125
64.748844,497.260125
64.751746,496.972979
64.754649,496.972979
64.757551,497.129758
64.760454,496.842687
64.763356,497.129758
64.766259,497.058746
64.769161,497.058746
64.772063,497.058746
64.774966,497.058746
64.777868,496.909367
64.780771,496.909367
64.783673,497.196476
64.786576,497.023834
64.789478,497.023834
64.792381,497.311009
64.795283,497.530876
64.798186,497.530876
64.801088,497.818344
64.803991,497.818344
64.806893,497.629958
64.809796,497.629958
64.812698,497.055405
64.815601,496.864436
64.818503,496.864436
64.821406,496.577518
64.824308,496.004181
64.827211,496.074835
64.830113,497.797082
64.833016,495.502078
64.835918,493.304354
64.838821,495.589179
64.841723,496.162037
64.844626,497.884587
64.847528,497.903936
64.850431,498.191620
64.853333,495.608439
64.856236,494.424939
64.859138,491.861289
64.862041,487.055051
64.864943,491.293396
64.867846,492.523946
64.870748,493.093261
64.873651,493.663233
64.876553,499.784192
64.879456,503.842192
64.882358,505.883530
64.885261,512.490748
64.888163,513.973019
64.891066,516.651919
64.893968,517.547984
64.896871,518.962684
64.899773,519.262535
64.902676,519.562559
64.905578,519.775950
64.908481,520.376766
64.911383,520.677434
64.914286,520.978276
64.917188,521.647034
64.920091,521.647034
64.922993,521.647034
64.925896,521.430141
64.928798,521.430141
64.931701,521.731418
64.934603,521.430141
64.937506,521.540097
64.940408,521.540097
64.943311,521.841437
64.946213,521.670743
64.949116,521.670743
64.952018,521.670743
64.954921,521.972158
64.957823,521.788493
64.960726,521.788493
64.963628,521.788493
64.966531,522.117402
64.969433,522.117402
64.972336,521.815902
64.975238,521.965925
64.978141,521.664513
64.981043,521.664513
64.983946,521.664513
64.986848,521.615843
64.989751,521.615843
64.992653,521.314633
64.995556,521.093139
64.998458,520.792231
65.001361,520.792231
65.004263,520.792231
65.007166,520.725109
65.010068,0.000000
65.012971,0.000000
65.015873,0.000000
65.018776,520.656559
65.021678,520.355903
65.024580,520.355903
65.027483,519.962149
65.030385,519.962149
65.033288,520.262578
65.036190,520.183554
65.039093,520.484111
65.041995,520.484111
65.044898,520.484111
65.047800,520.898155
65.050703,521.199124
65.053605,520.898155
65.056508,520.764929
65.059410,521.065821
65.062313,521.366888
65.065215,521.368154
65.068118,521.669395
65.071020,520.465475
65.073923,522.272400
65.076825,522.606801
65.079728,522.908758
65.082630,522.908758
65.085533,521.406559
65.088435,517.804940
65.091338,520.203244
65.094240,520.804554
65.097143,520.352100
65.100045,515.267464
65.102948,517.654015
65.105850,0.000000
65.108753,592.809216
65.111655,593.494452
65.114558,593.837367
65.117460,594.865738
65.120363,595.209445
65.123265,595.209445
65.126168,595.552229
65.129070,595.896333
65.131973,596.240635
65.134875,596.929838
65.137778,596.604991
65.140680,596.604991
65.143583,596.260478
65.146485,595.959342
65.149388,595.271261
65.152290,594.583974
65.155193,593.970306
65.158095,592.941925
65.160998,591.573519
65.163900,590.208272
65.166803,590.936509
65.169705,589.913381
65.172608,589.232280
65.175510,588.624113
65.178413,588.284209
65.181315,587.604989
65.184218,586.587629
65.187120,585.891252
65.190023,585.214794
65.192925,584.876859
65.195828,584.617711
65.198730,583.605523
65.201633,582.931705
65.204535,582.931705
65.207438,583.836822
65.210340,583.836822
65.213243,583.499682
65.216145,583.897810
65.219048,584.235180
65.221950,584.910505
65.224853,584.910505
65.227755,585.371252
65.230658,585.709473
65.233560,586.725310
65.236463,587.337121
65.239365,588.016031
65.242268,588.695727
65.245170,589.286516
65.248073,589.967680
65.250975,591.674037
65.253878,593.042674
65.256780,592.988364
65.259683,594.016825
65.262585,595.047070
65.265488,595.768239
65.268390,597.146347
65.271293,598.527643
65.274195,600.258757
65.277098,600.863355
65.280000,600.863355
65.282902,601.210528
65.285805,601.332160
65.288707,601.332160
65.291610,601.679603
65.294512,601.679603
65.297415,601.586006
65.300317,600.891428
65.303220,600.891428
65.306122,600.791786
65.309025,601.138917
65.311927,601.138917
65.314830,600.444855
65.317732,599.768161
65.320635,599.075682
65.323537,598.729742
65.326440,597.542859
65.329342,596.163835
65.332245,592.730184
65.335147,592.908731
65.338050,592.224172
65.340952,591.540402
65.343855,590.857423
65.346757,589.865750
65.349660,588.504444
65.352562,588.164608
65.355465,586.977198
65.358367,585.622558
65.361270,584.946411
65.364172,583.596458
65.367075,583.192475
65.369977,582.519134
65.372880,582.182755
65.375782,582.285241
65.378685,582.621679
65.381587,583.295139
65.384490,583.632161
65.387392,584.215110
65.390295,584.552664
65.393197,584.552664
65.396100,584.812008
65.399002,585.488000
65.401905,586.842328
65.404807,587.181400
65.407710,587.607152
65.410612,588.286374
65.413515,588.966382
65.416417,589.467097
65.419320,590.489451
65.422222,591.855349
65.425125,592.975540
65.428027,594.003979
65.430930,595.722010
65.433832,596.066212
65.436735,597.006632
65.439637,598.042062
65.442540,599.771772
65.445442,600.389852
65.448345,600.736751
65.451247,600.736751
65.454150,601.083850
65.457052,601.350195
65.459955,602.045304
65.462857,602.393159
65.465760,602.487987
65.468662,602.487987
65.471565,602.487987
65.474467,602.487987
65.477370,602.547994
65.480272,602.200049
65.483175,601.852305
65.486077,601.412218
65.488980,600.717841
65.491882,600.370953
65.494785,599.331490
65.497687,597.742378
65.500590,596.707466
65.503492,595.330371
65.506395,593.926170
65.509297,592.213319
65.512200,591.187980
65.515102,590.280760
65.518005,589.258767
65.520907,587.559377
65.523810,585.864887
65.526712,585.124191
65.529615,584.111126
65.532517,583.099815
65.535420,581.790071
65.538322,581.118349
65.541224,580.112220
65.544127,579.442435
65.547029,580.189417
65.549932,580.524645
65.552834,580.524645
65.555737,581.018104
65.558639,582.025804
65.561542,582.362093
65.564444,583.035253
65.567347,583.824304
65.570249,584.836871
65.573152,585.512892
65.576054,585.666053
65.578957,586.343031
65.581859,587.359967
65.584762,588.038904
65.587664,588.580529
65.590567,589.260877
65.593469,590.623933
65.596372,592.273375
65.599274,593.643400
65.602177,595.016593
65.605079,595.768785
65.607982,596.457442
65.610884,597.837144
65.613787,599.220038
65.616689,600.034778
65.619592,600.728366
65.622494,600.381471
65.625397,601.028021
65.628299,601.028021
65.631202,600.680954
65.634104,601.028021
65.637007,600.983564
65.639909,600.983564
65.642812,600.636523
65.645714,600.521995
65.648617,600.868970
65.651519,600.175220
65.654422,600.175220
65.657324,599.022307
65.660227,597.639869
65.663129,596.949847
65.666032,595.432749
65.668934,594.401836
65.671837,593.030062
65.674739,591.319795
65.677642,589.960768
65.680544,589.279612
65.683447,588.599243
65.686349,586.826391
65.689252,585.472099
65.692154,584.458432
65.695057,583.736584
65.697959,582.389423
65.700862,581.717009
65.703764,581.381093
65.706667,581.354010
65.709569,581.354010
65.712472,582.026005
65.715374,582.302662
65.718277,582.975753
65.721179,583.312590
65.724082,583.649622
65.726984,583.956083
65.729887,584.968879
65.732789,586.322006
65.735692,586.658402
65.738594,587.675885
65.741497,588.015438
65.744399,589.375613
65.747302,590.196834
65.750204,591.903854
65.753107,593.273023
65.756009,593.730066
65.758912,594.759814
65.761814,595.447305
65.764717,597.514548
65.767619,599.153459
65.770522,599.846028
65.773424,600.192613
65.776327,600.584991
65.779229,600.584991
65.782132,600.238180
65.785034,600.810329
65.787937,600.463388
65.790839,600.810329
65.793741,601.504814
65.796644,601.086637
65.799546,600.392636
65.802449,601.086637
65.805351,600.938090
65.808254,600.244259
65.811156,599.551230
65.814059,599.551230
65.816961,598.905043
65.819864,598.213561
65.822766,597.868119
65.825669,596.626724
65.828571,595.249814
65.831474,594.219218
65.834376,593.190406
65.837279,592.151266
65.840181,592.493405
65.843084,591.467581
65.845986,590.633440
65.848889,589.610837
65.851791,589.951508
65.854694,589.951508
65.857596,589.062505
65.860499,589.743410
65.863401,589.743410
65.866304,589.487403
65.869206,589.487403
65.872109,590.509793
65.875011,590.806378
65.877914,592.173009
65.880816,592.173009
65.883719,592.515160
65.886621,593.253722
65.889524,592.911144
65.892426,593.596498
65.895329,593.809927
65.898231,593.809927
65.901134,595.183506
65.904036,595.527397
65.906939,595.369008
65.909841,595.025209
65.912744,594.681608
65.915646,594.270692
65.918549,594.270692
65.921451,594.957617
65.924354,595.301377
65.927256,595.316095
65.930159,595.316095
65.933061,594.628756
65.935964,593.912241
65.938866,594.942304
65.941769,595.286056
65.944671,595.630006
65.947574,595.004657
65.950476,595.004657
65.953379,595.004657
65.956281,594.977504
65.959184,595.665246
65.962086,595.321275
65.964989,596.353783
65.967891,594.586185
65.970794,594.586185
65.973696,594.242838
65.976599,594.455818
65.979501,594.112546
65.982404,593.769473
65.985306,595.362224
65.988209,595.706218
65.991111,596.050410
65.994014,595.018428
65.996916,594.539580
65.999819,593.510213
66.002721,594.883098
66.005624,595.288794
66.008526,0.000000
66.011429,0.000000
66.014331,0.000000
66.017234,0.000000
66.020136,0.000000
66.023039,0.000000
66.025941,0.000000
66.028844,0.000000
66.031746,0.000000
66.034649,0.000000
66.037551,0.000000
66.040454,0.000000
66.043356,0.000000
66.046259,0.000000
66.049161,0.000000
66.052063,0.000000
66.054966,0.000000
66.057868,789.625057
66.060771,790.081294
66.063673,790.537795
66.066576,789.831366
66.069478,789.375273
66.072381,788.919444
66.075283,787.910453
66.078186,787.000748
66.081088,786.092094
66.083991,785.184489
66.086893,784.499083
66.089796,783.593318
66.092698,782.688598
66.095601,781.584789
66.098503,780.682388
66.101406,780.231578
66.104308,779.781029
66.107211,778.878571
66.110113,777.979294
66.113016,777.979294
66.115918,777.926196
66.118821,777.926196
66.121723,777.926196
66.124626,778.375673
66.127528,779.005695
66.130431,779.906158
66.133333,780.807661
66.136236,781.348413
66.139138,782.251584
66.142041,783.608298
66.144943,784.967365
66.147846,786.633515
66.150748,787.542795
66.153651,787.542795
66.156553,787.998375
66.159456,789.365056
66.162358,790.734107
66.165261,791.741756
66.168163,792.199216
66.171066,792.656941
66.173968,793.573183
66.176871,794.247198
66.179773,795.165279
66.182676,795.165279
66.185578,795.285028
66.188481,796.664346
66.191383,798.046057
66.194286,798.968529
66.197188,799.501022
66.200091,799.501022
66.202993,799.039346
66.205896,798.198783
66.208798,796.816807
66.211701,796.356681
66.214603,795.896820
66.217506,795.824908
66.220408,795.365354
66.223311,794.447043
66.226213,793.502566
66.229116,792.586405
66.232018,791.671302
66.234921,790.300628
66.237823,788.634259
66.240726,787.268844
66.243628,785.905792
66.246531,784.065872
66.249433,782.256387
66.252336,780.902014
66.255238,780.094745
66.258141,779.194064
66.261043,778.294424
66.263946,777.395822
66.266848,776.496338
66.269751,775.599812
66.272653,775.151938
66.275556,774.660665
66.278458,775.556105
66.281361,776.004214
66.284263,776.452581
66.287166,776.677682
66.290068,777.126439
66.292971,778.024729
66.295873,778.641138
66.298776,779.541179
66.301678,780.442261
66.304580,781.344384
66.307483,783.391035
66.310385,785.203145
66.313288,787.474179
66.316190,788.307061
66.319093,789.218275
66.321995,789.674277
66.324898,791.043865
66.327800,791.307035
66.330703,791.764244
66.333605,792.679455
66.336508,793.435800
66.339410,793.894239
66.342313,794.352942
66.345215,795.103407
66.348118,795.562810
66.351020,795.562810
66.353923,795.562810
66.356825,795.338082
66.359728,794.878809
66.362630,794.878809
66.365533,794.498353
66.368435,794.039565
66.371338,793.581043
66.374240,792.664791
66.377143,792.176164
66.380045,790.804616
66.382948,789.435442
66.385850,788.035375
66.388753,787.125527
66.391655,785.762723
66.394558,784.855499
66.397460,783.621469
66.400363,783.621469
66.403265,783.168962
66.406168,782.722703
66.409070,782.722703
66.411973,782.722703
66.414875,783.174952
66.417778,783.476525
66.420680,783.929210
66.423583,784.382156
66.426485,784.993185
66.429388,784.993185
66.432290,785.446745
66.435193,786.134452
66.438095,786.588672
66.440998,787.043155
66.443900,787.043155
66.446803,787.840859
66.449705,788.751534
66.452608,789.207266
66.455510,789.879768
66.458413,789.879768
66.461315,790.336152
66.464218,790.336152
66.467120,790.395016
66.470023,790.395016
66.472925,790.395016
66.475828,790.690059
66.478730,790.690059
66.481633,790.690059
66.484535,790.690059
66.487438,790.300760
66.490340,790.757388
66.493243,790.300760
66.496145,790.049838
66.499048,789.593619
66.501950,789.137664
66.504853,788.226542
66.507755,787.038073
66.510658,786.129376
66.513560,787.947821
66.516463,785.012496
66.519365,781.393336
66.522268,788.193009
66.525170,786.380070
66.528073,783.206873
66.530975,781.850854
66.533878,787.743944
66.536780,781.928504
66.539683,784.190066
66.542585,784.190066
66.545488,756.413151
66.548390,758.600916
66.551293,757.287499
66.554195,756.413151
66.557098,754.547208
66.560000,754.547208
66.562902,754.111490
66.565805,753.975939
66.568707,753.975939
66.571610,753.975939
66.574512,753.540551
66.577415,753.593481
66.580317,753.593481
66.583220,753.593481
66.586122,753.270453
66.589025,753.270453
66.591927,752.835473
66.594830,752.835473
66.597732,752.881424
66.600635,752.881424
66.603537,752.881424
66.606440,752.628233
66.609342,753.063094
66.612245,753.063094
66.615147,752.665998
66.618050,752.665998
66.620952,752.231366
66.623855,752.231366
66.626757,752.392336
66.629660,752.392336
66.632562,752.392336
66.635465,752.394289
66.638367,752.829015
66.641270,752.394289
66.644172,752.394289
66.647075,752.297985
66.649977,752.297985
66.652880,752.297985
66.655782,752.254838
66.658685,752.254838
66.661587,752.254838
66.664490,752.254838
66.667392,752.443032
66.670295,752.443032
66.673197,752.877785
66.676100,752.654350
66.679002,752.654350
66.681905,752.654350
66.684807,752.654350
66.687710,752.569839
66.690612,752.135263
66.693515,752.135263
66.696417,752.063565
66.699320,752.063565
66.702222,751.195249
66.705125,751.487375
66.708027,751.053424
66.710930,750.619724
66.713832,750.619724
66.716735,749.844323
66.719637,748.978569
66.722540,751.578835
66.725442,746.374186
66.728345,742.075387
66.731247,739.508001
66.734150,737.375300
66.737052,742.518205
66.739955,743.376491
66.742857,740.804604
66.745760,755.016129
66.748662,755.016129
66.751565,765.113687
66.754467,763.347939
66.757370,654.028564
66.760272,654.784564
66.763175,658.958212
66.766077,661.934809
66.768980,663.849315
66.771882,663.849315
66.774785,665.000676
66.777687,665.942375
66.780590,666.327149
66.783492,666.327149
66.786395,666.125641
66.789297,666.510521
66.792200,666.510521
66.795102,666.357220
66.798005,666.357220
66.800907,666.357220
66.803810,666.357220
66.806712,666.852205
66.809615,666.852205
66.812517,666.852205
66.815420,666.635383
66.818322,666.635383
66.821224,667.020558
66.824127,667.020558
66.827029,667.085417
66.829932,667.085417
66.832834,667.085417
66.835737,667.164733
66.838639,667.164733
66.841542,667.164733
66.844444,667.164733
66.847347,667.273154
66.850249,667.658697
66.853152,667.273154
66.856054,667.283614
66.858957,667.283614
66.861859,667.283614
66.864762,667.283614
66.867664,667.380239
66.870567,667.380239
66.873469,667.380239
66.876372,667.379709
66.879274,667.379709
66.882177,667.379709
66.885079,667.531876
66.887982,667.531876
66.890884,667.146406
66.893787,667.146406
66.896689,667.155581
66.899592,667.155581
66.902494,667.155581
66.905397,667.242939
66.908299,667.242939
66.911202,667.628465
66.914104,667.242939
66.917007,667.219535
66.919909,667.219535
66.922812,667.219535
66.925714,667.202110
66.928617,667.202110
66.931519,667.202110
66.934422,667.202110
66.937324,667.048050
66.940227,667.433464
66.943129,667.433464
66.946032,667.336648
66.948934,667.336648
66.951837,667.722229
66.954739,667.336648
66.957642,667.188450
66.960544,667.573944
66.963447,668.345602
66.966349,667.296893
66.969252,667.296893
66.972154,666.911558
66.975057,667.492498
66.977959,667.492498
66.980862,666.721826
66.983764,665.952044
66.986667,666.266724
66.989569,667.036870
66.992472,667.036870
66.995374,667.311555
66.998277,666.926213
67.001179,667.697121
67.004082,667.697121
67.006984,597.956799
67.009887,597.611505
67.012789,597.611505
67.015692,597.698198
67.018594,597.698198
67.021497,597.698198
67.024399,597.353054
67.027302,596.974888
67.030204,595.941306
67.033107,594.909512
67.036009,595.395699
67.038912,594.708268
67.041814,594.021630
67.044717,592.993161
67.047619,592.732283
67.050522,592.390006
67.053424,591.706045
67.056327,590.895831
67.059229,590.554615
67.062132,589.872773
67.065034,589.187582
67.067937,588.507319
67.070839,587.488397
67.073741,586.471239
67.076644,584.328726
67.079546,584.666345
67.082449,584.328726
67.085351,583.409112
67.088254,583.746199
67.091156,584.083482
67.094059,584.420959
67.096961,583.100522
67.099864,583.100522
67.102766,583.774535
67.105669,585.320720
67.108571,585.997300
67.111474,586.335883
67.114376,587.352807
67.117279,588.127083
67.120181,588.466896
67.123084,589.147113
67.125986,590.429034
67.128889,591.453056
67.131791,592.478855
67.134694,593.506432
67.137596,594.346669
67.140499,595.721489
67.143401,597.099490
67.146304,598.455179
67.149206,599.146941
67.152109,599.839503
67.155011,600.914117
67.157914,601.261319
67.160816,600.914117
67.163719,601.608722
67.166621,602.023396
67.169524,602.023396
67.172426,602.023396
67.175329,601.954253
67.178231,601.954253
67.181134,602.302056
67.184036,602.302056
67.186939,602.055421
67.189841,601.707760
67.192744,600.665983
67.195646,599.681303
67.198549,598.988924
67.201451,597.606564
67.204354,595.539002
67.207256,593.864916
67.210159,592.494380
67.213061,592.494380
67.215964,591.290260
67.218866,590.266519
67.221769,589.244551
67.224671,587.545201
67.227574,586.253696
67.230476,586.592427
67.233379,586.253696
67.236281,585.907377
67.239184,585.907377
67.242086,585.230901
67.244989,585.230901
67.247891,585.358520
67.250794,585.696734
67.253696,586.712549
67.256599,586.928133
67.259501,586.928133
67.262404,587.946084
67.265306,588.706533
67.268209,589.046681
67.271111,590.409242
67.274014,590.750374
67.276916,591.403573
67.279819,592.429285
67.282721,592.429285
67.285624,592.713735
67.288526,593.741720
67.291429,594.084778
67.294331,594.428034
67.297234,595.055844
67.300136,596.087891
67.303039,596.776917
67.305941,596.703294
67.308844,597.048063
67.311746,597.393031
67.314649,597.393031
67.317551,597.257607
67.320454,596.912717
67.323356,596.912717
67.326259,596.718423
67.329161,597.063200
67.332063,597.063200
67.334966,597.063200
67.337868,596.887575
67.340771,596.887575
67.343673,596.887575
67.346576,597.012733
67.349478,596.667984
67.352381,596.667984
67.355283,596.392163
67.358186,596.047773
67.361088,595.703582
67.363991,595.359589
67.366893,594.599050
67.369796,593.912538
67.372698,593.226820
67.375601,592.565008
67.378503,592.565008
67.381406,592.907386
67.384308,592.907386
67.387211,592.940333
67.390113,593.282928
67.393016,592.940333
67.395918,592.084421
67.398821,591.059306
67.401723,590.035965
67.404626,588.674266
67.407528,591.348522
67.410431,593.401536
67.413333,593.058872
67.416236,594.664251
67.419138,590.897823
67.422041,592.606869
67.424943,594.320859
67.427846,593.038739
67.430748,0.000000
67.433651,590.304641
67.436553,521.697665
67.439456,521.095324
67.442358,523.206565
67.445261,525.975906
67.448163,526.888143
67.451066,526.279809
67.453968,526.583888
67.456871,526.533932
67.459773,526.533932
67.462676,526.533932
67.465578,526.780155
67.468481,526.475963
67.471383,526.475963
67.474286,526.475963
67.477188,526.156871
67.480091,526.460879
67.482993,526.156871
67.485896,526.185160
67.488798,526.489185
67.491701,526.793385
67.494603,526.793385
67.497506,526.521342
67.500408,526.521342
67.503311,526.825561
67.506213,526.572654
67.509116,526.572654
67.512018,526.268581
67.514921,526.572654
67.517823,526.624090
67.520726,526.319988
67.523628,526.319988
67.526531,526.271475
67.529433,526.575549
67.532336,526.879799
67.535238,526.635590
67.538141,526.635590
67.541043,526.635590
67.543946,526.635590
67.546848,526.928417
67.549751,526.928417
67.552653,526.624139
67.555556,526.796238
67.558458,526.796238
67.561361,526.796238
67.564263,527.100615
67.567166,526.820006
67.570068,526.820006
67.572971,526.820006
67.575873,526.765012
67.578776,526.765012
67.581678,526.765012
67.584580,526.765012
67.587483,526.336416
67.590385,526.336416
67.593288,526.336416
67.596190,526.148785
67.599093,525.844957
67.601995,525.237828
67.604898,524.631400
67.607800,524.320045
67.610703,523.110007
67.613605,520.097115
67.616508,518.883346
67.619410,517.984968
67.622313,519.183151
67.625215,517.187408
67.628118,517.187408
67.631020,521.386712
67.633923,525.316591
67.636825,524.231000
67.639728,525.140211
67.642630,522.417298
67.645533,492.677072
67.648435,485.333238
67.651338,489.556600
67.654240,488.708997
67.657143,493.109186
67.660045,496.252302
67.662948,498.838839
67.665850,499.914214
67.668753,499.048679
67.671655,499.337024
67.674558,499.625536
67.677460,499.582474
67.680363,499.005667
67.683265,498.717513
67.686168,498.701861
67.689070,498.990005
67.691973,498.701861
67.694875,498.701861
67.697778,498.615848
67.700680,498.327919
67.703583,498.615848
67.706485,498.661914
67.709388,498.661914
67.712290,498.661914
67.715193,498.617369
67.718095,498.905465
67.720998,498.905465
67.723900,498.905465
67.726803,499.012249
67.729705,499.012249
67.732608,499.012249
67.735510,499.087099
67.738413,499.087099
67.741315,499.087099
67.744218,499.087099
67.747120,499.261117
67.750023,499.261117
67.752925,498.972816
67.755828,498.811831
67.758730,498.811831
67.761633,499.100039
67.764535,498.811831
67.767438,498.774353
67.770340,498.774353
67.773243,498.774353
67.776145,498.720058
67.779048,498.720058
67.781950,498.720058
67.784853,499.008213
67.787755,498.829040
67.790658,498.829040
67.793560,498.829040
67.796463,498.685533
67.799365,498.685533
67.802268,498.973668
67.805170,498.746811
67.808073,498.746811
67.810975,498.746811
67.813878,499.034982
67.816780,499.105909
67.819683,499.105909
67.822585,499.394288
67.825488,499.238870
67.828390,499.238870
67.831293,499.238870
67.834195,499.238870
67.837098,498.965174
67.840000,498.389079
67.842902,498.389079
67.845805,498.055202
67.848707,496.905779
67.851610,496.045452
67.854512,496.618838
67.857415,497.800851
67.860317,499.529091
67.863220,500.973873
67.866122,497.182605
67.869025,492.324370
67.871927,492.608830
67.874830,488.077131
67.877732,490.761536
67.880635,495.318160
67.883537,496.463911
67.886440,497.325284
67.889342,498.475678
67.892245,499.628732
67.895147,499.990100
67.898050,498.836211
67.900952,498.260265
67.903855,498.260265
67.906757,497.850510
67.909660,497.275703
67.912562,496.988548
67.915465,496.326891
67.918367,495.467566
67.921270,494.609730
67.924172,494.038664
67.927075,493.210533
67.929977,492.925725
67.932880,492.356604
67.935782,492.548621
67.938685,491.979935
67.941587,491.411905
67.944490,490.844532
67.947392,491.113134
67.950295,491.113134
67.953197,490.829538
67.956100,490.445811
67.959002,490.729186
67.961905,491.296426
67.964807,491.296426
67.967710,491.405694
67.970612,491.973716
67.973515,492.257973
67.976417,492.964504
67.979320,493.534328
67.982222,493.819487
67.985125,494.333540
67.988027,494.904946
67.990930,495.477013
67.993832,495.477013
67.996735,496.800223
67.999637,497.949402
68.002540,499.101240
68.005442,500.094854
68.008345,499.517455
68.011247,499.806071
68.014150,500.094854
68.017052,500.551808
68.019955,501.419950
68.022857,501.999548
68.025760,502.536376
68.028662,503.117264
68.031565,503.407960
68.034467,503.117264
68.037370,502.786558
68.040272,501.916049
68.043175,501.336548
68.046077,501.136131
68.048980,500.557530
68.051882,500.268480
68.054785,499.979597
68.057687,499.685460
68.060590,498.532274
68.063492,497.669131
68.066395,496.627031
68.069297,496.053636
68.072200,494.623044
68.075102,493.816026
68.078005,492.676385
68.080907,492.961049
68.083810,492.391887
68.086712,491.640753
68.089615,490.789543
68.092517,490.789543
68.095420,491.144401
68.098322,490.860787
68.101224,490.860787
68.104127,490.577337
68.107029,489.887474
68.109932,490.170526
68.112834,490.170526
68.115737,490.791779
68.118639,490.791779
68.121542,491.359091
68.124444,492.211290
68.127347,492.760443
68.130249,493.045155
68.133152,493.330031
68.136054,493.592229
68.138957,494.162779
68.141859,494.733988
68.144762,495.305857
68.147664,496.160443
68.150567,497.308143
68.153469,498.170659
68.156372,498.749257
68.159274,499.325768
68.162177,499.614273
68.165079,499.969846
68.167982,500.547768
68.170884,501.126358
68.173787,501.126358
68.176689,500.982613
68.179592,500.693318
68.182494,500.982613
68.185397,501.470130
68.188299,501.470130
68.191202,501.759874
68.194104,501.180553
68.197007,500.793279
68.199909,500.793279
68.202812,500.793279
68.205714,500.805675
68.208617,500.227456
68.211519,499.649904
68.214422,499.361379
68.217324,498.821636
68.220227,497.957993
68.223129,497.670444
68.226032,497.746353
68.228934,497.458926
68.231837,496.884571
68.234739,496.597642
68.237642,496.106873
68.240544,495.820393
68.243447,495.247930
68.246349,494.897017
68.249252,494.897017
68.252154,495.182963
68.255057,495.117125
68.257959,494.831217
68.260862,493.974482
68.263764,492.834476
68.266667,492.063090
68.269569,490.077519
68.272472,490.644006
68.275374,493.166228
68.278277,494.307001
68.281179,494.592607
68.284082,497.170493
68.286984,496.414408
68.289887,496.127751
68.292789,496.701231
68.295692,496.532842
68.298594,497.681403
68.301497,497.106791
68.304399,496.246116
68.307302,437.558082
68.310204,439.584709
68.313107,440.601540
68.316009,440.575878
68.318912,441.340000
68.321814,441.850150
68.324717,442.105447
68.327619,441.865348
68.330522,442.376106
68.333424,442.631706
68.336327,442.648149
68.339229,442.648149
68.342132,443.159812
68.345034,443.038539
68.347937,443.294522
68.350839,443.550653
68.353741,443.806932
68.356644,443.861254
68.359546,443.604943
68.362449,443.604943
68.365351,443.606248
68.368254,443.606248
68.371156,443.862559
68.374059,443.606248
68.376961,443.584078
68.379864,443.584078
68.382766,443.584078
68.385669,443.524759
68.388571,443.524759
68.391474,443.268643
68.394376,443.524759
68.397279,443.569454
68.400181,443.569454
68.403084,443.569454
68.405986,443.590682
68.408889,443.334528
68.411791,443.078522
68.414694,443.334528
68.417596,443.609929
68.420499,443.353764
68.423401,443.353764
68.426304,443.266894
68.429206,443.266894
68.432109,443.523009
68.435011,443.592697
68.437914,443.592697
68.440816,443.592697
68.443719,443.592697
68.446621,443.376403
68.449524,443.376403
68.452426,443.376403
68.455329,442.820221
68.458231,443.076077
68.461134,442.564511
68.464036,443.588235
68.466939,444.236769
68.469841,443.723863
68.472744,442.955614
68.475646,443.279735
68.478549,444.561828
68.481451,444.561828
68.484354,442.001340
68.487256,444.477578
68.490159,443.451802
68.493061,443.964394
68.495964,387.235181
68.498866,387.235181
68.501769,387.235181
68.504671,387.235181
68.507574,389.318530
68.510476,389.318530
68.513379,392.933276
68.516281,394.741671
68.519184,394.969748
68.522086,395.654772
68.524989,395.426299
68.527891,395.746835
68.530794,395.975493
68.533696,396.204284
68.536599,395.555351
68.539501,396.012579
68.542404,396.012579
68.545306,395.713690
68.548209,395.713690
68.551111,395.942330
68.554014,395.713690
68.556916,395.445699
68.559819,395.445699
68.562721,395.445699
68.565624,395.396052
68.568526,395.396052
68.571429,395.396052
68.574331,395.396052
68.577234,395.353143
68.580136,395.353143
68.583039,395.581574
68.585941,395.539331
68.588844,395.310924
68.591746,395.310924
68.594649,395.310924
68.597551,395.373671
68.600454,395.145360
68.603356,395.373671
68.606259,395.545448
68.609161,395.317038
68.612063,395.088760
68.614966,395.545448
68.617868,395.541402
68.620771,395.084718
68.623673,395.084718
68.626576,395.336731
68.629478,395.108442
68.632381,395.336731
68.635283,395.583444
68.638186,395.583444
68.641088,395.583444
68.643991,395.812008
68.646893,395.929825
68.649796,395.929825
68.652698,396.158590
68.655601,396.277608
68.658503,396.277608
68.661406,396.048775
68.664308,395.820075
68.667211,395.906945
68.670113,395.906945
68.673016,395.906945
68.675918,396.022502
68.678821,396.022502
68.681723,395.565263
68.684626,395.565263
68.687528,396.098658
68.690431,396.327519
68.693333,396.098658
68.696236,394.132334
68.699138,394.360060
68.702041,395.729179
68.704943,395.044026
68.707846,395.756139
68.710748,395.984803
68.713651,396.900780
68.716553,396.177970
68.719456,395.035414
68.722358,394.807299
68.725261,393.497367
68.728163,392.362542
68.731066,395.319919
68.733968,394.179837
68.736871,0.000000
68.739773,392.165876
68.742676,390.809085
68.745578,392.124576
68.748481,389.415973
68.751383,384.943150
68.754286,388.517270
68.757188,381.158055
68.760091,381.158055
68.762993,381.158055
68.765896,379.686718
68.768798,377.936241
68.771701,376.628680
68.774603,377.064030
68.777506,376.896682
68.780408,375.375830
68.783311,375.375830
68.786213,372.500059
68.789116,371.640394
68.792018,370.996948
68.794921,370.568603
68.797823,370.265787
68.800726,370.265787
68.803628,369.624721
68.806531,369.403596
68.809433,369.190282
68.812336,368.977091
68.815238,368.328146
68.818141,368.115453
68.821043,368.115453
68.823946,367.690435
68.826848,368.138461
68.829751,368.351167
68.832653,369.416545
68.835556,370.009005
68.838458,370.436703
68.841361,371.293583
68.844263,371.293583
68.847166,371.299698
68.850068,371.943669
68.852971,372.588757
68.855873,373.003980
68.858776,374.082815
68.861678,375.815445
68.864580,375.815445
68.867483,377.032795
68.870385,377.904933
68.873288,378.341758
68.876190,378.383036
68.879093,378.820413
68.881995,379.258297
68.884898,0.000000
68.887800,379.057923
68.890703,379.715350
68.893605,380.813596
68.896508,381.524367
68.899410,381.744808
68.902313,381.304053
68.905215,381.877339
68.908118,381.436431
68.911020,381.877339
68.913923,381.877339
68.916825,381.199538
68.919728,380.759413
68.922630,380.539542
68.925533,379.795055
68.928435,380.014497
68.931338,379.575740
68.934240,379.137490
68.937143,378.284745
68.940045,377.629795
68.942948,376.975979
68.945850,376.633740
68.948753,375.330686
68.951655,374.248252
68.954558,374.248252
68.957460,372.726147
68.960363,373.156986
68.963265,372.510914
68.966168,371.611609
68.969070,370.968213
68.971973,370.968213
68.974875,370.112084
68.977778,371.053310
68.980680,370.624900
68.983583,370.410880
68.986485,368.472232
68.989388,369.111299
68.992290,370.178876
68.995193,371.251048
68.998095,371.465553
69.000998,371.680182
69.003900,370.822410
69.006803,370.599422
69.009705,370.813550
69.012608,371.671302
69.015510,372.366592
69.018413,372.581742
69.021315,373.443583
69.024218,374.091273
69.027120,374.647215
69.030023,375.296992
69.032925,377.907389
69.035828,376.853264
69.038730,377.288874
69.041633,377.943233
69.044535,377.943233
69.047438,378.386549
69.050340,377.731423
69.053243,377.949673
69.056145,377.962528
69.059048,377.962528
69.061950,378.180911
69.064853,378.836817
69.067755,379.452666
69.070658,379.671910
69.073560,379.452666
69.076463,379.181759
69.079365,379.400847
69.082268,378.962799
69.085170,379.152591
69.088073,379.590858
69.090975,379.590858
69.093878,379.371661
69.096780,379.078682
69.099683,379.078682
69.102585,378.641006
69.105488,377.866032
69.108390,377.429756
69.111293,377.211807
69.114195,376.993983
69.117098,376.683458
69.120000,376.465940
69.122902,375.814140
69.125805,375.271255
69.128707,375.054552
69.131610,374.621522
69.134512,374.405195
69.137415,374.929061
69.140317,374.712556
69.143220,374.929061
69.146122,375.015608
69.149025,374.799053
69.151927,375.232288
69.154830,374.799053
69.157732,375.125649
69.160635,375.776256
69.163537,376.210620
69.166440,376.086153
69.169342,376.303452
69.172245,376.738426
69.175147,377.286344
69.178050,377.286344
69.180952,377.068478
69.183855,377.068478
69.186757,376.992871
69.189660,376.992871
69.192562,377.210694
69.195465,377.293316
69.198367,377.511312
69.201270,377.511312
69.204172,377.075446
69.207075,376.999891
69.209977,377.435670
69.212880,378.308739
69.215782,378.687047
69.218685,378.249823
69.221587,377.376889
69.224490,376.941178
69.227392,376.687437
69.230295,376.252522
69.233197,376.035253
69.236100,375.301044
69.239002,374.867730
69.241905,374.434915
69.244807,377.693242
69.247710,292.787606
69.250612,0.000000
69.253515,292.449559
69.256417,294.148205
69.259320,294.658367
69.262222,295.339959
69.265125,294.592085
69.268027,294.082038
69.270930,293.912219
69.273832,293.403349
69.276735,294.115393
69.279637,295.477640
69.282540,294.966059
69.285442,295.400752
69.288345,295.230171
69.291247,294.719019
69.294150,294.719019
69.297052,294.762079
69.299955,294.591867
69.302857,294.421753
69.305760,294.668362
69.308662,295.179426
69.311565,295.179426
69.314467,295.008972
69.317370,295.438390
69.320272,294.926878
69.323175,294.756571
69.326077,295.243390
69.328980,295.072900
69.331882,295.584666
69.334785,295.584666
69.337687,295.315230
69.340590,295.485860
69.343492,295.485860
69.346395,295.429033
69.349297,295.599729
69.352200,295.429033
69.355102,295.326374
69.358005,295.155836
69.360907,295.155836
69.363810,295.155836
69.366712,295.185197
69.369615,295.355752
69.372517,295.185197
69.375420,295.356757
69.378322,295.698164
69.381224,295.356757
69.384127,294.845386
69.387029,295.259700
69.389932,295.259700
69.392834,295.430298
69.395737,0.000000
69.398639,0.000000
69.401542,294.865932
69.404444,295.036302
69.407347,295.797052
69.410249,295.455531
69.413152,295.284919
69.416054,295.157612
69.418957,295.157612
69.421859,295.157612
69.424762,294.816830
69.427664,295.110151
69.430567,295.280663
69.433469,294.939738
69.436372,295.026079
69.439274,294.515280
69.442177,295.196542
69.445079,294.860945
69.447982,294.690676
69.450884,294.860945
69.453787,295.372344
69.456689,0.000000
69.459592,0.000000
69.462494,294.937536
69.465397,295.156517
69.468299,295.327055
69.471202,294.815736
69.474104,294.645492
69.477007,294.832897
69.479909,295.003248
69.482812,295.344246
69.485714,295.142387
69.488617,294.631387
69.491519,294.461250
69.494422,294.971955
69.497324,294.733464
69.500227,295.074150
69.503129,295.244640
69.506032,295.092466
69.508934,295.092466
69.511837,295.092466
69.514739,295.092466
69.517642,294.866500
69.520544,294.696227
69.523447,294.866500
69.526349,295.246677
69.529252,295.076185
69.532154,294.905792
69.535057,294.896922
69.537959,294.896922
69.540862,295.067310
69.543764,295.237797
69.546667,295.081737
69.549569,295.081737
69.552472,294.911340
69.555374,294.813936
69.558277,295.154715
69.561179,295.154715
69.564082,294.813936
69.566984,294.750395
69.569887,295.261601
69.572789,295.602898
69.575692,295.567106
69.578594,295.225850
69.581497,295.396429
69.584399,295.225850
69.587302,294.789844
69.590204,294.789844
69.593107,294.960170
69.596009,295.019489
69.598912,294.849128
69.601814,294.849128
69.604717,295.019489
69.607619,294.663234
69.610522,294.663234
69.613424,295.003839
69.616327,295.084690
69.619229,294.914292
69.622132,294.914292
69.625034,294.995400
69.627937,294.654804
69.630839,294.825053
69.633741,295.165845
69.636644,295.310089
69.639546,295.822266
69.642449,295.822266
69.645351,296.760024
69.648254,0.000000
69.651156,0.000000
69.654059,0.000000
69.656961,0.000000
69.659864,0.000000
69.662766,0.000000
69.665669,0.000000
69.668571,0.000000
69.671474,0.000000
69.674376,0.000000
69.677279,0.000000
69.680181,0.000000
69.683084,0.000000
69.685986,0.000000
69.688889,0.000000
69.691791,0.000000
69.694694,0.000000
69.697596,0.000000
69.700499,0.000000
69.703401,294.147331
69.706304,491.100128
69.709206,491.100128
69.712109,490.533115
69.715011,490.287417
69.717914,490.570700
69.720816,491.421531
69.723719,491.989572
69.726621,493.352967
69.729524,495.065765
69.732426,495.638018
69.735329,496.024943
69.738231,496.024943
69.741134,495.738511
69.744036,495.452244
69.746939,494.641712
69.749841,494.356078
69.752744,493.500166
69.755646,493.454353
69.758549,493.454353
69.761451,493.739465
69.764354,493.169404
69.767256,493.160976
69.770159,493.160976
69.773061,493.445919
69.775964,493.350321
69.778866,493.350321
69.781769,493.635373
69.784671,493.920591
69.787574,493.965958
69.790476,494.251367
69.793379,494.536940
69.796281,494.905471
69.799184,495.191422
69.802086,495.191422
69.804989,495.763820
69.807891,496.269569
69.810794,497.130284
69.813696,497.417521
69.816599,497.583978
69.819501,497.583978
69.822404,498.159142
69.825306,499.160182
69.828209,500.025910
69.831111,500.314820
69.834014,500.314820
69.836916,500.514846
69.839819,500.804038
69.842721,500.804038
69.845624,501.361877
69.848526,501.651558
69.851429,501.941407
69.854331,502.811959
69.857234,502.767904
69.860136,502.767904
69.863039,502.767904
69.865941,502.440787
69.868844,502.150649
69.871746,502.150649
69.874649,501.860679
69.877551,501.881427
69.880454,501.591613
69.883356,501.301966
69.886259,500.904193
69.889161,500.614943
69.892063,500.614943
69.894966,500.036943
69.897868,498.570846
69.900771,497.420233
69.903673,496.845922
69.906576,496.863664
69.909478,494.858722
69.912381,495.430736
69.915283,496.127534
69.918186,496.414191
69.921088,495.554716
69.923991,496.414191
69.926893,495.903594
69.929796,494.473435
69.932698,495.045003
69.935601,496.108064
69.938503,496.108064
69.941406,496.108064
69.944308,496.394710
69.947211,496.806294
69.950113,495.946139
69.953016,496.806294
69.955918,498.185885
69.958821,497.610691
69.961723,497.610691
69.964626,497.610691
69.967528,498.558078
69.970431,497.407494
69.973333,497.407494
69.976236,498.183392
69.979138,498.471238
69.982041,496.746658
69.984943,497.033673
69.987846,499.152186
69.990748,498.575876
69.993651,497.712658
69.996553,497.684259
69.999456,496.248964
70.002358,497.971816
70.005261,496.380795
70.008163,498.391903
70.011066,500.700292
70.013968,498.391903
70.016871,499.016014
70.019773,498.727855
70.022676,497.289550
70.025578,497.117558
70.028481,496.830494
70.031383,0.000000
70.034286,0.000000
70.037188,0.000000
70.040091,0.000000
70.042993,0.000000
70.045896,0.000000
70.048798,0.000000
70.051701,0.000000
70.054603,0.000000
70.057506,0.000000
70.060408,0.000000
70.063311,0.000000
70.066213,0.000000
70.069116,0.000000
70.072018,0.000000
70.074921,0.000000
70.077823,0.000000
70.080726,0.000000
70.083628,0.000000
70.086531,0.000000
70.089433,0.000000
70.092336,0.000000
70.095238,0.000000
70.098141,0.000000
70.101043,0.000000
70.103946,0.000000
70.106848,0.000000
70.109751,0.000000
70.112653,0.000000
70.115556,0.000000
70.118458,0.000000
70.121361,498.700260
70.124263,497.836826
70.127166,497.797474
70.130068,498.372885
70.132971,500.681185
70.135873,516.810412
70.138776,517.109020
70.141678,520.705798
70.144580,520.405113
70.147483,520.199058
70.150385,520.199058
70.153288,520.199058
70.156190,520.001883
70.159093,520.001883
70.161995,520.302334
70.164898,522.108693
70.167800,522.832955
70.170703,524.042352
70.173605,524.345138
70.176508,524.674294
70.179410,524.674294
70.182313,524.371318
70.185215,523.884865
70.188118,523.582344
70.191020,522.977827
70.193923,522.374009
70.196825,521.897425
70.199728,521.294854
70.202630,520.993829
70.205533,520.499168
70.208435,520.198603
70.211338,519.898211
70.214240,519.898211
70.217143,519.621532
70.220045,519.921764
70.222948,519.921764
70.225850,519.911948
70.228753,520.512921
70.231655,521.415683
70.234558,521.716952
70.237460,521.913549
70.240363,522.516835
70.243265,523.120819
70.246168,523.941632
70.249070,524.244360
70.251973,524.547262
70.254875,525.153593
70.257778,525.978437
70.260680,527.195110
70.263583,527.195110
70.266485,527.766368
70.269388,528.071306
70.272290,528.376420
70.275193,529.934683
70.278095,531.160508
70.280998,532.389168
70.283900,533.928991
70.286803,533.695003
70.289705,533.695003
70.292608,533.078811
70.295510,532.217009
70.298413,532.217009
70.301315,532.217009
70.304218,531.909678
70.307120,530.889129
70.310023,530.276176
70.312925,529.052392
70.315828,528.651312
70.318730,528.346040
70.321633,527.736023
70.324535,527.736023
70.327438,526.941930
70.330340,526.333535
70.333243,525.725841
70.336145,525.187061
70.339048,524.580692
70.341950,523.672450
70.344853,523.067829
70.347755,522.391159
70.350658,522.089501
70.353560,521.486708
70.356463,521.213786
70.359365,520.912808
70.362268,521.213786
70.365170,520.868856
70.368073,521.169808
70.370975,521.470935
70.373878,521.169808
70.376780,521.173356
70.379683,521.173356
70.382585,522.077263
70.385488,522.795653
70.388390,522.795653
70.391293,523.399959
70.394195,523.097719
70.397098,523.287364
70.400000,522.985189
70.402902,523.892239
70.405805,524.428943
70.408707,523.823449
70.411610,524.428943
70.414512,525.035137
70.417415,526.532836
70.420317,526.228787
70.423220,526.228787
70.426122,526.379523
70.429025,526.379523
70.431927,526.379523
70.434830,526.683660
70.437732,527.028135
70.440635,527.332646
70.443537,527.028135
70.446440,527.268774
70.449342,527.268774
70.452245,527.268774
70.455147,526.817551
70.458050,526.817551
70.460952,526.817551
70.463855,526.209299
70.466757,525.908579
70.469660,525.301376
70.472562,524.998038
70.475465,524.386578
70.478367,524.386578
70.481270,524.689563
70.484172,524.992723
70.487075,525.228859
70.489977,524.925562
70.492880,524.925562
70.495782,525.568717
70.498685,525.568717
70.501587,524.961907
70.504490,523.447945
70.507392,523.241889
70.510295,523.544213
70.513197,524.149384
70.516100,523.908836
70.519002,523.606302
70.521905,523.303942
70.524807,522.699747
70.527710,522.878303
70.530612,522.878303
70.533515,523.180417
70.536417,0.000000
70.539320,0.000000
70.542222,0.000000
70.545125,0.000000
70.548027,0.000000
70.550930,0.000000
70.553832,0.000000
70.556735,0.000000
70.559637,0.000000
70.562540,0.000000
70.565442,0.000000
70.568345,0.000000
70.571247,0.000000
70.574150,0.000000
70.577052,0.000000
70.579955,0.000000
70.582857,0.000000
70.585760,0.000000
70.588662,0.000000
70.591565,0.000000
70.594467,0.000000
70.597370,0.000000
70.600272,0.000000
70.603175,0.000000
70.606077,0.000000
70.608980,0.000000
70.611882,0.000000
70.614785,0.000000
70.617687,0.000000
70.620590,0.000000
70.623492,0.000000
70.626395,0.000000
70.629297,0.000000
70.632200,0.000000
70.635102,0.000000
70.638005,0.000000
70.640907,0.000000
70.643810,0.000000
70.646712,0.000000
70.649615,0.000000
70.652517,0.000000
70.655420,0.000000
70.658322,0.000000
70.661224,0.000000
70.664127,0.000000
70.667029,591.577468
70.669932,591.235858
70.672834,590.212211
70.675737,589.627035
70.678639,589.286551
70.681542,588.606174
70.684444,587.926582
70.687347,586.674260
70.690249,585.996898
70.693152,585.658511
70.696054,585.147614
70.698957,584.134509
70.701859,583.460080
70.704762,582.786430
70.707664,583.115303
70.710567,583.452221
70.713469,583.789334
70.716372,583.821549
70.719274,583.821549
70.722177,583.821549
70.725079,583.892487
70.727982,584.905173
70.730884,585.581273
70.733787,585.919615
70.736689,586.802616
70.739592,586.802616
70.742494,587.480908
70.745397,588.598277
70.748299,589.278646
70.751202,589.959800
70.754104,590.641742
70.757007,591.023013
70.759909,591.706184
70.762812,592.732422
70.765714,594.558697
70.768617,594.902227
70.771519,595.245955
70.774422,595.934008
70.777324,597.309760
70.780227,598.345716
70.783129,598.691434
70.786032,599.541072
70.788934,599.887481
70.791837,599.541072
70.794739,599.541072
70.797642,599.873736
70.800544,599.873736
70.803447,600.220337
70.806349,599.979986
70.809252,599.633524
70.812154,599.287262
70.815057,598.482726
70.817959,597.791731
70.820862,597.101534
70.823764,595.723529
70.826667,594.339511
70.829569,593.653300
70.832472,593.310491
70.835374,592.005447
70.838277,591.321931
70.841179,590.639203
70.844082,589.616590
70.846984,589.341178
70.849887,589.000860
70.852789,588.320812
70.855692,588.312892
70.858594,587.633639
70.861497,587.633639
70.864399,587.633639
70.867302,587.705925
70.870204,587.705925
70.873107,588.385262
70.876009,588.744104
70.878912,589.084274
70.881814,589.084274
70.884717,589.765204
70.887619,590.091691
70.890522,590.091691
70.893424,590.773785
70.896327,591.349754
70.899229,591.691429
70.902132,592.033303
70.905034,592.648947
70.907937,593.333998
70.910839,592.991374
70.913741,593.333998
70.916644,593.859356
70.919546,593.859356
70.922449,594.202481
70.925351,594.544971
70.928254,594.544971
70.931156,594.888493
70.934059,595.232213
70.936961,594.875941
70.939864,594.875941
70.942766,594.875941
70.945669,594.798795
70.948571,594.798795
70.951474,594.798795
70.954376,594.798795
70.957279,594.923582
70.960181,594.923582
70.963084,594.580040
70.965986,594.303570
70.968889,594.646953
70.971791,594.303570
70.974694,594.646953
70.977596,594.223030
70.980499,593.879893
70.983401,593.879893
70.986304,593.893643
70.989206,593.893643
70.992109,593.550695
70.995011,592.797381
70.997914,592.797381
71.000816,593.139893
71.003719,592.797381
71.006621,592.637987
71.009524,592.637987
71.012426,591.953740
71.015329,592.057448
71.018231,593.084294
71.021134,593.769848
71.024036,594.456194
71.026939,594.124083
71.029841,593.781003
71.032744,592.752950
71.035646,593.126224
71.038549,593.468927
71.041451,594.154925
71.044354,594.154925
71.047256,594.789022
71.050159,593.073682
71.053061,592.731209
71.055964,593.038661
71.058866,593.038661
71.061769,592.696208
71.064671,593.724162
71.067574,593.370988
71.070476,0.000000
71.073379,0.000000
71.076281,790.338021
71.079184,789.881636
71.082086,788.969656
71.084989,788.514061
71.087891,788.119293
71.090794,787.664189
71.093696,788.119293
71.096599,787.884179
71.099501,787.884179
71.102404,787.884179
71.105306,787.417973
71.108209,786.963274
71.111111,786.963274
71.114014,786.963274
71.116916,786.786967
71.119819,786.332632
71.122721,785.424750
71.125624,785.056769
71.128526,785.056769
71.131429,784.603433
71.134331,784.150359
71.137234,782.971980
71.140136,782.519848
71.143039,782.067977
71.145941,781.386970
71.148844,780.935754
71.151746,780.484798
71.154649,780.034102
71.157551,779.631438
71.160454,779.631438
71.163356,779.631438
71.166259,779.423029
71.169161,779.873372
71.172063,780.323975
71.174966,781.225961
71.177868,781.880792
71.180771,782.784579
71.183673,782.784579
71.186576,784.836616
71.189478,785.743819
71.192381,785.743819
71.195283,785.948475
71.198186,786.856963
71.201088,787.311601
71.203991,787.766501
71.206893,788.411342
71.209796,789.322677
71.212698,790.235065
71.215601,791.667091
71.218503,793.040135
71.221406,793.498345
71.224308,794.874565
71.227211,795.291626
71.230113,796.210913
71.233016,796.210913
71.235918,796.292259
71.238821,795.372877
71.241723,794.913584
71.244626,794.913584
71.247528,794.974606
71.250431,794.056745
71.253333,793.598213
71.256236,792.944270
71.259138,792.028753
71.262041,791.114294
71.264943,790.657461
71.267846,790.393724
71.270748,789.937306
71.273651,789.025262
71.276553,787.805988
71.279456,786.896405
71.282358,785.533998
71.285261,784.092741
71.288163,783.639962
71.291066,782.735188
71.293968,782.283193
71.296871,781.756070
71.299773,780.853471
71.302676,780.853471
71.305578,780.599040
71.308481,780.599040
71.311383,780.599040
71.314286,780.599040
71.317188,780.410370
71.320091,780.861283
71.322993,781.312456
71.325896,782.333791
71.328798,782.333791
71.331701,783.238101
71.334603,783.690648
71.337506,784.445845
71.340408,784.899090
71.343311,785.352596
71.346213,786.153683
71.349116,786.607914
71.352018,787.062408
71.354921,787.517164
71.357823,788.254720
71.360726,788.254720
71.363628,788.710165
71.366531,789.148950
71.369433,789.148950
71.372336,789.148950
71.375238,788.839223
71.378141,789.295006
71.381043,789.295006
71.383946,789.295006
71.386848,789.225425
71.389751,789.681432
71.392653,790.137701
71.395556,789.743391
71.398458,789.743391
71.401361,789.743391
71.404263,789.743391
71.407166,789.494871
71.410068,789.494871
71.412971,789.494871
71.415873,789.267490
71.418776,788.811722
71.421678,788.811722
71.424580,788.356218
71.427483,788.536734
71.430385,788.536734
71.433288,788.536734
71.436190,788.318720
71.439093,788.318720
71.441995,788.318720
71.444898,788.318720
71.447800,787.725497
71.450703,788.180636
71.453605,788.180636
71.456508,788.212326
71.459410,788.667747
71.462313,788.667747
71.465215,788.651244
71.468118,788.651244
71.471020,789.106919
71.473923,789.106919
71.476825,788.642738
71.479728,788.642738
71.482630,788.642738
71.485533,788.997519
71.488435,788.997519
71.491338,789.453393
71.494240,788.997519
71.497143,788.947012
71.500045,789.402857
71.502948,788.491430
71.505850,789.297374
71.508753,788.841590
71.511655,789.753422
71.514558,788.386069
71.517460,788.560056
71.520363,789.015678
71.523265,789.015678
71.526168,787.944627
71.529070,786.126190
71.531973,794.801308
71.534875,796.179788
71.537778,479.695688
71.540680,480.250174
71.543583,480.250174
71.546485,480.364412
71.549388,480.641962
71.552290,481.753764
71.555193,485.983145
71.558095,486.826020
71.560998,489.363425
71.563900,492.482665
71.566803,493.889337
71.569705,495.031783
71.572608,495.031783
71.575510,494.455727
71.578413,494.170200
71.581315,493.599642
71.584218,493.314610
71.587120,493.083740
71.590023,493.083740
71.592925,492.230031
71.595828,491.971161
71.598730,491.971161
71.601633,492.255417
71.604535,492.824421
71.607438,0.000000
71.610340,0.000000
71.613243,493.745932
71.616145,493.946532
71.619048,494.231929
71.621950,494.231929
71.624853,494.231929
71.627755,494.627296
71.630658,494.341670
71.633560,494.341670
71.636463,494.265648
71.639365,493.980231
71.642268,493.980231
71.645170,493.108104
71.648073,492.823356
71.650975,492.823356
71.653878,493.678094
71.656780,495.100857
71.659683,496.819723
71.662585,497.106780
71.665488,497.795359
71.668390,497.507904
71.671293,497.507904
71.674195,497.795359
71.677098,497.886890
71.680000,497.886890
71.682902,497.024865
71.685805,497.912752
71.688707,498.200441
71.691610,498.200441
71.694512,497.912752
71.697415,498.203001
71.700317,498.203001
71.703220,498.203001
71.706122,498.388202
71.709025,498.100404
71.711927,498.100404
71.714830,497.812773
71.717732,497.936397
71.720635,498.224100
71.723537,497.936397
71.726440,497.697647
71.729342,497.697647
71.732245,497.410249
71.735147,497.556705
71.738050,497.556705
71.740952,497.556705
71.743855,497.269388
71.746757,497.100625
71.749660,496.813571
71.752562,497.100625
71.755465,497.782746
71.758367,497.782746
71.761270,497.495298
71.764172,497.208016
71.767075,496.278321
71.769977,494.847081
71.772880,493.705061
71.775782,488.206074
71.778685,481.206761
71.781587,481.762994
71.784490,479.264998
71.787392,439.553386
71.790295,440.315735
71.793197,442.099693
71.796100,442.182722
71.799002,443.461641
71.801905,444.487440
71.804807,444.744260
71.807710,442.360759
71.810612,441.594870
71.813515,442.616351
71.816417,442.137953
71.819320,442.393415
71.822222,443.160689
71.825125,443.125900
71.828027,442.870015
71.830930,442.870015
71.833832,442.870015
71.836735,442.624023
71.839637,442.879767
71.842540,442.879767
71.845442,442.699546
71.848345,442.443907
71.851247,442.443907
71.854150,442.699546
71.857052,442.714974
71.859955,442.714974
71.862857,442.459326
71.865760,442.410036
71.868662,442.410036
71.871565,442.410036
71.874467,442.410036
71.877370,442.437339
71.880272,442.437339
71.883175,442.437339
71.886077,442.460736
71.888980,442.460736
71.891882,442.716385
71.894785,442.716385
71.897687,442.397031
71.900590,442.652644
71.903492,442.397031
71.906395,442.459203
71.909297,442.714852
71.912200,442.714852
71.915102,442.912181
71.918005,442.912181
71.920907,442.912181
71.923810,442.656419
71.926712,442.588922
71.929615,442.588922
71.932517,442.333347
71.935420,442.544971
71.938322,442.544971
71.941224,442.544971
71.944127,442.544971
71.947029,442.737707
71.949932,442.482046
71.952834,442.482046
71.955737,442.567896
71.958639,442.312332
71.961542,442.312332
71.964444,442.567896
71.967347,442.523675
71.970249,442.523675
71.973152,442.523675
71.976054,442.475459
71.978957,442.475459
71.981859,442.731117
71.984762,442.475459
71.987664,441.832439
71.990567,441.832439
71.993469,441.832439
71.996372,441.888733
71.999274,441.633562
72.002177,441.123661
72.005079,441.856561
72.007982,442.367309
72.010884,442.878647
72.013787,441.856561
72.016689,441.211597
72.019592,442.232191
72.022494,445.565453
72.025397,484.562065
72.028299,485.402475
72.031202,487.087671
72.034104,487.087671
72.037007,488.390802
72.039909,489.803369
72.042812,490.936363
72.045714,492.335799
72.048617,493.189691
72.051519,493.759776
72.054422,493.474651
72.057324,493.812794
72.060227,494.669248
72.063129,494.098114
72.066032,494.303400
72.068934,494.017961
72.071837,494.303400
72.074739,494.017961
72.077642,494.335069
72.080544,494.906477
72.083447,495.478546
72.086349,495.504994
72.089252,495.504994
72.092154,495.791292
72.095057,495.317038
72.097959,496.462786
72.100862,496.749637
72.103764,497.323837
72.106667,498.182581
72.109569,498.182581
72.112472,497.320044
72.115374,498.037341
72.118277,498.613028
72.121179,499.189381
72.124082,499.766401
72.126984,499.952206
72.129887,499.374972
72.132789,499.374972
72.135692,498.334324
72.138594,498.622256
72.141497,499.198620
72.144399,499.198620
72.147302,499.086516
72.150204,499.086516
72.153107,499.086516
72.156009,498.985112
72.158912,498.985112
72.161814,499.273420
72.164717,499.273420
72.167619,499.277483
72.170522,499.277483
72.173424,499.565960
72.176327,499.399461
72.179229,499.111080
72.182132,499.111080
72.185034,499.362761
72.187937,499.074402
72.190839,499.074402
72.193741,498.786208
72.196644,498.373125
72.199546,497.510258
72.202449,496.648885
72.205351,495.493996
72.208254,494.636114
72.211156,497.214227
72.214059,498.364364
72.216961,499.101984
72.219864,499.101984
72.222766,499.390360
72.225669,501.795924
72.228571,505.578139
72.231474,506.747624
72.234376,510.272332
72.237279,518.831138
72.240181,520.331747
72.243084,520.632389
72.245986,521.509147
72.248889,520.606223
72.251791,521.810469
72.254694,522.413637
72.257596,522.719507
72.260499,523.021529
72.263401,523.323726
72.266304,523.703689
72.269206,523.401273
72.272109,523.099032
72.275011,523.454783
72.277914,523.454783
72.280816,523.757229
72.283719,523.757229
72.286621,523.659066
72.289524,523.961631
72.292426,523.961631
72.295329,523.825809
72.298231,523.523323
72.301134,523.825809
72.304036,523.825809
72.306939,523.942334
72.309841,523.942334
72.312744,523.942334
72.315646,523.984711
72.318549,523.984711
72.321451,523.984711
72.324354,523.682133
72.327256,523.763363
72.330159,524.065988
72.333061,524.065988
72.335964,523.867181
72.338866,523.262335
72.341769,523.564671
72.344671,523.867181
72.347574,523.881042
72.350476,523.578524
72.353379,523.578524
72.356281,523.670161
72.359184,523.670161
72.362086,523.670161
72.364989,523.670161
72.367891,523.689444
72.370794,523.387037
72.373696,523.387037
72.376599,523.376821
72.379501,523.376821
72.382404,523.376821
72.385306,523.515427
72.388209,523.515427
72.391111,523.213120
72.394014,523.213120
72.396916,523.289420
72.399819,523.289420
72.402721,523.289420
72.405624,523.457399
72.408526,523.457399
72.411429,523.155126
72.414331,523.155126
72.417234,523.343771
72.420136,523.041563
72.423039,523.343771
72.425941,523.156798
72.428844,523.459072
72.431746,523.459072
72.434649,523.459072
72.437551,523.212143
72.440454,522.910011
72.443356,522.608054
72.446259,522.621938
72.449161,521.717087
72.452063,520.212483
72.454966,521.114724
72.457868,521.383651
72.460771,524.403996
72.463673,524.706991
72.466576,522.453387
72.469478,523.661906
72.472381,523.359514
72.475283,524.075635
72.478186,522.866161
72.481088,522.564228
72.483991,523.470548
72.486893,582.332403
72.489796,583.679432
72.492698,585.029577
72.495601,587.068310
72.498503,588.766281
72.501406,589.787419
72.504308,590.469162
72.507211,591.232955
72.510113,592.942971
72.513016,593.285567
72.515918,593.774985
72.518821,594.118062
72.521723,594.461337
72.524626,594.804811
72.527528,594.929786
72.530431,595.273530
72.533333,595.617473
72.536236,595.099738
72.539138,594.756094
72.542041,594.069402
72.544943,593.383502
72.547846,592.417916
72.550748,591.733923
72.553651,591.050720
72.556553,590.458801
72.559456,589.436500
72.562358,588.415969
72.565261,588.093253
72.568163,587.414253
72.571066,588.093253
72.573968,587.075047
72.576871,586.659890
72.579773,586.321119
72.582676,585.982545
72.585578,586.680706
72.588481,585.664946
72.591383,584.650945
72.594286,584.988750
72.597188,584.008362
72.600091,584.008362
72.602993,584.345796
72.605896,584.492638
72.608798,585.168261
72.611701,585.168261
72.614603,585.506365
72.617506,585.788199
72.620408,585.788199
72.623311,586.804173
72.626213,587.055522
72.629116,587.394716
72.632018,587.394716
72.634921,587.734107
72.637823,588.289161
72.640726,588.969172
72.643628,589.990663
72.646531,590.453385
72.649433,590.794543
72.652336,591.477450
72.655238,591.780055
72.658141,592.464101
72.661043,593.148938
72.663946,593.491653
72.666848,595.483151
72.669751,595.827215
72.672653,597.205460
72.675556,598.433039
72.678458,599.470943
72.681361,598.778807
72.684263,599.470943
72.687166,599.691036
72.690068,599.691036
72.692971,600.037531
72.695873,600.397711
72.698776,600.744615
72.701678,600.744615
72.704580,600.744615
72.707483,600.306441
72.710385,599.959790
72.713288,599.959790
72.716190,598.989915
72.719093,598.298334
72.721995,597.607552
72.724898,596.917567
72.727800,596.021334
72.730703,595.333180
72.733605,594.302440
72.736508,592.539377
72.739410,591.855244
72.742313,591.855244
72.745215,590.295045
72.748118,589.613503
72.751020,588.252779
72.753923,587.913089
72.756825,587.824584
72.759728,586.129330
72.762630,584.438964
72.765533,583.986046
72.768435,583.311789
72.771338,583.648820
72.774240,583.648820
72.777143,583.768905
72.780045,584.106201
72.782948,584.443691
72.785850,585.085796
72.788753,584.747935
72.791655,585.085796
72.794558,585.423852
72.797460,585.287243
72.800363,585.963784
72.803265,586.641108
72.806168,587.690507
72.809070,588.369826
72.811973,589.049930
72.814875,589.730820
72.817778,590.256883
72.820680,591.280607
72.823583,592.306107
72.826485,592.688032
72.829388,593.373128
72.832290,594.402257
72.835193,595.540189
72.838095,596.917770
72.840998,598.298537
72.843900,598.990118
72.846803,599.499601
72.849705,599.845986
72.852608,600.192570
72.855510,600.257422
72.858413,600.604244
72.861315,600.951267
72.864218,601.298490
72.867120,601.525280
72.870023,601.525280
72.872925,601.872835
72.875828,601.289372
72.878730,600.942154
72.881633,600.942154
72.884535,600.942154
72.887438,600.689938
72.890340,599.996394
72.893243,598.957580
72.896145,598.944725
72.899048,598.253196
72.901950,596.872533
72.904853,595.151185
72.907755,594.196824
72.910658,593.853702
72.913560,593.510778
72.916463,592.289507
72.919365,590.240341
72.922268,589.558862
72.925170,589.313279
72.928073,588.972977
72.930975,587.953248
72.933878,587.613731
72.936780,586.840919
72.939683,584.472901
72.942585,584.472901
72.945488,584.378297
72.948390,584.378297
72.951293,584.040845
72.954195,584.378297
72.957098,584.499381
72.960000,584.837099
72.962902,584.161859
72.965805,585.002077
72.968707,585.340085
72.971610,586.694071
72.974512,587.033057
72.977415,587.545278
72.980317,588.224429
72.983220,588.224429
72.986122,589.201906
72.989025,589.542341
72.991927,589.882972
72.994830,590.564825
72.997732,591.590749
73.000635,592.616786
73.003537,593.301800
73.006440,593.665271
73.009342,594.694906
73.012245,596.070532
73.015147,597.022317
73.018050,598.057775
73.020952,598.749078
73.023855,599.441180
73.026757,599.594434
73.029660,599.940873
73.032562,599.940873
73.035465,600.413151
73.038367,601.107176
73.041270,601.107176
73.044172,600.760064
73.047075,601.279807
73.049977,601.627220
73.052880,601.279807
73.055782,600.903753
73.058685,600.903753
73.061587,600.209963
73.064490,600.209963
73.067392,599.789177
73.070295,599.442825
73.073197,598.750721
73.076100,598.401747
73.079002,597.365694
73.081905,596.675988
73.084807,595.298965
73.087710,594.348223
73.090612,593.319188
73.093515,592.291934
73.096417,592.509405
73.099320,590.800639
73.102222,589.777746
73.105125,589.927263
73.108027,589.246145
73.110930,587.546791
73.113832,586.190837
73.116735,585.221765
73.119637,584.883825
73.122540,585.221765
73.125442,586.035778
73.128345,586.374383
73.131247,586.035778
73.134150,586.035778
73.137052,587.192568
73.139955,587.531841
73.142857,587.192568
73.145760,587.406486
73.148662,588.425267
73.151565,589.105435
73.154467,589.445814
73.157370,589.326905
73.160272,590.008115
73.163175,591.031408
73.166077,591.564615
73.168980,592.248413
73.171882,592.933000
73.174785,593.961365
73.177687,595.091105
73.180590,595.434942
73.183492,595.778978
73.186395,596.906805
73.189297,597.596777
73.192200,598.287547
73.195102,598.830929
73.198005,598.830929
73.200907,598.830929
73.203810,599.176927
73.206712,599.377144
73.209615,600.069972
73.212517,600.416686
73.215420,600.221916
73.218322,600.221916
73.221224,600.221916
73.224127,600.915720
73.227029,600.912250
73.229932,600.218450
73.232834,600.912250
73.235737,601.477247
73.238639,599.742618
73.241542,598.358518
73.244444,598.358518
73.247347,598.293905
73.250249,596.913148
73.253152,596.223965
73.256054,596.094300
73.258957,595.406062
73.261859,594.718619
73.264762,593.688943
73.267664,593.513502
73.270567,593.856428
73.273469,593.856428
73.276372,594.046132
73.279274,593.703097
73.282177,593.703097
73.285079,594.133161
73.287982,594.133161
73.290884,594.133161
73.293787,594.819927
73.296689,595.494768
73.299592,595.494768
73.302494,595.838839
73.305397,595.709590
73.308299,596.398178
73.311202,596.398178
73.314104,596.053784
73.317007,595.718938
73.319909,595.718938
73.322812,596.063138
73.325714,596.721984
73.328617,596.721984
73.331519,596.721984
73.334422,596.721984
73.337324,596.783176
73.340227,596.783176
73.343129,596.783176
73.346032,596.517050
73.348934,596.861711
73.351837,596.861711
73.354739,596.861711
73.357642,596.843001
73.360544,596.843001
73.363447,597.187850
73.366349,597.195620
73.369252,596.850766
73.372154,596.506111
73.375057,596.252901
73.377959,595.908591
73.380862,595.564480
73.383764,595.220568
73.386667,595.289109
73.389569,594.945356
73.392472,594.601801
73.395374,594.078541
73.398277,593.735487
73.401179,593.735487
73.404082,594.078541
73.406984,594.973754
73.409887,595.317524
73.412789,595.661492
73.415692,593.806138
73.418594,0.000000
73.421497,0.000000
73.424399,0.000000
73.427302,0.000000
73.430204,0.000000
73.433107,0.000000
73.436009,0.000000
73.438912,0.000000
73.441814,0.000000
73.444717,0.000000
73.447619,0.000000
73.450522,0.000000
73.453424,0.000000
73.456327,785.552617
73.459229,787.369728
73.462132,788.735318
73.465034,789.081024
73.467937,789.081024
73.470839,789.081024
73.473741,788.625365
73.476644,788.273621
73.479546,788.273621
73.482449,788.273621
73.485351,788.379690
73.488254,787.924436
73.491156,787.469444
73.494059,787.014715
73.496961,786.188842
73.499864,785.734853
73.502766,784.827661
73.505669,784.065309
73.508571,783.612546
73.511474,782.707804
73.514376,781.352649
73.517279,780.293256
73.520181,779.392346
73.523084,778.042932
73.525986,776.221376
73.528889,774.877451
73.531791,773.535854
73.534694,772.642746
73.537596,772.634955
73.540499,772.188793
73.543401,770.851850
73.546304,770.802621
73.549206,770.357516
73.552109,770.802621
73.555011,771.124726
73.557914,771.570273
73.560816,772.462141
73.563719,772.908462
73.566621,773.695058
73.569524,775.484739
73.572426,776.381132
73.575329,777.532609
73.578231,777.981860
73.581134,778.881139
73.584036,779.781457
73.586939,780.327069
73.589841,781.229059
73.592744,782.584000
73.595646,783.791838
73.598549,784.697833
73.601451,786.058790
73.604354,786.967405
73.607256,787.486694
73.610159,787.941696
73.613061,788.396960
73.615964,788.607335
73.618866,789.518896
73.621769,790.888214
73.624671,791.802412
73.627574,793.193820
73.630476,794.110683
73.633379,794.110683
73.636281,793.366144
73.639184,792.450140
73.642086,791.535195
73.644989,791.078118
73.647891,790.641404
73.650794,790.184843
73.653696,789.272513
73.656599,788.599388
73.659501,787.234032
73.662404,786.325109
73.665306,784.613505
73.668209,783.255050
73.671111,782.350721
73.674014,781.898948
73.676916,781.083632
73.679819,780.632591
73.682721,780.181810
73.685624,779.648676
73.688526,778.298817
73.691429,776.951296
73.694331,776.951296
73.697234,776.155021
73.700136,775.706826
73.703039,775.706826
73.705941,775.828943
73.708844,775.828943
73.711746,776.277209
73.714649,776.725734
73.717551,777.464605
73.720454,777.464605
73.723356,778.363287
73.726259,779.041423
73.729161,779.941927
73.732063,780.843471
73.734966,781.746058
73.737868,782.656789
73.740771,783.561473
73.743673,784.467201
73.746576,785.429561
73.749478,785.883373
73.752381,786.791786
73.755283,786.542047
73.758186,786.996502
73.761088,787.451221
73.763991,787.906202
73.766893,788.334629
73.769796,788.334629
73.772698,788.790120
73.775601,788.873999
73.778503,788.873999
73.781406,789.329802
73.784308,789.329802
73.787211,789.423308
73.790113,789.423308
73.793016,789.423308
73.795918,789.055836
73.798821,788.600191
73.801723,788.144809
73.804626,788.144809
73.807528,787.916164
73.810431,787.461177
73.813333,787.006453
73.816236,786.869717
73.819138,786.415334
73.822041,786.415334
73.824943,785.961214
73.827846,786.016144
73.830748,786.016144
73.833651,786.016144
73.836553,786.242162
73.839456,786.242162
73.842358,786.242162
73.845261,786.771914
73.848163,786.771914
73.851066,786.317588
73.853968,786.317588
73.856871,786.645425
73.859773,786.645425
73.862676,786.191172
73.865578,785.856537
73.868481,785.402740
73.871383,784.042919
73.874286,783.590169
73.877188,782.352711
73.880091,784.162420
73.882993,785.068843
73.885896,785.045773
73.888798,785.499364
73.891701,785.499364
73.894603,786.861711
73.897506,786.002034
73.900408,786.456178
73.903311,784.641176
73.906213,785.434414
73.909116,784.074539
73.912018,785.434414
73.914921,781.361847
73.917823,780.447794
73.920726,780.447794
73.923628,774.161983
73.926531,0.000000
73.929433,0.000000
73.932336,0.000000
73.935238,752.180661
73.938141,752.180661
73.941043,752.180661
73.943946,752.180661
73.946848,752.091569
73.949751,752.091569
73.952653,752.526120
73.955556,752.157857
73.958458,751.723519
73.961361,752.157857
73.964263,752.157857
73.967166,752.522355
73.970068,752.522355
73.972971,752.522355
73.975873,752.804744
73.978776,752.804744
73.981678,752.804744
73.984580,752.804744
73.987483,752.558642
73.990385,752.558642
73.993288,752.558642
73.996190,752.911408
73.999093,753.346433
74.001995,753.346433
74.004898,753.346433
74.007800,753.368493
74.010703,753.368493
74.013605,753.368493
74.016508,753.482028
74.019410,753.482028
74.022313,753.482028
74.025215,753.692005
74.028118,754.127481
74.031020,754.127481
74.033923,754.127481
74.036825,753.990668
74.039728,753.990668
74.042630,753.990668
74.045533,753.858997
74.048435,753.858997
74.051338,753.423677
74.054240,753.423677
74.057143,753.151512
74.060045,753.151512
74.062948,753.586676
74.065850,753.212462
74.068753,752.777515
74.071655,752.342819
74.074558,751.908374
74.077460,751.838344
74.080363,750.970288
74.083265,751.838344
74.086168,753.483650
74.089070,0.000000
74.091973,755.226580
74.094875,753.048547
74.097778,752.827685
74.100680,752.827685
74.103583,752.392960
74.106485,758.801403
74.109388,759.678511
74.112290,757.050223
74.115193,650.270656
74.118095,652.905256
74.120998,653.659957
74.123900,656.308289
74.126803,658.254417
74.129705,660.921364
74.132608,663.215916
74.135510,664.480970
74.138413,665.249052
74.141315,666.018022
74.144218,666.787881
74.147120,666.612034
74.150023,666.227095
74.152925,666.227095
74.155828,666.260345
74.158730,666.260345
74.161633,666.260345
74.164535,666.260345
74.167438,666.360437
74.170340,666.360437
74.173243,666.360437
74.176145,666.497223
74.179048,666.497223
74.181950,666.497223
74.184853,666.497223
74.187755,666.584410
74.190658,666.584410
74.193560,666.584410
74.196463,666.647487
74.199365,666.647487
74.202268,666.647487
74.205170,666.705533
74.208073,666.705533
74.210975,666.705533
74.213878,666.705533
74.216780,666.757844
74.219683,666.757844
74.222585,666.757844
74.225488,666.672337
74.228390,666.672337
74.231293,666.672337
74.234195,666.672337
74.237098,666.742671
74.240000,666.742671
74.242902,666.742671
74.245805,666.772518
74.248707,666.772518
74.251610,666.772518
74.254512,666.772518
74.257415,666.796008
74.260317,666.796008
74.263220,666.796008
74.266122,666.759736
74.269025,666.759736
74.271927,666.759736
74.274830,666.759736
74.277732,666.711747
74.280635,666.711747
74.283537,666.711747
74.286440,666.644257
74.289342,666.644257
74.292245,666.644257
74.295147,666.709645
74.298050,666.709645
74.300952,666.709645
74.303855,666.709645
74.306757,667.055432
74.309660,666.670237
74.312562,666.670237
74.315465,666.650232
74.318367,667.035416
74.321270,667.035416
74.324172,667.420822
74.327075,667.311907
74.329977,667.311907
74.332880,667.311907
74.335782,667.275670
74.338685,668.819187
74.341587,668.819187
74.344490,668.432973
74.347392,666.586244
74.350295,666.971390
74.353197,668.514203
74.356100,670.065972
74.359002,666.976753
74.361905,667.362125
74.364807,667.747720
74.367710,666.745388
74.370612,666.360372
74.373515,666.360372
74.376417,593.573828
74.379320,593.573828
74.382222,593.916789
74.385125,594.746292
74.388027,595.089930
74.390930,596.122037
74.393832,596.122037
74.396735,596.463760
74.399637,596.808391
74.402540,597.153220
74.405442,596.745017
74.408345,596.745017
74.411247,596.400423
74.414150,596.056029
74.417052,595.696974
74.419955,595.352985
74.422857,594.665603
74.425760,593.942055
74.428662,593.599080
74.431565,593.599080
74.434467,592.913723
74.437370,591.509253
74.440272,590.485133
74.443175,590.826309
74.446077,590.085282
74.448980,589.063627
74.451882,588.723469
74.454785,588.043742
74.457687,587.859026
74.460590,587.180297
74.463492,587.180297
74.466395,585.750604
74.469297,585.750604
74.472200,585.750604
74.475102,585.907172
74.478005,585.907172
74.480907,585.568836
74.483810,585.907172
74.486712,585.835202
74.489615,585.835202
74.492517,586.512376
74.495420,587.218587
74.498322,587.557875
74.501224,588.237041
74.504127,588.237041
74.507029,588.614513
74.509932,590.316955
74.512834,591.340784
74.515737,593.410498
74.518639,594.096429
74.521542,595.814727
74.524444,596.503437
74.527347,597.207156
74.530249,599.280509
74.533152,600.666742
74.536054,601.813607
74.538957,601.466087
74.541859,601.813607
74.544762,601.813607
74.547664,601.626925
74.550567,601.974539
74.553469,601.974539
74.556372,601.777404
74.559274,601.429904
74.562177,601.082605
74.565079,600.855181
74.567982,600.161446
74.570884,599.122346
74.573787,598.085045
74.576689,596.861218
74.579592,596.516557
74.582494,595.483768
74.585397,594.280806
74.588299,593.251887
74.591202,591.882767
74.594104,591.199392
74.597007,590.970780
74.599909,590.629520
74.602812,590.288458
74.605714,589.702663
74.608617,589.362136
74.611519,589.362136
74.614422,589.702663
74.617324,589.077738
74.620227,589.418100
74.623129,590.099416
74.626032,590.055806
74.628934,589.715075
74.631837,590.055806
74.634739,590.396734
74.637642,591.056415
74.640544,591.739625
74.643447,591.739625
74.646349,591.944691
74.649252,592.971342
74.652154,593.999774
74.655057,594.718262
74.657959,595.405704
74.660862,595.405704
74.663764,595.749723
74.666667,596.326119
74.669569,596.670670
74.672472,597.015421
74.675374,597.270622
74.678277,597.270622
74.681179,597.270622
74.684082,597.615718
74.686984,597.150601
74.689887,597.150601
74.692789,597.150601
74.695692,597.030043
74.698594,596.685285
74.701497,596.685285
74.704399,596.685285
74.707302,596.714277
74.710204,596.714277
74.713107,596.369701
74.716009,596.265792
74.718912,596.265792
74.721814,596.265792
74.724717,595.921475
74.727619,595.976132
74.730522,595.631982
74.733424,595.288031
74.736327,594.941572
74.739229,594.254666
74.742132,593.911510
74.745034,593.424915
74.747937,592.739760
74.750839,592.397479
74.753741,591.371821
74.756644,591.230538
74.759546,593.968925
74.762449,589.525461
74.765351,593.892135
74.768254,594.922164
74.771156,593.892135
74.774059,593.206440
74.776961,592.507364
74.779864,593.534991
74.782766,592.507364
74.785669,598.991149
74.788571,0.000000
74.791474,0.000000
74.794376,592.795578
74.797279,518.590305
74.800181,518.590305
74.803084,521.594468
74.805986,523.005083
74.808889,522.099569
74.811791,523.307270
74.814694,523.912167
74.817596,524.332069
74.820499,524.029290
74.823401,524.029290
74.826304,524.093236
74.829206,524.093236
74.832109,524.093236
74.835011,524.476079
74.837914,524.779116
74.840816,525.082328
74.843719,524.779116
74.846621,524.244760
74.849524,524.244760
74.852426,524.244760
74.855329,524.344363
74.858231,524.344363
74.861134,524.344363
74.864036,524.647324
74.866939,524.527840
74.869841,524.527840
74.872744,524.527840
74.875646,524.537839
74.878549,524.537839
74.881451,524.840912
74.884354,524.840912
74.887256,525.231455
74.890159,525.231455
74.893061,525.231455
74.895964,525.223823
74.898866,525.527291
74.901769,525.527291
74.904671,525.527291
74.907574,525.591198
74.910476,526.198735
74.913379,525.894879
74.916281,525.690067
74.919184,525.690067
74.922086,525.993805
74.924989,525.993805
74.927891,526.109864
74.930794,525.806058
74.933696,525.502429
74.936599,525.309405
74.939501,525.612923
74.942404,525.612923
74.945306,525.318049
74.948209,525.014701
74.951111,524.711528
74.954014,524.105708
74.956916,523.268028
74.959819,522.362059
74.962721,522.362059
74.965624,522.477225
74.968526,521.873984
74.971429,520.669591
74.974331,518.868211
74.977234,517.516934
74.980136,517.218091
74.983039,523.530191
74.985941,522.077660
74.988844,520.572016
74.991746,522.983136
74.994649,522.983136
74.997551,521.448993
75.000454,521.750281
75.003356,523.259333
75.006259,484.639880
75.009161,484.639880
75.012063,487.165891
75.014966,493.681229
75.017868,495.067349
75.020771,497.935245
75.023673,500.530553
75.026576,500.949033
75.029478,501.238476
75.032381,501.528087
75.035283,501.164872
75.038186,501.164872
75.041088,501.454440
75.043991,501.454440
75.046893,501.672905
75.049796,501.383211
75.052698,501.383211
75.055601,501.316895
75.058503,501.316895
75.061406,501.316895
75.064308,501.606551
75.067211,501.762852
75.070113,501.473106
75.073016,501.473106
75.075918,501.353955
75.078821,501.353955
75.081723,501.643632
75.084626,501.643632
75.087528,501.620983
75.090431,501.910814
75.093333,501.910814
75.096236,501.816041
75.099138,501.816041
75.102041,501.816041
75.104943,502.105985
75.107846,501.791779
75.110748,502.081709
75.113651,502.081709
75.116553,501.971633
75.119456,501.681766
75.122358,501.681766
75.125261,501.742647
75.128163,501.742647
75.131066,501.742647
75.133968,502.032549
75.136871,502.044658
75.139773,502.044658
75.142676,501.754750
75.145578,501.857202
75.148481,501.857202
75.151383,501.857202
75.154286,501.857202
75.157188,501.910630
75.160091,501.620798
75.162993,501.910630
75.165896,501.927193
75.168798,502.217201
75.171701,502.217201
75.174603,501.927193
75.177506,502.276493
75.180408,502.276493
75.183311,502.276493
75.186213,502.286966
75.189116,502.577182
75.192018,502.577182
75.194921,502.577182
75.197823,502.901012
75.200726,503.191583
75.203628,502.901012
75.206531,502.777160
75.209433,502.777160
75.212336,502.486829
75.215238,502.292623
75.218141,502.002572
75.221043,502.292623
75.223946,502.582843
75.226848,503.599863
75.229751,500.988640
75.232653,502.437643
75.235556,503.350181
75.238458,503.641011
75.241361,499.873287
75.244263,500.162108
75.247166,504.437292
75.250068,509.415056
75.252971,513.847978
75.255873,521.529901
75.258776,522.736284
75.261678,521.529901
75.264580,523.340521
75.267483,524.544945
75.270385,525.151273
75.273288,524.848022
75.276190,525.269264
75.279093,525.269264
75.281995,525.269264
75.284898,524.662799
75.287800,524.645182
75.290703,524.342222
75.293605,524.039438
75.296508,523.664708
75.299410,523.060096
75.302313,522.758052
75.305215,521.812166
75.308118,521.209693
75.311020,520.307287
75.313923,519.406444
75.316825,518.301327
75.319728,517.403957
75.322630,517.403957
75.325533,517.033257
75.328435,516.734693
75.331338,516.138082
75.334240,516.436301
75.337143,516.414465
75.340045,515.818224
75.342948,515.520361
75.345850,516.206039
75.348753,516.504297
75.351655,517.400107
75.354558,517.400107
75.357460,517.477818
75.360363,518.075978
75.363265,518.674828
75.366168,519.390186
75.369070,519.690284
75.371973,520.291000
75.374875,520.892412
75.377778,521.696760
75.380680,522.299796
75.383583,522.601575
75.386485,523.559848
75.389388,524.165038
75.392290,524.770927
75.395193,524.787523
75.398095,525.394131
75.400998,526.305359
75.403900,528.437708
75.406803,529.372543
75.409705,530.290671
75.412608,530.903641
75.415510,531.041908
75.418413,531.655746
75.421315,531.655746
75.424218,531.962931
75.427120,531.727660
75.430023,531.113738
75.432925,530.500526
75.435828,530.366228
75.438730,529.753879
75.441633,528.836680
75.444535,527.616218
75.447438,526.976583
75.450340,526.672277
75.453243,526.368147
75.456145,525.885061
75.459048,524.974561
75.461950,524.974561
75.464853,523.763012
75.467755,522.983118
75.470658,522.681118
75.473560,521.776165
75.476463,520.979563
75.479365,520.378052
75.482268,520.378052
75.485170,520.287690
75.488073,519.086958
75.490975,518.487631
75.493878,518.487631
75.496780,518.308053
75.499683,518.308053
75.502585,518.308053
75.505488,518.014887
75.508390,518.314191
75.511293,518.613667
75.514195,518.913317
75.517098,519.226396
75.520000,519.226396
75.522902,519.526399
75.525805,519.618402
75.528707,519.618402
75.531610,520.219036
75.534512,520.519613
75.537415,520.772751
75.540317,521.374719
75.543220,521.073648
75.546122,522.121209
75.549025,522.724736
75.551927,523.026761
75.554830,523.328960
75.557732,523.566230
75.560635,523.566230
75.563537,523.868741
75.566440,523.902898
75.569342,524.205604
75.572245,524.508484
75.575147,524.773486
75.578050,525.076695
75.580952,525.076695
75.583855,525.076695
75.586757,524.902346
75.589660,525.205629
75.592562,525.205629
75.595465,524.980302
75.598367,0.000000
75.601270,524.071369
75.604172,524.677150
75.607075,524.954164
75.609977,524.954164
75.612880,525.257477
75.615782,525.281973
75.618685,524.978646
75.621587,524.978646
75.624490,524.675494
75.627392,524.642389
75.630295,524.642389
75.633197,524.642389
75.636100,524.204089
75.639002,524.204089
75.641905,524.204089
75.644807,524.506969
75.647710,524.238968
75.650612,523.936243
75.653515,523.633693
75.656417,523.432337
75.659320,522.827993
75.662222,522.526083
75.665125,521.948095
75.668027,520.442825
75.670930,520.743531
75.673832,519.241735
75.676735,519.610482
75.679637,521.414439
75.682540,523.526973
75.685442,522.982745
75.688345,522.982745
75.691247,520.571626
75.694150,522.982745
75.697052,488.869517
75.699955,488.869517
75.702857,491.417573
75.705760,496.530007
75.708662,497.966115
75.711565,498.253834
75.714467,498.541720
75.717370,499.302943
75.720272,499.591435
75.723175,499.302943
75.726077,499.070781
75.728980,499.359138
75.731882,499.647663
75.734785,499.359138
75.737687,498.971400
75.740590,498.683266
75.743492,498.971400
75.746395,499.081987
75.749297,499.081987
75.752200,498.793789
75.755102,498.748934
75.758005,498.748934
75.760907,498.748934
75.763810,499.037106
75.766712,498.865016
75.769615,498.865016
75.772517,499.153255
75.775420,499.057359
75.778322,499.057359
75.781224,499.057359
75.784127,499.057359
75.787029,499.248698
75.789932,499.248698
75.792834,499.537159
75.795737,499.523606
75.798639,499.523606
75.801542,499.523606
75.804444,499.523606
75.807347,499.613962
75.810249,499.613962
75.813152,499.325457
75.816054,499.621663
75.818957,499.621663
75.821859,499.621663
75.824762,499.621663
75.827664,499.716558
75.830567,499.716558
75.833469,499.716558
75.836372,499.627617
75.839274,499.916297
75.842177,499.916297
75.845079,499.805140
75.847982,499.228076
75.850884,499.228076
75.853787,499.228076
75.856689,499.225555
75.859592,498.937275
75.862494,498.937275
75.865397,498.705168
75.868299,498.993315
75.871202,498.993315
75.874104,498.705168
75.877007,498.515005
75.879909,497.939430
75.882812,497.651892
75.885714,497.143613
75.888617,496.569622
75.891519,496.282875
75.894422,492.570197
75.897324,496.018647
75.900227,497.166018
75.903129,497.166018
75.906032,499.181021
75.908934,500.046786
75.911837,498.892766
75.914739,497.741410
75.917642,496.946988
75.920544,499.825772
75.923447,502.721233
75.926349,436.162377
75.929252,438.689040
75.932154,439.449889
75.935057,439.679091
75.937959,441.460470
75.940862,441.205546
75.943764,441.205546
75.946667,441.626853
75.949569,442.137335
75.952472,442.137335
75.955374,442.555197
75.958277,442.555197
75.961179,442.555197
75.964082,442.810901
75.966984,442.765500
75.969887,443.021325
75.972789,443.277298
75.975692,443.293539
75.978594,443.293539
75.981497,443.549669
75.984399,443.293539
75.987302,443.541802
75.990204,443.541802
75.993107,443.285676
75.996009,443.193403
75.998912,443.449475
76.001814,443.705696
76.004717,443.449475
76.007619,443.435200
76.010522,443.435200
76.013424,443.435200
76.016327,443.501541
76.019229,443.501541
76.022132,443.757791
76.025034,443.809917
76.027937,443.809917
76.030839,443.809917
76.033741,443.809917
76.036644,443.588128
76.039546,443.588128
76.042449,443.588128
76.045351,443.612138
76.048254,443.612138
76.051156,443.612138
76.054059,443.612138
76.056961,443.790204
76.059864,443.790204
76.062766,443.790204
76.065669,443.863815
76.068571,443.607503
76.071474,443.607503
76.074376,443.607503
76.077279,443.403759
76.080181,443.659953
76.083084,443.659953
76.085986,443.582368
76.088889,443.582368
76.091791,443.582368
76.094694,443.582368
76.097596,443.407684
76.100499,443.663880
76.103401,443.663880
76.106304,443.508594
76.109206,443.508594
76.112109,443.508594
76.115011,443.829397
76.117914,444.085837
76.120816,444.085837
76.123719,443.829397
76.126621,443.576444
76.129524,444.089179
76.132426,444.859394
76.135329,444.469722
76.138231,443.956547
76.141134,445.240597
76.144036,444.983490
76.146939,444.252026
76.149841,444.765542
76.152744,444.252026
76.155646,444.196452
76.158549,443.683592
76.161451,444.196452
76.164354,442.659649
76.167256,441.509953
76.170159,443.298750
76.173061,443.554884
76.175964,391.999729
76.178866,393.815344
76.181769,392.679602
76.184671,397.012929
76.187574,396.764851
76.190476,395.392149
76.193379,394.479654
76.196281,395.459278
76.199184,395.687771
76.202086,395.002690
76.204989,395.459278
76.207891,395.716811
76.210794,395.716811
76.213696,395.716811
76.216599,395.695864
76.219501,395.924493
76.222404,395.695864
76.225306,395.449685
76.228209,395.678172
76.231111,395.678172
76.234014,394.309230
76.236916,392.925988
76.239819,392.245688
76.242721,392.245688
76.245624,393.321415
76.248526,392.867295
76.251429,392.187097
76.254331,391.508077
76.257234,390.912123
76.260136,390.235310
76.263039,389.334716
76.265941,387.806143
76.268844,387.134708
76.271746,387.134708
76.274649,387.134708
76.277551,386.725438
76.280454,386.278933
76.283356,386.948884
76.286259,386.228574
76.289161,386.228574
76.292063,386.451733
76.294966,387.121983
76.297868,387.018886
76.300771,387.466246
76.303673,388.138256
76.306576,387.960557
76.309478,387.736527
76.312381,388.184716
76.315283,389.081882
76.318186,389.981891
76.321088,389.981891
76.323991,389.756694
76.326893,389.553552
76.329796,390.229182
76.332698,391.583959
76.335601,391.867182
76.338503,392.320146
76.341406,393.000575
76.344308,393.682183
76.347211,394.770868
76.350113,395.455547
76.353016,396.599319
76.355918,395.733454
76.358821,395.504935
76.361723,395.733454
76.364626,397.107341
76.367528,397.517969
76.370431,398.898052
76.373333,398.667706
76.376236,398.476081
76.379138,397.786172
76.382041,397.556468
76.384943,397.326897
76.387846,397.952547
76.390748,397.493079
76.393651,397.493079
76.396553,397.418427
76.399456,396.272293
76.402358,396.043464
76.405261,395.694955
76.408163,395.694955
76.411066,394.553792
76.413968,393.870674
76.416871,393.679634
76.419773,392.317606
76.422676,391.864645
76.425578,391.820895
76.428481,390.916642
76.431383,390.690905
76.434286,391.368507
76.437188,390.434159
76.440091,388.858681
76.442993,387.513332
76.445896,387.076372
76.448798,386.629462
76.451701,387.300021
76.454603,387.300021
76.457506,387.089368
76.460408,386.642443
76.463311,387.089368
76.466213,387.310172
76.469116,387.757869
76.472018,387.533955
76.474921,387.086517
76.477823,387.036632
76.480726,387.484013
76.483628,387.931911
76.486531,387.885032
76.489433,388.333393
76.492336,388.557768
76.495238,388.732995
76.498141,388.957601
76.501043,389.857323
76.503946,391.210810
76.506848,391.647280
76.509751,392.099990
76.512653,392.099990
76.515556,393.843097
76.518458,394.526167
76.521361,394.526167
76.524263,395.210422
76.527166,395.693229
76.530068,395.008139
76.532971,395.008139
76.535873,396.059893
76.538776,397.664547
76.541678,398.814707
76.544580,399.275702
76.547483,398.627388
76.550385,397.707427
76.553288,397.477768
76.556190,398.633020
76.559093,400.248100
76.561995,398.863346
76.564898,399.785982
76.567800,399.206888
76.570703,398.745972
76.573605,397.825737
76.576508,397.404354
76.579410,397.863719
76.582313,397.863719
76.585215,396.878586
76.588118,395.962660
76.591020,395.277103
76.593923,395.505490
76.596825,395.438861
76.599728,395.210513
76.602630,393.615761
76.605533,392.956345
76.608435,391.596819
76.611338,391.596819
76.614240,390.693083
76.617143,390.512375
76.620045,389.611141
76.622948,389.611141
76.625850,388.776830
76.628753,388.776830
76.631655,388.103714
76.634558,389.001461
76.637460,389.418198
76.640363,389.418198
76.643265,388.968584
76.646168,388.669134
76.649070,388.893703
76.651973,389.568189
76.654875,389.793277
76.657778,390.147983
76.660680,390.598960
76.663583,390.598960
76.666485,390.890472
76.669388,391.794664
76.672290,392.247545
76.675193,393.339835
76.678095,393.567103
76.680998,393.339835
76.683900,394.022032
76.686803,394.135711
76.689705,394.591298
76.692608,395.275665
76.695510,395.147674
76.698413,395.375986
76.701315,396.977869
76.704218,398.356076
76.707120,398.027109
76.710023,398.487194
76.712925,398.947810
76.715828,399.033242
76.718730,399.725314
76.721633,399.725314
76.724535,399.494490
76.727438,399.559940
76.730340,398.637826
76.733243,397.947637
76.736145,397.280872
76.739048,397.510416
76.741950,397.969904
76.744853,398.890473
76.747755,398.315075
76.750658,397.395834
76.753560,396.707796
76.756463,396.593226
76.759365,396.593226
76.762268,397.970098
76.765170,397.411068
76.768073,396.036130
76.770975,395.122149
76.773878,394.210277
76.776780,392.980397
76.779683,392.526670
76.782585,392.526670
76.785488,390.611238
76.788390,391.288703
76.791293,391.062751
76.794195,389.934947
76.797098,390.634146
76.800000,389.507578
76.802902,388.159984
76.805805,388.043666
76.808707,388.267874
76.811610,388.716678
76.814512,389.615842
76.817415,388.848654
76.820317,388.624111
76.823220,389.073327
76.826122,389.294123
76.829025,389.069323
76.831927,389.294123
76.834830,390.194624
76.837732,390.288937
76.840635,390.514442
76.843537,390.514442
76.846440,391.728852
76.849342,392.861844
76.852245,392.634984
76.855147,393.323411
76.858050,393.778058
76.860952,394.233231
76.863855,394.233231
76.866757,393.759858
76.869660,394.442783
76.872562,394.215010
76.875465,395.215001
76.878367,396.358077
76.881270,397.963939
76.884172,398.423950
76.887075,398.908595
76.889977,399.600450
76.892880,399.369699
76.895782,399.545291
76.898685,399.314571
76.901587,398.853531
76.904490,399.083985
76.907392,398.998703
76.910295,398.998703
76.913197,399.690714
76.916100,399.320302
76.919002,398.859255
76.921905,399.320302
76.924807,398.628932
76.927710,398.620744
76.930612,396.324857
76.933515,398.160505
76.936417,396.207407
76.939320,395.749955
76.942222,395.521427
76.945125,395.238872
76.948027,395.695734
76.950930,394.554569
76.953832,393.644006
76.956735,393.941197
76.959637,392.351568
76.962540,392.578264
76.965442,392.310201
76.968345,392.310201
76.971247,392.083659
76.974150,392.083659
76.977052,392.310862
76.979955,392.537535
76.982857,392.764340
76.985760,392.444264
76.988662,392.444264
76.991565,392.897895
76.994467,392.671014
76.997370,392.733035
77.000272,392.733035
77.003175,392.959952
77.006077,393.112833
77.008980,393.112833
77.011882,393.339970
77.014785,393.339970
77.017687,393.321521
77.020590,393.094396
77.023492,393.321521
77.026395,394.035124
77.029297,394.490594
77.032200,394.946591
77.035102,394.600985
77.038005,394.828981
77.040907,395.057109
77.043810,394.828981
77.046712,395.179689
77.049615,395.636482
77.052517,395.408019
77.055420,395.753697
77.058322,395.753697
77.061224,396.669139
77.064127,396.669139
77.067029,396.252786
77.069932,396.252786
77.072834,397.858222
77.075737,397.148489
77.078639,397.148489
77.081542,397.148489
77.084444,395.774459
77.087347,395.932661
77.090249,395.704028
77.093152,396.619355
77.096054,398.004786
77.098957,398.004786
77.101859,397.315693
77.104762,395.712447
77.107664,395.070347
77.110567,395.527014
77.113469,397.129509
77.116372,397.588248
77.119274,395.983902
77.122177,395.983902
77.125079,396.795018
77.127982,396.336887
77.130884,396.565886
77.133787,397.942663
77.136689,396.741907
77.139592,396.283838
77.142494,392.411538
77.145397,394.575264
77.148299,392.756145
77.151202,395.259604
77.154104,396.631845
77.157007,396.701116
77.159909,395.328634
77.162812,395.785600
77.165714,395.630029
77.168617,395.173243
77.171519,394.716985
77.174422,394.261253
77.177324,392.489184
77.180227,394.990941
77.183129,398.428146
77.186032,396.234013
77.188934,394.179495
77.191837,391.004730
77.194739,394.407247
77.197642,395.781244
77.200544,395.781244
77.203447,394.184190
77.206349,294.485499
77.209252,0.000000
77.212154,0.000000
77.215057,0.000000
77.217959,0.000000
77.220862,0.000000
77.223764,0.000000
77.226667,0.000000
77.229569,0.000000
77.232472,0.000000
77.235374,0.000000
77.238277,0.000000
77.241179,0.000000
77.244082,0.000000
77.246984,0.000000
77.249887,0.000000
77.252789,0.000000
77.255692,0.000000
77.258594,0.000000
77.261497,0.000000
77.264399,0.000000
77.267302,0.000000
77.270204,0.000000
77.273107,0.000000
77.276009,0.000000
77.278912,0.000000
77.281814,0.000000
77.284717,0.000000
77.287619,0.000000
77.290522,0.000000
77.293424,0.000000
77.296327,0.000000
77.299229,0.000000
77.302132,0.000000
77.305034,0.000000
77.307937,0.000000
77.310839,0.000000
77.313741,0.000000
77.316644,0.000000
77.319546,0.000000
77.322449,0.000000
77.325351,0.000000
77.328254,0.000000
77.331156,0.000000
77.334059,0.000000
77.336961,591.821558
77.339864,593.190537
77.342766,593.876214
77.345669,593.910665
77.348571,594.940726
77.351474,595.284476
77.354376,595.628425
77.357279,594.973164
77.360181,593.600071
77.363084,593.257293
77.365986,593.392909
77.368889,592.365527
77.371791,590.998452
77.374694,590.316098
77.377596,589.310117
77.380499,587.610579
77.383401,586.593209
77.386304,586.058155
77.389206,585.381505
77.392109,584.367994
77.395011,583.928275
77.397914,583.928275
77.400816,583.591083
77.403719,583.254085
77.406621,583.287727
77.409524,582.614276
77.412426,581.941602
77.415329,581.713563
77.418231,582.049671
77.421134,582.049671
77.424036,582.385973
77.426939,582.827336
77.429841,582.827336
77.432744,582.827336
77.435646,582.791174
77.438549,583.127904
77.441451,583.801949
77.444354,584.139264
77.447256,584.547571
77.450159,585.223258
77.453061,585.561393
77.455964,586.199129
77.458866,586.876724
77.461769,588.574140
77.464671,589.594946
77.467574,591.275510
77.470476,592.301001
77.473379,592.985649
77.476281,593.951635
77.479184,596.013685
77.482086,597.392361
77.484989,598.774227
77.487891,600.587055
77.490794,600.934068
77.493696,601.281281
77.496599,601.631475
77.499501,601.631475
77.502404,601.631475
77.505306,601.986834
77.508209,601.986834
77.511111,602.334655
77.514014,602.682678
77.516916,602.845282
77.519819,602.845282
77.522721,602.497166
77.525624,601.667682
77.528526,601.320246
77.531429,600.973010
77.534331,600.279140
77.537234,599.352968
77.540136,597.969767
77.543039,596.934461
77.545941,595.075746
77.548844,593.359580
77.551746,592.332256
77.554649,591.648362
77.557551,590.720025
77.560454,588.336354
77.563356,586.978578
77.566259,585.742213
77.569161,585.065928
77.572063,583.378629
77.574966,582.032294
77.577868,581.437549
77.580771,580.430867
77.583673,579.760714
77.586576,579.415221
77.589478,579.080634
77.592381,578.746241
77.595283,578.810643
77.598186,579.479697
77.601088,579.814514
77.603991,580.484730
77.606893,580.714841
77.609796,581.386097
77.612698,581.722016
77.615601,582.857976
77.618503,583.868867
77.621406,584.881512
77.624308,585.895913
77.627211,587.933079
77.630113,588.612678
77.633016,588.952772
77.635918,590.678835
77.638821,591.361608
77.641723,593.071996
77.644626,595.130993
77.647528,596.696249
77.650431,597.385978
77.653333,598.422067
77.656236,599.225805
77.659138,599.225805
77.662041,599.225805
77.664943,599.572031
77.667846,599.386486
77.670748,599.040367
77.673651,597.657887
77.676553,597.191421
77.679456,596.501916
77.682358,595.469152
77.685261,595.216740
77.688163,594.186201
77.691066,593.500166
77.693968,593.157446
77.696871,592.579859
77.699773,591.895679
77.702676,590.870890
77.705578,590.119660
77.708481,589.438321
77.711383,589.438321
77.714286,589.097946
77.717188,588.770534
77.720091,588.090752
77.722993,588.090752
77.725896,588.341616
77.728798,589.021688
77.731701,589.021688
77.734603,589.021688
77.737506,588.712013
77.740408,588.372058
77.743311,588.712013
77.746213,588.853829
77.749116,589.534493
77.752018,589.194063
77.754921,589.875120
77.757823,590.530409
77.760726,590.871611
77.763628,590.530409
77.766531,590.469663
77.769433,590.128693
77.772336,590.128693
77.775238,590.264924
77.778141,590.605973
77.781043,590.605973
77.783946,590.947219
77.786848,591.271261
77.789751,590.929827
77.792653,590.929827
77.795556,590.861802
77.798458,591.203195
77.801361,590.861802
77.804263,590.861802
77.807166,590.647138
77.810068,590.306066
77.812971,590.988408
77.815873,591.114462
77.818776,591.456002
77.821678,590.431974
77.824580,588.729200
77.827483,587.038456
77.830385,585.683675
77.833288,581.638062
77.836190,527.599078
77.839093,529.125047
77.841995,524.863417
77.844898,522.443628
77.847800,521.989787
77.850703,521.688361
77.853605,521.989787
77.856508,522.202270
77.859410,522.503993
77.862313,522.202270
77.865215,522.079662
77.868118,522.079662
77.871020,522.381314
77.873923,521.778184
77.876825,521.617204
77.879728,521.617204
77.882630,522.220148
77.885533,522.378403
77.888435,522.076752
77.891338,522.378403
77.894240,522.680227
77.897143,522.718968
77.900045,522.718968
77.902948,522.718968
77.905850,523.143748
77.908753,523.143748
77.911655,523.143748
77.914558,523.446015
77.917460,523.564120
77.920363,523.564120
77.923265,523.564120
77.926168,523.577997
77.929070,524.183207
77.931973,523.577997
77.934875,523.577997
77.937778,523.661029
77.940680,523.661029
77.943583,523.661029
77.946485,523.562501
77.949388,523.562501
77.952290,523.865010
77.955193,523.743419
77.958095,523.440980
77.960998,523.440980
77.963900,523.440980
77.966803,523.672587
77.969705,523.975160
77.972608,523.975160
77.975510,523.867532
77.978413,524.170217
77.981315,524.170217
77.984218,524.170217
77.987120,524.279953
77.990023,524.279953
77.992925,523.977204
77.995828,523.884138
77.998730,523.884138
78.001633,523.581618
78.004535,523.581618
78.007438,523.384284
78.010340,523.384284
78.013243,523.082053
78.016145,522.663638
78.019048,522.663638
78.021950,522.361823
78.024853,522.361823
78.027755,521.974418
78.030658,521.673001
78.033560,521.673001
78.036463,521.719941
78.039365,521.117574
78.042268,520.816652
78.045170,520.582166
78.048073,519.981113
78.050975,519.680847
78.053878,519.380754
78.056780,518.922005
78.059683,517.724425
78.062585,515.039964
78.065488,507.170152
78.068390,503.666872
78.071293,500.765964
78.074195,500.187791
78.077098,500.598004
78.080000,500.308931
78.082902,500.598004
78.085805,500.913712
78.088707,500.335367
78.091610,500.335367
78.094512,500.335367
78.097415,500.203735
78.100317,500.492747
78.103220,500.492747
78.106122,500.199801
78.109025,500.199801
78.111927,500.777988
78.114830,501.067332
78.117732,500.406284
78.120635,500.406284
78.123537,500.406284
78.126440,500.650363
78.129342,500.361259
78.132245,500.361259
78.135147,500.300843
78.138050,500.300843
78.140952,500.300843
78.143855,500.589912
78.146757,500.482507
78.149660,500.482507
78.152562,500.771681
78.155465,500.901440
78.158367,500.901440
78.161270,500.612192
78.164172,500.612192
78.167075,500.560391
78.169977,500.560391
78.172880,500.560391
78.175782,500.665676
78.178685,500.665676
78.181587,500.665676
78.184490,500.665676
78.187392,500.504835
78.190295,500.794021
78.193197,500.794021
78.196100,500.860231
78.199002,500.571006
78.201905,500.571006
78.204807,500.571006
78.207710,500.438631
78.210612,500.438631
78.213515,500.438631
78.216417,500.452234
78.219320,500.452234
78.222222,500.452234
78.225125,500.470464
78.228027,500.470464
78.230930,500.470464
78.233832,500.470464
78.236735,500.136107
78.239637,500.136107
78.242540,500.136107
78.245442,499.856443
78.248345,499.856443
78.251247,499.279320
78.254150,498.991008
78.257052,499.035179
78.259955,499.035179
78.262857,499.035179
78.265760,498.349736
78.268662,496.912522
78.271565,495.765735
78.274467,494.335973
78.277370,491.945521
78.280272,488.829682
78.283175,491.945521
78.286077,498.033354
78.288980,498.897128
78.291882,500.051158
78.294785,501.787210
78.297687,507.614694
78.300590,508.788889
78.303492,499.470856
78.306395,437.857610
78.309297,434.080250
78.312200,432.828386
78.315102,434.231660
78.318005,435.236108
78.320907,437.504620
78.323810,439.277189
78.326712,440.738738
78.329615,442.524411
78.332517,441.503142
78.335420,441.554803
78.338322,441.554803
78.341224,441.554803
78.344127,441.299825
78.347029,442.034048
78.349932,442.289451
78.352834,442.545001
78.355737,442.088835
78.358639,441.578409
78.361542,441.578409
78.364444,441.833548
78.367347,442.115845
78.370249,442.371294
78.373152,442.626892
78.376054,442.462819
78.378957,441.951961
78.381859,442.462819
78.384762,442.462819
78.387664,442.485961
78.390567,442.485961
78.393469,442.485961
78.396372,442.629686
78.399274,442.629686
78.402177,442.374087
78.405079,442.355825
78.407982,442.867150
78.410884,443.123034
78.413787,443.123034
78.416689,442.831254
78.419592,442.831254
78.422494,442.831254
78.425397,443.012656
78.428299,443.012656
78.431202,443.268624
78.434104,443.012656
78.437007,443.262379
78.439909,443.006414
78.442812,443.006414
78.445714,443.096339
78.448617,443.096339
78.451519,443.096339
78.454422,443.096339
78.457324,443.505020
78.460227,443.505020
78.463129,443.248916
78.466032,443.413818
78.468934,443.413818
78.471837,443.157766
78.474739,443.157766
78.477642,443.553419
78.480544,443.553419
78.483447,443.553419
78.486349,443.310992
78.489252,443.310992
78.492154,443.054999
78.495057,443.041447
78.497959,443.297432
78.500862,443.553564
78.503764,443.297432
78.506667,443.468627
78.509569,443.212543
78.512472,443.212543
78.515374,442.821643
78.518277,442.821643
78.521179,442.565933
78.524082,443.589660
78.526984,444.004731
78.529887,444.004731
78.532789,443.748338
78.535692,442.607260
78.538594,443.118875
78.541497,443.374905
78.544399,442.862994
78.547302,442.478100
78.550204,442.989566
78.553107,442.478100
78.556009,442.808085
78.558912,442.808085
78.561814,442.552382
78.564717,442.296828
78.567619,0.000000
78.570522,0.000000
78.573424,0.000000
78.576327,0.000000
78.579229,0.000000
78.582132,0.000000
78.585034,0.000000
78.587937,395.161277
78.590839,393.794123
78.593741,391.752255
78.596644,392.515327
78.599546,393.650594
78.602449,393.878041
78.605351,393.855209
78.608254,393.173301
78.611156,392.492574
78.614059,392.265927
78.616961,392.669218
78.619864,393.350252
78.622766,393.350252
78.625669,392.853425
78.628571,393.307529
78.631474,393.534778
78.634376,393.762159
78.637279,393.501675
78.640181,393.729036
78.643084,393.956529
78.645986,393.444676
78.648889,393.672005
78.651791,393.672005
78.654694,393.672005
78.657596,393.746155
78.660499,393.973657
78.663401,394.201291
78.666304,393.689906
78.669206,393.689906
78.672109,393.917375
78.675011,393.808143
78.677914,394.263350
78.680816,394.263350
78.683719,394.035681
78.686621,393.813255
78.689524,393.585846
78.692426,393.585846
78.695329,393.517798
78.698231,393.517798
78.701134,393.517798
78.704036,393.972670
78.706939,393.907514
78.709841,393.680050
78.712744,393.225516
78.715646,393.553450
78.718549,393.326191
78.721451,393.099062
78.724354,393.099062
78.727256,393.054796
78.730159,393.054796
78.733061,392.600983
78.735964,392.821606
78.738866,393.048574
78.741769,393.275674
78.744671,393.275674
78.747574,392.627393
78.750476,392.174074
78.753379,392.174074
78.756281,391.528851
78.759184,392.888141
78.762086,392.434521
78.764989,392.661265
78.767891,392.943754
78.770794,0.000000
78.773696,0.000000
78.776599,0.000000
78.779501,0.000000
78.782404,0.000000
78.785306,0.000000
78.788209,0.000000
78.791111,0.000000
78.794014,0.000000
78.796916,0.000000
78.799819,0.000000
78.802721,0.000000
78.805624,0.000000
78.808526,0.000000
78.811429,0.000000
78.814331,0.000000
78.817234,0.000000
78.820136,0.000000
78.823039,0.000000
78.825941,0.000000
78.828844,0.000000
78.831746,0.000000
78.834649,0.000000
78.837551,443.299335
78.840454,443.555469
78.843356,443.299335
78.846259,443.072919
78.849161,443.072919
78.852063,443.072919
78.854966,442.817063
78.857868,442.930040
78.860771,442.674268
78.863673,442.930040
78.866576,442.846918
78.869478,443.102790
78.872381,442.846918
78.875283,442.853321
78.878186,442.853321
78.881088,443.109197
78.883991,442.853321
78.886893,443.174628
78.889796,443.430690
78.892698,443.430690
78.895601,442.917970
78.898503,443.173883
78.901406,443.173883
78.904308,443.173883
78.907211,443.351301
78.910113,443.351301
78.913016,443.095285
78.915918,443.092276
78.918821,443.348290
78.921723,443.092276
78.924626,443.092276
78.927528,443.012331
78.930431,443.012331
78.933333,443.012331
78.936236,442.937731
78.939138,443.193656
78.942041,442.937731
78.944943,442.937731
78.947846,442.954321
78.950748,443.210256
78.953651,443.210256
78.956553,443.267602
78.959456,443.267602
78.962358,443.523718
78.965261,444.041063
78.968163,443.528382
78.971066,442.249270
78.973968,442.760472
78.976871,492.168148
78.979773,493.591640
78.982676,495.019249
78.985578,495.586227
78.988481,496.732598
78.991383,496.732598
78.994286,496.445757
78.997188,497.108051
79.000091,497.395274
79.002993,497.682664
79.005896,497.924462
79.008798,497.636933
79.011701,497.636933
79.014603,498.212158
79.017506,497.886756
79.020408,497.886756
79.023311,498.174430
79.026213,497.982876
79.029116,497.982876
79.032018,497.982876
79.034921,497.982876
79.037823,497.951350
79.040726,497.951350
79.043628,498.239061
79.046531,498.141092
79.049433,498.141092
79.052336,498.141092
79.055238,498.030699
79.058141,498.030699
79.061043,498.030699
79.063946,498.030699
79.066848,498.255550
79.069751,498.255550
79.072653,498.255550
79.075556,498.413127
79.078458,498.413127
79.081361,498.413127
79.084263,498.701105
79.087166,498.761473
79.090068,498.473460
79.092971,498.473460
79.095873,498.604699
79.098776,498.892787
79.101678,498.604699
79.104580,498.604699
79.107483,498.636852
79.110385,498.636852
79.113288,498.636852
79.116190,498.563677
79.119093,498.563677
79.121995,498.563677
79.124898,498.563677
79.127800,498.436329
79.130703,498.436329
79.133605,498.724320
79.136508,498.622635
79.139410,498.622635
79.142313,498.622635
79.145215,498.628073
79.148118,498.916175
79.151020,498.916175
79.153923,498.916175
79.156825,498.843476
79.159728,498.843476
79.162630,498.555416
79.165533,498.487024
79.168435,498.487024
79.171338,498.487024
79.174240,498.199170
79.177143,497.816775
79.180045,497.529308
79.182948,496.667902
79.185850,496.500673
79.188753,497.649159
79.191655,498.224398
79.194558,497.649159
79.197460,496.706177
79.200363,496.132691
79.203265,496.706177
79.206168,496.805699
79.209070,501.418441
79.211973,505.197811
79.214875,504.031904
79.217778,516.815594
79.220680,518.011072
79.223583,518.011072
79.226485,521.662392
79.229388,523.171189
79.232290,524.684351
79.235193,524.715606
79.238095,524.412606
79.240998,524.412606
79.243900,524.109781
79.246803,523.358840
79.249705,522.754582
79.252608,521.548156
79.255510,521.433306
79.258413,520.831270
79.261315,520.530513
79.264218,519.329221
79.267120,517.772357
79.270023,516.577430
79.272925,515.683045
79.275828,515.796955
79.278730,514.903921
79.281633,515.201427
79.284535,514.606587
79.287438,514.262630
79.290340,514.262630
79.293243,514.262630
79.296145,514.345561
79.299048,514.048550
79.301950,514.048550
79.304853,514.345561
79.307755,514.384407
79.310658,514.681613
79.313560,514.978991
79.316463,515.839213
79.319365,516.435479
79.322268,517.032433
79.325170,517.455568
79.328073,518.053702
79.330975,518.353028
79.333878,519.252044
79.336780,519.303047
79.339683,520.203711
79.342585,520.805021
79.345488,522.469614
79.348390,523.980747
79.351293,524.586423
79.354195,524.586423
79.357098,525.271978
79.360000,525.575475
79.362902,525.879147
79.365805,526.851824
79.368707,528.070517
79.371610,530.210018
79.374512,530.516368
79.377415,531.381991
79.380317,531.689018
79.383220,531.381991
79.386122,530.936457
79.389025,530.017211
79.391927,529.405264
79.394830,528.794024
79.397732,526.941030
79.400635,525.724943
79.403537,525.421360
79.406440,525.740128
79.409342,525.436537
79.412245,525.436537
79.415147,524.136151
79.418050,523.530995
79.420952,522.322778
79.423855,521.117349
79.426757,519.821976
79.429660,518.921973
79.432562,518.023528
79.435465,517.797522
79.438367,516.901024
79.441270,515.708108
79.444172,515.112683
79.447075,514.527822
79.449977,514.230705
79.452880,513.043951
79.455782,512.975693
79.458685,513.568648
79.461587,513.568648
79.464490,513.272085
79.467392,513.199908
79.470295,513.199908
79.473197,513.793122
79.476100,514.630698
79.479002,514.928046
79.481905,515.523258
79.484807,516.119158
79.487710,516.822673
79.490612,517.121287
79.493515,518.317472
79.496417,518.503041
79.499320,518.203628
79.502222,519.402317
79.505125,520.680672
79.508027,520.981516
79.510930,521.885091
79.513832,523.092296
79.516735,524.030886
79.519637,524.636620
79.522540,524.636620
79.525442,526.096476
79.528345,526.704598
79.531247,528.838565
79.534150,530.981177
79.537052,531.481289
79.539955,531.174382
79.542857,531.788374
79.545760,531.964989
79.548662,531.657803
79.551565,531.964989
79.554467,532.579895
79.557370,532.875672
79.560272,531.645889
79.563175,530.112651
79.566077,528.680692
79.568980,528.375402
79.571882,527.765352
79.574785,527.156005
79.577687,525.932596
79.580590,525.628893
79.583492,525.325365
79.586395,525.200239
79.589297,524.896959
79.592200,523.988170
79.595102,522.658639
79.598005,521.151319
79.600907,520.249015
79.603810,519.348272
79.606712,518.663673
79.609615,517.167875
79.612517,515.974342
79.615420,515.619919
79.618322,515.024595
79.621224,514.727191
79.624127,513.836009
79.627029,513.753642
79.629932,514.347497
79.632834,515.537266
79.635737,515.337154
79.638639,515.634911
79.641542,515.634911
79.644444,515.932839
79.647347,516.013241
79.650249,516.311388
79.653152,517.505699
79.656054,517.631741
79.658957,517.930824
79.661859,518.529506
79.664762,519.428829
79.667664,519.991614
79.670567,521.194439
79.673469,522.098383
79.676372,522.248895
79.679274,522.852569
79.682177,523.456941
79.685079,524.709187
79.687982,525.012358
79.690884,525.315705
79.693787,525.315705
79.696689,525.417021
79.699592,527.545771
79.702494,528.155568
79.705397,527.638811
79.708299,530.082662
79.711202,530.695391
79.714104,530.388938
79.717007,530.770728
79.719909,529.240013
79.722812,528.323704
79.725714,527.683735
79.728617,527.379021
79.731519,527.379021
79.734422,526.465934
79.737324,525.656034
79.740227,526.263646
79.743129,525.352491
79.746032,524.829829
79.748934,524.223872
79.751837,524.223872
79.754739,523.921156
79.757642,523.717284
79.760544,523.112611
79.763447,521.603982
79.766349,521.248230
79.769252,520.947232
79.772154,520.646408
79.775057,520.301221
79.777959,520.301221
79.780862,520.301221
79.783764,520.000770
79.786667,519.782613
79.789569,519.782613
79.792472,520.082938
79.795374,520.252319
79.798277,520.552915
79.801179,520.552915
79.804082,520.853685
79.806984,521.062830
79.809887,521.363895
79.812789,521.665134
79.815692,521.941659
79.818594,521.941659
79.821497,521.640261
79.824399,521.640261
79.827302,521.556571
79.830204,521.857920
79.833107,522.159444
79.836009,521.906229
79.838912,521.906229
79.841814,521.906229
79.844717,521.906229
79.847619,521.916879
79.850522,522.520169
79.853424,523.124157
79.856327,523.456517
79.859229,523.758965
79.862132,523.456517
79.865034,523.507467
79.867937,523.507467
79.870839,523.507467
79.873741,523.507467
79.876644,523.627918
79.879546,523.930465
79.882449,523.627918
79.885351,523.559174
79.888254,523.861681
79.891156,524.164363
79.894059,523.861681
79.896961,523.429566
79.899864,523.127308
79.902766,523.127308
79.905669,523.166800
79.908571,522.864694
79.911474,522.562763
79.914376,521.658014
79.917279,520.962685
79.920181,518.860499
79.923084,513.493747
79.925986,500.824527
79.928889,501.403437
79.931791,501.983016
79.934694,501.983016
79.937596,501.768580
79.940499,501.768580
79.943401,502.058496
79.946304,501.915420
79.949206,501.625586
79.952109,501.625586
79.955011,501.268170
79.957914,501.268170
79.960816,501.268170
79.963719,501.268170
79.966621,500.786028
79.969524,500.786028
79.972426,500.786028
79.975329,500.621241
79.978231,500.621241
79.981134,500.332154
79.984036,500.043234
79.986939,500.199940
79.989841,499.911097
79.992744,500.199940
79.995646,500.214790
79.998549,499.925938
80.001451,499.637253
80.004354,499.348734
80.007256,499.599920
80.010159,499.888583
80.013061,499.888583
80.015964,499.671712
80.018866,499.671712
80.021769,500.249289
80.024671,500.249289
80.027574,499.966511
80.030476,499.677803
80.033379,499.966511
80.036281,500.083490
80.039184,500.372433
80.042086,500.372433
80.044989,500.372433
80.047891,500.577279
80.050794,500.577279
80.053696,500.288218
80.056599,500.362637
80.059501,500.651741
80.062404,501.230451
80.065306,501.473780
80.068209,501.184201
80.071111,500.894790
80.074014,500.894790
80.076916,500.741275
80.079819,500.741275
80.082721,501.030598
80.085624,501.053052
80.088526,501.342555
80.091429,501.632226
80.094331,501.342555
80.097234,500.869246
80.100136,500.869246
80.103039,500.869246
80.105941,500.816275
80.108844,500.527076
80.111746,500.238044
80.114649,500.238044
80.117551,500.165355
80.120454,499.876531
80.123356,499.876531
80.126259,500.089156
80.129161,500.378103
80.132063,500.089156
80.134966,498.358979
80.137868,498.651771
80.140771,501.540432
80.143673,497.500971
80.146576,499.577751
80.149478,499.577751
80.152381,499.866402
80.155283,501.355508
80.158186,500.776654
80.161088,501.935031
80.163991,501.355508
80.166893,499.882689
80.169796,0.000000
80.172698,504.232660
80.175601,440.576437
80.178503,441.340560
80.181406,442.361452
80.184308,442.361452
80.187211,442.294210
80.190113,442.038805
80.193016,442.294210
80.195918,442.173822
80.198821,442.429305
80.201723,442.684936
80.204626,442.940715
80.207528,442.945757
80.210431,442.945757
80.213333,442.945757
80.216236,443.093246
80.219138,443.349261
80.222041,443.093246
80.224943,443.093246
80.227846,443.149087
80.230748,443.149087
80.233651,442.893188
80.236553,442.765902
80.239456,443.277701
80.242358,443.277701
80.245261,443.146114
80.248163,442.890217
80.251066,442.890217
80.253968,443.146114
80.256871,443.261552
80.259773,443.005588
80.262676,443.261552
80.265578,443.306406
80.268481,443.306406
80.271383,443.050416
80.274286,443.050416
80.277188,443.135142
80.280091,443.391181
80.282993,443.135142
80.285896,443.170345
80.288798,443.170345
80.291701,443.170345
80.294603,443.170345
80.297506,443.219702
80.300408,442.963763
80.303311,442.963763
80.306213,443.010379
80.309116,443.266346
80.312018,443.266346
80.314921,443.266346
80.317823,443.369304
80.320726,443.369304
80.323628,443.369304
80.326531,443.334151
80.329433,443.334151
80.332336,443.334151
80.335238,443.351658
80.338141,443.351658
80.341043,443.351658
80.343946,443.607822
80.346848,443.636374
80.349751,443.636374
80.352653,443.380194
80.355556,443.403878
80.358458,443.660072
80.361361,443.660072
80.364263,443.403878
80.367166,443.369486
80.370068,443.625661
80.372971,443.369486
80.375873,443.482748
80.378776,443.738988
80.381678,443.738988
80.384580,443.738988
80.387483,443.720544
80.390385,443.464315
80.393288,443.464315
80.396190,443.605661
80.399093,443.605661
80.401995,443.605661
80.404898,443.605661
80.407800,443.681105
80.410703,443.424899
80.413605,443.681105
80.416508,443.532510
80.419410,443.788778
80.422313,443.788778
80.425215,443.616047
80.428118,443.359878
80.431020,443.616047
80.433923,443.616047
80.436825,443.587662
80.439728,443.587662
80.442630,443.587662
80.445533,443.482596
80.448435,443.482596
80.451338,443.482596
80.454240,443.482596
80.457143,443.410945
80.460045,443.410945
80.462948,443.410945
80.465850,443.314998
80.468753,443.314998
80.471655,443.314998
80.474558,443.314998
80.477460,443.454606
80.480363,443.198530
80.483265,442.942602
80.486168,443.283294
80.489070,443.283294
80.491973,443.539418
80.494875,443.283294
80.497778,443.071450
80.500680,443.071450
80.503583,443.071450
80.506485,443.388651
80.509388,443.388651
80.512290,443.132614
80.515193,442.989528
80.518095,442.989528
80.520998,442.989528
80.523900,442.989528
80.526803,442.956136
80.529705,442.956136
80.532608,443.212072
80.535510,443.045569
80.538413,442.789730
80.541315,442.789730
80.544218,442.789730
80.547120,442.723332
80.550023,442.723332
80.552925,442.723332
80.555828,442.753162
80.558730,442.753162
80.561633,443.008980
80.564535,443.008980
80.567438,442.967821
80.570340,442.712026
80.573243,442.712026
80.576145,442.787813
80.579048,442.787813
80.581950,442.787813
80.584853,442.787813
80.587755,442.899639
80.590658,442.899639
80.593560,442.899639
80.596463,442.928600
80.599365,442.928600
80.602268,442.928600
80.605170,442.852115
80.608073,442.852115
80.610975,442.852115
80.613878,442.852115
80.616780,442.801810
80.619683,442.801810
80.622585,442.801810
80.625488,443.087999
80.628390,443.087999
80.631293,443.087999
80.634195,443.087999
80.637098,442.922434
80.640000,442.666666
80.642902,442.666666
80.645805,442.559935
80.648707,442.815642
80.651610,442.815642
80.654512,442.815642
80.657415,443.012461
80.660317,443.012461
80.663220,443.268429
80.666122,443.039105
80.669025,443.039105
80.671927,443.039105
80.674830,443.039105
80.677732,442.971423
80.680635,442.971423
80.683537,443.227368
80.686440,443.120683
80.689342,442.864800
80.692245,443.120683
80.695147,443.186530
80.698050,442.674837
80.700952,441.908404
80.703855,442.163734
80.706757,294.997315
80.709660,0.000000
80.712562,293.976702
80.715465,294.745184
80.718367,295.597672
80.721270,294.404877
80.724172,294.404877
80.727075,294.012360
80.729977,294.352213
80.732880,294.692458
80.735782,295.121556
80.738685,295.462691
80.741587,295.121556
80.744490,295.121556
80.747392,294.870190
80.750295,294.699916
80.753197,294.699916
80.756100,294.857814
80.759002,295.028179
80.761905,295.028179
80.764807,294.857814
80.767710,294.757523
80.770612,294.927831
80.773515,295.098237
80.776417,294.889395
80.779320,295.059779
80.782222,295.230262
80.785125,295.113367
80.788027,295.113367
80.790930,295.283881
80.793832,294.942952
80.796735,294.994462
80.799637,294.653868
80.802540,294.653868
80.805442,294.794366
80.808345,295.135123
80.811247,295.305649
80.814150,295.135123
80.817052,295.017814
80.819955,295.017814
80.822857,295.017814
80.825760,295.176959
80.828662,295.176959
80.831565,295.176959
80.834467,294.836154
80.837370,294.929920
80.840272,294.929920
80.843175,295.100327
80.846077,295.046488
80.848980,294.876112
80.851882,294.876112
80.854785,294.876112
80.857687,295.082083
80.860590,295.082083
80.863492,294.911686
80.866395,294.883232
80.869297,294.883232
80.872200,294.883232
80.875102,294.879626
80.878005,294.879626
80.880907,294.879626
80.883810,295.050004
80.886712,295.099274
80.889615,294.928867
80.892517,294.928867
80.895420,294.941107
80.898322,295.111521
80.901224,295.111521
80.904127,294.941107
80.907029,294.878326
80.909932,295.048703
80.912834,295.048703
80.915737,294.887863
80.918639,294.887863
80.921542,295.058246
80.924444,295.058246
80.927347,295.234993
80.930249,295.234993
80.933152,295.234993
80.936054,295.123934
80.938957,295.123934
80.941859,295.294454
80.944762,295.123934
80.947664,295.130111
80.950567,295.130111
80.953469,295.130111
80.956372,295.168147
80.959274,295.168147
80.962177,295.168147
80.965079,295.160120
80.967982,295.330661
80.970884,295.330661
80.973787,295.330661
80.976689,295.166096
80.979592,295.166096
80.982494,295.166096
80.985397,295.369707
80.988299,295.028679
80.991202,295.199144
80.994104,295.028679
80.997007,295.073388
80.999909,295.073388
81.002812,295.073388
81.005714,295.116369
81.008617,295.116369
81.011519,295.116369
81.014422,294.945953
81.017324,295.070253
81.020227,295.070253
81.023129,294.899863
81.026032,294.869559
81.028934,295.039932
81.031837,295.039932
81.034739,295.039932
81.037642,294.969559
81.040544,294.969559
81.043447,294.969559
81.046349,294.741131
81.049252,294.741131
81.052154,294.741131
81.055057,294.883404
81.057959,294.883404
81.060862,294.883404
81.063764,294.883404
81.066667,294.924276
81.069569,294.924276
81.072472,294.924276
81.075374,294.856380
81.078277,295.026745
81.081179,295.026745
81.084082,295.026745
81.086984,294.839076
81.089887,294.839076
81.092789,294.839076
81.095692,295.064060
81.098594,294.893673
81.101497,294.893673
81.104399,294.893673
81.107302,294.881123
81.110204,294.881123
81.113107,294.881123
81.116009,294.856188
81.118912,294.856188
81.121814,295.026553
81.124717,295.026553
81.127619,295.375814
81.130522,296.572542
81.133424,295.034780
81.136327,294.801900
81.139229,294.631665
81.142132,294.801900
81.145034,295.089628
81.147937,294.748924
81.150839,294.748924
81.153741,294.919227
81.156644,294.915919
81.159546,294.915919
81.162449,294.915919
81.165351,294.719501
81.168254,294.549313
81.171156,294.889787
81.174059,294.719501
81.176961,294.836807
81.179864,295.007161
81.182766,295.007161
81.185669,295.100658
81.188571,295.441769
81.191474,295.271165
81.194376,295.100658
81.197279,295.104934
81.200181,295.446049
81.203084,295.787559
81.205986,295.767487
81.208889,295.596695
81.211791,297.309069
81.214694,296.965802
81.217596,295.178179
81.220499,295.178179
81.223401,0.000000
81.226304,0.000000
81.229206,0.000000
81.232109,0.000000
81.235011,0.000000
81.237914,0.000000
81.240816,0.000000
81.243719,0.000000
81.246621,0.000000
81.249524,0.000000
81.252426,0.000000
81.255329,0.000000
81.258231,0.000000
81.261134,0.000000
81.264036,0.000000
81.266939,0.000000
81.269841,0.000000
81.272744,0.000000
81.275646,0.000000
81.278549,0.000000
81.281451,0.000000
81.284354,0.000000
81.287256,0.000000
81.290159,0.000000
81.293061,0.000000
81.295964,0.000000
81.298866,0.000000
81.301769,0.000000
81.304671,0.000000
81.307574,0.000000
81.310476,0.000000
81.313379,0.000000
81.316281,0.000000
81.319184,0.000000
81.322086,0.000000
81.324989,0.000000
81.327891,0.000000
81.330794,293.460369
81.333696,293.629927
81.336599,293.942287
81.339501,294.112124
81.342404,294.282059
81.345306,294.520176
81.348209,294.350103
81.351111,294.520176
81.354014,294.860616
81.356916,295.182663
81.359819,295.523868
81.362721,295.865468
81.365624,295.496423
81.368526,296.008923
81.371429,296.522312
81.374331,296.865066
81.377234,297.289362
81.380136,298.666310
81.383039,299.357174
81.385941,300.054843
81.388844,300.401680
81.391746,299.881575
81.394649,299.189501
81.397551,298.882427
81.400454,298.882427
81.403356,0.000000
81.406259,0.000000
81.409161,298.842742
81.412063,298.670174
81.414966,300.400352
81.417868,300.451844
81.420771,300.451844
81.423673,300.104949
81.426576,300.104240
81.429478,300.624732
81.432381,299.411652
81.435283,299.495976
81.438186,300.188759
81.441088,299.669022
81.443991,298.977439
81.446893,298.266462
81.449796,297.062899
81.452698,296.377330
81.455601,296.470747
81.458503,296.813441
81.461406,296.299548
81.464308,296.128448
81.467211,295.086439
81.470113,294.575536
81.473016,294.575536
81.475918,294.110644
81.478821,294.110644
81.481723,294.280578
81.484626,294.961297
81.487528,294.296995
81.490431,293.109449
81.493333,0.000000
81.496236,0.000000
81.499138,0.000000
81.502041,0.000000
81.504943,0.000000
81.507846,0.000000
81.510748,0.000000
81.513651,0.000000
81.516553,0.000000
81.519456,0.000000
81.522358,0.000000
81.525261,0.000000
81.528163,0.000000
81.531066,0.000000
81.533968,0.000000
81.536871,0.000000
81.539773,0.000000
81.542676,0.000000
81.545578,0.000000
81.548481,0.000000
81.551383,0.000000
81.554286,0.000000
81.557188,0.000000
81.560091,0.000000
81.562993,0.000000
81.565896,0.000000
81.568798,0.000000
81.571701,0.000000
81.574603,0.000000
81.577506,0.000000
81.580408,0.000000
81.583311,0.000000
81.586213,0.000000
81.589116,0.000000
81.592018,0.000000
81.594921,0.000000
81.597823,0.000000
81.600726,0.000000
81.603628,0.000000
81.606531,0.000000
81.609433,0.000000
81.612336,0.000000
81.615238,0.000000
81.618141,0.000000
81.621043,0.000000
81.623946,0.000000
81.626848,0.000000
81.629751,0.000000
81.632653,0.000000
81.635556,0.000000
81.638458,0.000000
81.641361,0.000000
81.644263,0.000000
81.647166,0.000000
81.650068,0.000000
81.652971,0.000000
81.655873,0.000000
81.658776,0.000000
81.661678,0.000000
81.664580,0.000000
81.667483,0.000000
81.670385,0.000000
81.673288,0.000000
81.676190,0.000000
81.679093,0.000000
81.681995,0.000000
81.684898,0.000000
81.687800,0.000000
81.690703,0.000000
81.693605,0.000000
81.696508,0.000000
81.699410,0.000000
81.702313,0.000000
81.705215,0.000000
81.708118,0.000000
81.711020,0.000000
81.713923,0.000000
81.716825,0.000000
81.719728,0.000000
81.722630,0.000000
81.725533,0.000000
81.728435,0.000000
81.731338,0.000000
81.734240,0.000000
81.737143,0.000000
81.740045,0.000000
81.742948,0.000000
81.745850,0.000000
81.748753,0.000000
81.751655,0.000000
81.754558,0.000000
81.757460,0.000000
81.760363,0.000000
81.763265,0.000000
81.766168,0.000000
81.769070,0.000000
81.771973,0.000000
81.774875,0.000000
81.777778,0.000000
81.780680,0.000000
81.783583,0.000000
81.786485,0.000000
81.789388,0.000000
81.792290,0.000000
81.795193,0.000000
81.798095,0.000000
81.800998,0.000000
81.803900,0.000000
81.806803,0.000000
81.809705,0.000000
81.812608,0.000000
81.815510,0.000000
81.818413,0.000000
81.821315,0.000000
81.824218,0.000000
81.827120,0.000000
81.830023,0.000000
81.832925,0.000000
81.835828,0.000000
81.838730,0.000000
81.841633,0.000000
81.844535,0.000000
81.847438,0.000000
81.850340,0.000000
81.853243,0.000000
81.856145,0.000000
81.859048,0.000000
81.861950,0.000000
81.864853,0.000000
81.867755,0.000000
81.870658,0.000000
81.873560,0.000000
81.876463,0.000000
81.879365,0.000000
81.882268,0.000000
81.885170,0.000000
81.888073,0.000000
81.890975,0.000000
81.893878,0.000000
81.896780,0.000000
81.899683,0.000000
81.902585,0.000000
81.905488,0.000000
81.908390,0.000000
81.911293,0.000000
81.914195,0.000000
81.917098,0.000000
81.920000,0.000000
81.922902,0.000000
81.925805,0.000000
81.928707,0.000000
81.931610,0.000000
81.934512,0.000000
81.937415,0.000000
81.940317,0.000000
81.943220,0.000000
81.946122,0.000000
81.949025,0.000000
81.951927,500.176100
81.954830,499.887270
81.957732,499.954679
81.960635,499.954679
81.963537,499.665977
81.966440,499.742938
81.969342,500.031684
81.972245,499.742938
81.975147,499.616538
81.978050,499.616538
81.980952,499.616538
81.983855,499.616538
81.986757,499.633824
81.989660,499.922507
81.992562,499.922507
81.995465,500.102370
81.998367,499.813583
82.001270,499.813583
82.004172,500.102370
82.007075,500.224570
82.009977,500.224570
82.012880,500.513594
82.015782,500.231829
82.018685,499.942967
82.021587,500.231829
82.024490,499.942967
82.027392,500.171287
82.030295,500.171287
82.033197,500.460280
82.036100,500.309873
82.039002,500.598947
82.041905,500.598947
82.044807,500.309873
82.047710,500.386571
82.050612,0.000000
82.053515,500.097620
82.056417,500.315270
82.059320,500.315270
82.062222,500.315270
82.065125,500.327379
82.068027,500.327379
82.070930,500.616463
82.073832,500.616463
82.076735,500.501627
82.079637,500.501627
82.082540,500.501627
82.085442,500.413240
82.088345,500.124273
82.091247,500.413240
82.094150,500.413240
82.097052,500.585959
82.099955,499.430695
82.102857,497.128160
82.105760,497.993769
82.108662,499.722678
82.111565,500.011412
82.114467,500.589382
82.117370,500.350262
82.120272,501.797419
82.123175,501.797419
82.126077,437.074454
82.128980,438.591867
82.131882,438.845280
82.134785,439.098841
82.137687,439.388201
82.140590,440.659038
82.143492,441.423304
82.146395,441.537054
82.149297,441.537054
82.152200,441.282085
82.155102,441.567378
82.158005,441.312392
82.160907,441.312392
82.163810,441.312392
82.166712,441.684022
82.169615,441.684022
82.172517,441.684022
82.175420,441.908796
82.178322,441.908796
82.181224,442.164126
82.184127,442.164126
82.187029,441.981588
82.189932,441.981588
82.192834,442.236960
82.195737,442.519153
82.198639,442.774836
82.201542,442.519153
82.204444,442.519153
82.207347,442.459286
82.210249,442.714935
82.213152,442.714935
82.216054,442.633557
82.218957,442.889307
82.221859,442.889307
82.224762,442.889307
82.227664,442.840222
82.230567,443.096091
82.233469,0.000000
82.236372,442.197520
82.239274,442.708662
82.242177,442.453017
82.245079,442.216928
82.247982,442.472436
82.250884,442.216928
82.253787,441.961567
82.256689,442.076518
82.259592,442.076518
82.262494,442.331945
82.265397,442.417350
82.268299,442.417350
82.271202,442.417350
82.274104,442.417350
82.277007,442.503703
82.279909,442.503703
82.282812,442.759377
82.285714,442.389553
82.288617,442.389553
82.291519,442.645161
82.294422,442.645161
82.297324,442.759345
82.300227,442.759345
82.303129,443.271137
82.306032,442.806389
82.308934,442.550688
82.311837,442.295134
82.314739,442.295134
82.317642,442.361022
82.320544,442.616614
82.323447,442.105578
82.326349,441.584374
82.329252,441.329379
82.332154,441.584374
82.335057,441.894346
82.337959,442.916519
82.340862,443.428492
82.343764,442.149668
82.346667,442.103395
82.349569,442.103395
82.352472,442.870166
82.355374,442.368257
82.358277,442.879596
82.361179,442.879596
82.364082,442.623853
82.366984,442.361725
82.369887,442.106281
82.372789,443.128944
82.375692,444.998944
82.378594,443.715591
82.381497,442.947356
82.384399,440.905227
82.387302,395.662788
82.390204,396.578020
82.393107,396.120139
82.396009,394.897638
82.398912,393.986284
82.401814,393.077033
82.404717,393.986284
82.407619,393.501259
82.410522,393.501259
82.413424,394.183736
82.416327,394.885071
82.419229,394.885071
82.422132,394.885071
82.425034,394.506838
82.427937,394.962854
82.430839,395.191059
82.433741,395.419396
82.436644,395.378208
82.439546,394.921713
82.442449,395.149895
82.445351,395.011017
82.448254,395.011017
82.451156,394.782915
82.454059,394.782915
82.456961,395.084809
82.459864,395.084809
82.462766,395.313085
82.465669,395.591592
82.468571,395.134850
82.471474,394.906677
82.474376,394.906677
82.477279,395.353447
82.480181,395.353447
82.483084,395.125148
82.485986,395.140314
82.488889,394.912138
82.491791,394.912138
82.494694,394.912138
82.497596,395.151273
82.500499,395.151273
82.503401,395.151273
82.506304,395.156806
82.509206,395.385123
82.512109,395.385123
82.515011,395.294955
82.517914,395.751881
82.520816,395.523352
82.523719,395.523352
82.526621,395.593898
82.529524,396.051170
82.532426,396.280004
82.535329,396.130862
82.538231,395.902114
82.541134,395.673498
82.544036,395.902114
82.546939,395.775074
82.549841,395.775074
82.552744,395.546532
82.555646,395.535001
82.558549,397.137528
82.561451,395.306597
82.564354,396.908199
82.567256,440.172072
82.570159,440.680873
82.573061,441.955449
82.575964,442.732458
82.578866,443.500320
82.581769,444.783051
82.584671,441.455642
82.587574,442.276951
82.590476,442.532494
82.593379,442.276951
82.596281,442.361249
82.599184,443.128467
82.602086,443.128467
82.604989,441.850508
82.607891,442.208814
82.610794,442.464318
82.613696,442.208814
82.616599,442.661183
82.619501,442.916948
82.622404,442.661183
82.625306,442.261434
82.628209,443.028479
82.631111,443.028479
82.634014,442.772649
82.636916,443.093643
82.639819,442.837776
82.642721,442.837776
82.645624,442.429808
82.648526,442.174324
82.651429,442.174324
82.654331,442.429808
82.657234,442.551939
82.660136,442.551939
82.663039,442.551939
82.665941,442.527152
82.668844,442.527152
82.671746,442.782840
82.674649,442.782840
82.677551,442.697717
82.680454,442.953503
82.683356,443.209437
82.686259,442.537299
82.689161,442.792992
82.692063,442.792992
82.694966,442.792992
82.697868,442.815382
82.700771,442.815382
82.703673,442.559675
82.706576,442.564035
82.709478,442.564035
82.712381,442.564035
82.715283,442.682211
82.718186,442.682211
82.721088,442.937988
82.723991,442.937988
82.726893,442.506547
82.729796,441.740406
82.732698,441.995639
82.735601,442.415792
82.738503,442.415792
82.741406,442.415792
82.744308,442.415792
82.747211,442.647716
82.750113,442.392107
82.753016,442.647716
82.755918,442.615532
82.758821,442.615532
82.761723,442.615532
82.764626,442.871271
82.767528,442.702896
82.770431,442.702896
82.773333,442.958685
82.776236,442.670300
82.779138,442.670300
82.782041,442.414677
82.784943,442.670300
82.787846,442.623014
82.790748,442.623014
82.793651,441.856671
82.796553,488.385326
82.799456,488.667510
82.802358,488.949857
82.805261,491.192481
82.808163,495.180720
82.811066,496.039546
82.813968,498.049272
82.816871,498.830748
82.819773,498.542695
82.822676,497.967089
82.825578,500.452450
82.828481,499.009172
82.831383,498.433027
82.834286,499.874639
82.837188,500.068660
82.840091,499.779892
82.842993,499.779892
82.845896,499.945294
82.848798,499.945294
82.851701,499.945294
82.854603,499.945294
82.857506,499.268554
82.860408,499.268554
82.863311,499.268554
82.866213,499.426091
82.869116,499.426091
82.872018,499.714654
82.874921,499.426091
82.877823,499.279859
82.880726,499.279859
82.883628,499.279859
82.886531,499.296724
82.889433,499.585212
82.892336,499.296724
82.895238,499.524797
82.898141,499.524797
82.901043,499.524797
82.903946,499.524797
82.906848,499.655877
82.909751,499.655877
82.912653,499.655877
82.915556,499.702981
82.918458,499.702981
82.921361,499.702981
82.924263,499.702981
82.927166,499.499961
82.930068,499.499961
82.932971,499.788567
82.935873,500.045936
82.938776,500.045936
82.941678,500.045936
82.944580,499.757182
82.947483,499.792643
82.950385,500.081418
82.953288,499.792643
82.956190,500.153985
82.959093,499.865169
82.961995,499.865169
82.964898,499.865169
82.967800,499.900113
82.970703,499.900113
82.973605,500.188950
82.976508,500.263718
82.979410,499.974838
82.982313,499.974838
82.985215,499.881271
82.988118,499.881271
82.991020,499.881271
82.993923,499.881271
82.996825,499.877597
82.999728,499.588940
83.002630,499.588940
83.005533,499.590947
83.008435,499.590947
83.011338,499.879606
83.014240,499.879606
83.017143,499.704889
83.020045,499.416332
83.022948,499.416332
83.025850,499.521930
83.028753,499.521930
83.031655,499.233478
83.034558,498.945193
83.037460,498.900838
83.040363,498.612744
83.043265,498.324818
83.046168,497.815133
83.049070,495.806352
83.051973,496.092824
83.054875,497.240367
83.057778,497.846879
83.060680,499.863927
83.063583,500.152744
83.066485,499.855505
83.069388,501.011752
83.072290,500.722440
83.075193,505.330618
83.078095,507.377987
83.080998,505.330618
83.083900,505.330618
83.086803,525.145008
83.089705,525.145008
83.092608,525.145008
83.095510,526.717272
83.098413,526.717272
83.101315,526.717272
83.104218,527.021603
83.107120,526.572181
83.110023,526.572181
83.112925,526.268109
83.115828,526.776763
83.118730,527.081129
83.121633,526.776763
83.124535,526.472573
83.127438,525.823222
83.130340,524.609715
83.133243,524.004012
83.136145,523.541380
83.139048,522.936911
83.141950,522.936911
83.144853,522.634938
83.147755,521.484807
83.150658,519.680607
83.153560,519.680607
83.156463,520.041433
83.159365,519.141050
83.162268,518.541661
83.165170,518.094572
83.168073,517.496391
83.170975,517.795395
83.173878,517.496391
83.176780,517.687492
83.179683,517.687492
83.182585,517.986606
83.185488,517.748831
83.188390,517.748831
83.191293,517.748831
83.194195,518.047981
83.197098,518.552097
83.200000,518.851711
83.202902,519.151498
83.205805,518.895674
83.208707,519.795632
83.211610,520.697150
83.214512,521.600231
83.217415,521.867887
83.220317,522.471121
83.223220,522.772999
83.226122,523.501432
83.229025,523.501432
83.231927,524.409377
83.234830,524.106554
83.237732,524.693394
83.240635,525.603407
83.243537,526.819213
83.246440,527.219467
83.249342,527.524088
83.252245,527.219467
83.255147,527.198120
83.258050,528.417614
83.260952,529.639930
83.263855,529.639930
83.266757,529.704629
83.269660,529.398748
83.272562,528.482165
83.275465,528.354942
83.278367,528.354942
83.281270,528.354942
83.284172,528.049840
83.287075,527.956087
83.289977,527.346521
83.292880,526.433490
83.295782,525.978777
83.298685,525.371494
83.301587,523.856350
83.304490,522.647382
83.307392,522.124729
83.310295,521.521895
83.313197,520.618949
83.316100,518.737244
83.319002,518.437696
83.321905,517.839120
83.324807,517.540090
83.327710,516.668232
83.330612,516.369879
83.333515,515.475853
83.336417,515.019350
83.339320,515.316923
83.342222,515.019350
83.345125,515.036632
83.348027,515.334215
83.350930,515.334215
83.353832,515.631970
83.356735,515.485347
83.359637,515.783189
83.362540,516.677748
83.365442,516.885105
83.368345,517.482579
83.371247,517.781575
83.374150,517.781575
83.377052,517.672494
83.379955,518.570329
83.382857,520.070184
83.385760,520.734305
83.388662,521.035180
83.391565,522.240419
83.394467,522.542164
83.397370,523.624506
83.400272,524.229770
83.403175,524.835734
83.406077,526.196221
83.408980,525.892366
83.411882,527.108840
83.414785,528.023042
83.417687,529.034879
83.420590,529.340549
83.423492,530.258622
83.426395,531.960020
83.429297,531.345831
83.432200,531.039002
83.435102,530.296051
83.438005,529.377913
83.440907,529.072221
83.443810,528.461366
83.446712,528.034809
83.449615,528.034809
83.452517,528.034809
83.455420,527.977581
83.458322,527.977581
83.461224,527.672697
83.464127,526.759101
83.467029,525.595186
83.469932,524.685188
83.472834,523.776765
83.475737,523.146661
83.478639,522.542647
83.481542,521.939330
83.484444,520.734787
83.487347,519.414211
83.490249,519.414211
83.493152,518.814507
83.496054,518.256915
83.498957,517.658547
83.501859,517.060869
83.504762,515.569693
83.507664,515.265546
83.510567,515.861149
83.513469,515.861149
83.516372,515.335117
83.519274,515.335117
83.522177,515.632872
83.525079,515.525245
83.527982,515.823110
83.530884,516.121148
83.533787,516.717739
83.536689,517.278315
83.539592,517.577193
83.542494,517.876244
83.545397,517.993120
83.548299,518.591875
83.551202,519.491305
83.554104,520.392295
83.557007,521.333782
83.559909,522.539712
83.562812,523.143722
83.565714,524.155182
83.568617,524.458033
83.571519,524.761059
83.574422,525.064261
83.577324,524.953705
83.580227,525.257018
83.583129,525.864170
83.586032,526.508553
83.588934,527.421713
83.591837,527.726452
83.594739,528.031367
83.597642,528.149047
83.600544,528.454206
83.603447,528.149047
83.606349,528.105644
83.609252,527.800686
83.612154,527.495905
83.615057,526.803657
83.617959,526.499451
83.620862,526.195421
83.623764,525.891566
83.626667,524.936614
83.629569,524.027756
83.632472,522.516488
83.635374,522.126871
83.638277,521.825366
83.641179,522.428550
83.644082,521.222877
83.646984,521.020487
83.649887,520.418928
83.652789,519.818064
83.655692,520.072470
83.658594,520.072470
83.661497,519.172034
83.664399,519.172034
83.667302,520.021603
83.670204,520.021603
83.673107,520.021603
83.676009,520.625896
83.678912,521.227694
83.681814,520.926708
83.684717,520.625896
83.687619,520.645076
83.690522,521.246896
83.693424,522.150931
83.696327,521.971086
83.699229,522.272675
83.702132,522.272675
83.705034,522.696030
83.707937,522.696030
83.710839,522.394196
83.713741,522.394196
83.716644,522.937866
83.719546,523.240014
83.722449,523.240014
83.725351,523.499469
83.728254,523.499469
83.731156,523.197171
83.734059,523.197171
83.736961,523.034342
83.739864,523.336546
83.742766,523.638924
83.745669,523.808924
83.748571,523.506448
83.751474,523.506448
83.754376,524.111576
83.757279,523.750287
83.760181,523.750287
83.763084,523.447844
83.765986,523.381858
83.768889,523.079628
83.771791,522.777572
83.774694,522.777572
83.777596,522.497861
83.780499,522.497861
83.783401,522.497861
83.786304,522.130029
83.789206,520.925045
83.792109,519.122781
83.795011,517.166851
83.797914,516.271445
83.800816,514.188189
83.803719,513.594519
83.806621,502.570991
83.809524,501.700856
83.812426,500.253977
83.815329,499.416273
83.818231,499.993555
83.821134,499.127883
83.824036,499.416273
83.826939,499.668769
83.829841,499.668769
83.832744,499.380232
83.835646,498.976464
83.838549,499.841874
83.841451,499.264767
83.844354,499.264767
83.847256,499.814883
83.850159,500.103670
83.853061,499.814883
83.855964,499.698400
83.858866,499.698400
83.861769,499.698400
83.864671,499.698400
83.867574,499.488129
83.870476,499.488129
83.873379,499.488129
83.876281,499.843697
83.879184,499.555059
83.882086,499.555059
83.884989,499.843697
83.887891,499.735016
83.890794,499.735016
83.893696,499.735016
83.896599,499.975056
83.899501,499.975056
83.902404,500.263936
83.905306,499.916412
83.908209,499.916412
83.911111,499.916412
83.914014,499.627732
83.916916,499.718487
83.919819,500.007219
83.922721,500.296118
83.925624,500.614047
83.928526,500.324965
83.931429,500.324965
83.934331,500.324965
83.937234,500.319423
83.940136,500.319423
83.943039,500.319423
83.945941,500.338784
83.948844,500.338784
83.951746,500.627874
83.954649,500.627874
83.957551,500.546370
83.960454,500.546370
83.963356,500.546370
83.966259,500.465110
83.969161,500.754273
83.972063,500.754273
83.974966,501.043604
83.977868,501.007139
83.980771,500.717830
83.983673,500.717830
83.986576,500.771013
83.989478,500.771013
83.992381,500.771013
83.995283,500.481147
83.998186,500.192141
84.001088,500.192141
84.003991,500.192141
84.006893,500.581078
84.009796,501.159706
84.012698,500.581078
84.015601,500.132275
84.018503,498.978058
84.021406,498.401949
84.024308,497.251726
84.027211,496.103244
84.030113,495.816767
84.033016,496.676697
84.035918,497.158113
84.038821,500.616121
84.041723,498.020369
84.044626,499.172371
84.047528,500.033915
84.050431,500.322829
84.053333,500.033915
84.056236,500.978630
84.059138,501.557718
84.062041,503.008367
84.064943,503.589801
84.067846,502.914430
84.070748,499.440546
84.073651,499.440546
84.076553,436.161646
84.079456,436.665811
84.082358,436.161646
84.085261,435.871749
84.088163,436.375579
84.091066,437.132416
84.093968,438.143574
84.096871,437.415091
84.099773,439.694960
84.102676,438.173731
84.105578,437.408177
84.108481,438.166805
84.111383,438.419973
84.114286,438.926748
84.117188,438.425584
84.120091,438.172413
84.122993,437.666508
84.125896,437.553100
84.128798,438.565232
84.131701,440.342098
84.134603,441.105814
84.137506,441.071589
84.140408,441.326435
84.143311,441.326435
84.146213,442.079014
84.149116,442.845743
84.152018,442.334442
84.154921,442.079014
84.157823,442.612909
84.160726,442.612909
84.163628,442.612909
84.166531,442.656458
84.169433,442.656458
84.172336,442.912220
84.175238,443.040948
84.178141,443.296932
84.181043,442.273881
84.183946,442.273881
84.186848,442.514522
84.189751,442.258989
84.192653,442.514522
84.195556,442.226026
84.198458,442.481540
84.201361,442.481540
84.204263,442.481540
84.207166,442.571485
84.210068,442.827198
84.212971,442.315919
84.215873,442.157309
84.218776,442.668405
84.221678,442.157309
84.224580,442.412783
84.227483,442.674911
84.230385,442.419286
84.233288,442.163808
84.236190,442.505083
84.239093,442.760758
84.241995,442.760758
84.244898,442.760758
84.247800,442.837147
84.250703,442.581428
84.253605,442.581428
84.256508,442.538558
84.259410,442.794253
84.262313,442.794253
84.265215,442.596125
84.268118,442.596125
84.271020,442.596125
84.273923,0.000000
84.276825,442.979660
84.279728,442.979660
84.282630,442.979660
84.285533,442.647385
84.288435,442.647385
84.291338,442.647385
84.294240,442.647385
84.297143,442.819631
84.300045,442.563922
84.302948,442.819631
84.305850,442.825777
84.308753,442.570065
84.311655,442.570065
84.314558,442.825777
84.317460,442.902287
84.320363,442.902287
84.323265,442.646531
84.326168,442.611945
84.329070,442.611945
84.331973,442.611945
84.334875,442.611945
84.337778,442.636483
84.340680,442.892234
84.343583,442.636483
84.346485,442.636800
84.349388,442.636800
84.352290,442.636800
84.355193,442.629662
84.358095,442.629662
84.360998,442.629662
84.363900,442.629662
84.366803,442.557691
84.369705,442.557691
84.372608,442.557691
84.375510,442.542178
84.378413,442.797874
84.381315,442.797874
84.384218,442.797874
84.387120,442.806879
84.390023,442.551178
84.392925,442.551178
84.395828,442.798798
84.398730,442.798798
84.401633,442.798798
84.404535,442.798798
84.407438,442.812157
84.410340,442.812157
84.413243,442.812157
84.416145,442.807508
84.419048,442.807508
84.421950,442.551806
84.424853,442.551806
84.427755,442.531288
84.430658,442.531288
84.433560,442.531288
84.436463,442.837851
84.439365,442.837851
84.442268,442.837851
84.445170,442.777081
84.448073,442.521397
84.450975,442.521397
84.453878,442.521397
84.456780,442.505567
84.459683,442.761242
84.462585,442.761242
84.465488,442.470418
84.468390,442.470418
84.471293,442.470418
84.474195,442.726072
84.477098,442.768435
84.480000,442.512756
84.482902,442.768435
84.485805,442.649066
84.488707,442.649066
84.491610,442.649066
84.494512,442.649066
84.497415,442.828922
84.500317,442.573207
84.503220,442.828922
84.506122,442.819578
84.509025,442.563869
84.511927,442.819578
84.514830,442.819578
84.517732,443.296469
84.520635,443.296469
84.523537,443.040485
84.526440,442.658770
84.529342,442.658770
84.532245,442.403154
84.535147,442.186332
84.538050,442.186332
84.540952,442.186332
84.543855,442.186332
84.546757,442.459716
84.549660,442.459716
84.552562,442.459716
84.555465,442.457636
84.558367,442.457636
84.561270,442.457636
84.564172,442.713283
84.567075,442.714641
84.569977,442.714641
84.572880,442.714641
84.575782,443.028418
84.578685,443.284395
84.581587,443.028418
84.584490,443.028418
84.587392,295.041265
84.590295,0.000000
84.593197,0.000000
84.596100,0.000000
84.599002,0.000000
84.601905,0.000000
84.604807,0.000000
84.607710,0.000000
84.610612,0.000000
84.613515,0.000000
84.616417,0.000000
84.619320,0.000000
84.622222,0.000000
84.625125,0.000000
84.628027,0.000000
84.630930,0.000000
84.633832,0.000000
84.636735,0.000000
84.639637,0.000000
84.642540,0.000000
84.645442,0.000000
84.648345,0.000000
84.651247,295.231961
84.654150,295.061477
84.657052,294.971856
84.659955,295.142288
84.662857,295.312818
84.665760,295.228137
84.668662,295.228137
84.671565,295.228137
84.674467,295.228137
84.677370,295.545273
84.680272,295.374609
84.683175,295.374609
84.686077,295.204946
84.688980,295.375513
84.691882,295.204946
84.694785,295.034479
84.697687,295.122021
84.700590,295.292540
84.703492,295.122021
84.706395,294.878508
84.709297,294.708229
84.712200,294.878508
84.715102,295.104166
84.718005,295.104166
84.720907,295.445281
84.723810,295.274674
84.726712,295.230563
84.729615,295.230563
84.732517,295.230563
84.735420,295.176350
84.738322,295.176350
84.741224,295.346899
84.744127,295.346899
84.747029,295.347829
84.749932,295.177279
84.752834,295.177279
84.755737,295.314982
84.758639,295.144451
84.761542,295.314982
84.764444,295.314982
84.767347,295.240947
84.770249,295.240947
84.773152,295.240947
84.776054,295.306382
84.778957,0.000000
84.781859,0.000000
84.784762,0.000000
84.787664,0.000000
84.790567,0.000000
84.793469,0.000000
84.796372,0.000000
84.799274,0.000000
84.802177,0.000000
84.805079,0.000000
84.807982,0.000000
84.810884,0.000000
84.813787,0.000000
84.816689,0.000000
84.819592,0.000000
84.822494,0.000000
84.825397,0.000000
84.828299,0.000000
84.831202,0.000000
84.834104,0.000000
84.837007,0.000000
84.839909,0.000000
84.842812,0.000000
84.845714,0.000000
84.848617,0.000000
84.851519,0.000000
84.854422,0.000000
84.857324,0.000000
84.860227,0.000000
84.863129,0.000000
84.866032,0.000000
84.868934,0.000000
84.871837,0.000000
84.874739,0.000000
84.877642,0.000000
84.880544,0.000000
84.883447,0.000000
84.886349,0.000000
84.889252,294.979146
84.892154,294.979146
84.895057,294.817561
84.897959,295.328884
84.900862,294.987904
84.903764,295.158344
84.906667,295.026643
84.909569,295.026643
84.912472,295.026643
84.915374,295.064933
84.918277,295.235419
84.921179,295.064933
84.924082,295.235419
84.926984,295.345186
84.929887,295.515833
84.932789,295.345186
84.935692,295.092598
84.938594,295.092598
84.941497,295.092598
84.944399,295.092598
84.947302,295.098482
84.950204,295.268987
84.953107,295.098482
84.956009,295.240264
84.958912,295.240264
84.961814,294.899386
84.964717,294.899386
84.967619,295.082263
84.970522,295.082263
84.973424,295.082263
84.976327,295.110049
84.979229,295.451171
84.982132,295.110049
84.985034,294.849136
84.987937,294.338644
84.990839,294.678874
84.993741,295.019497
84.996644,295.223157
84.999546,295.223157
85.002449,295.223157
85.005351,0.000000
85.008254,0.000000
85.011156,0.000000
85.014059,0.000000
85.016961,0.000000
85.019864,0.000000
85.022766,0.000000
85.025669,0.000000
85.028571,0.000000
85.031474,0.000000
85.034376,0.000000
85.037279,0.000000
85.040181,0.000000
85.043084,0.000000
85.045986,0.000000
85.048889,0.000000
85.051791,0.000000
85.054694,0.000000
85.057596,0.000000
85.060499,0.000000
85.063401,0.000000
85.066304,0.000000
85.069206,0.000000
85.072109,0.000000
85.075011,0.000000
85.077914,0.000000
85.080816,0.000000
85.083719,0.000000
85.086621,493.350805
85.089524,495.922218
85.092426,495.349637
85.095329,495.203451
85.098231,496.062317
85.101134,497.209789
85.104036,498.359916
85.106939,499.809550
85.109841,499.809550
85.112744,499.520933
85.115646,499.306976
85.118549,499.306976
85.121451,499.018648
85.124354,498.442492
85.127256,497.763662
85.130159,496.901850
85.133061,495.755089
85.135964,494.412693
85.138866,493.556683
85.141769,493.271676
85.144671,492.986833
85.147574,492.816625
85.150476,492.816625
85.153379,492.532045
85.156281,492.316635
85.159184,492.316635
85.162086,492.316635
85.164989,492.601090
85.167891,492.343376
85.170794,492.627847
85.173696,492.627847
85.176599,492.736995
85.179501,493.021693
85.182404,493.591583
85.185306,493.902201
85.188209,494.187573
85.191111,494.758810
85.194014,495.044677
85.196916,495.744182
85.199819,496.890918
85.202721,498.328070
85.205624,498.896534
85.208526,499.473215
85.211429,498.896534
85.214331,498.896534
85.217234,500.048710
85.220136,501.494995
85.223039,501.784753
85.225941,501.453575
85.228844,501.164007
85.231746,502.323281
85.234649,503.194495
85.237551,503.289646
85.240454,0.000000
85.243356,503.289646
85.246259,502.870469
85.249161,502.580084
85.252063,502.289866
85.254966,501.999816
85.257868,502.222144
85.260771,501.642289
85.263673,501.352613
85.266576,500.994690
85.269478,500.416253
85.272381,500.127285
85.275283,499.468988
85.278186,498.316302
85.281088,497.453533
85.283991,497.740957
85.286893,496.150955
85.289796,495.291935
85.292698,495.291935
85.295601,495.308575
85.298503,495.308575
85.301406,495.308575
85.304308,495.308575
85.307211,495.747904
85.310113,495.747904
85.313016,496.607715
85.315918,496.323670
85.318821,495.750625
85.321723,495.750625
85.324626,496.037065
85.327528,497.028914
85.330431,497.890946
85.333333,498.178623
85.336236,498.350242
85.339138,498.062466
85.342041,497.774857
85.344943,498.062466
85.347846,498.908664
85.350748,499.485359
85.353651,499.773956
85.356553,499.387265
85.359456,499.964513
85.362358,499.675806
85.365261,500.093268
85.368163,500.382217
85.371066,499.804486
85.373968,499.515871
85.376871,500.135636
85.379773,499.558190
85.382676,499.558190
85.385578,499.499806
85.388481,498.923095
85.391383,498.634989
85.394286,498.923095
85.397188,498.584610
85.400091,498.872687
85.402993,498.584610
85.405896,499.760333
85.408798,498.895064
85.411701,498.895064
85.414603,498.895064
85.417506,499.087209
85.420408,498.799008
85.423311,498.223106
85.426213,498.581211
85.429116,499.157527
85.432018,499.734510
85.434921,499.734510
85.437823,499.765633
85.440726,499.188615
85.443628,499.188615
85.446531,499.049441
85.449433,499.049441
85.452336,499.337786
85.455238,499.683538
85.458141,499.683538
85.461043,499.972250
85.463946,499.972250
85.466848,500.064310
85.469751,499.775545
85.472653,499.198515
85.475556,498.762502
85.478458,498.186641
85.481361,497.324097
85.484263,497.611446
85.487166,498.265247
85.490068,498.265247
85.492971,499.417815
85.495873,500.494385
85.498776,500.494385
85.501678,498.186946
85.504580,0.000000
85.507483,0.000000
85.510385,498.425315
85.513288,498.713300
85.516190,499.515114
85.519093,501.538921
85.521995,499.803728
85.524898,499.803728
85.527800,503.064355
85.530703,501.903371
85.533605,501.903371
85.536508,511.750120
85.539410,514.120380
85.542313,518.893885
85.545215,520.005955
85.548118,520.907838
85.551020,521.811285
85.553923,522.716299
85.556825,523.808732
85.559728,525.323738
85.562630,527.147530
85.565533,527.999206
85.568435,528.609527
85.571338,528.609527
85.574240,528.304278
85.577143,528.494289
85.580045,528.189107
85.582948,527.884101
85.585850,527.083845
85.588753,526.475285
85.591655,526.171269
85.594558,525.867428
85.597460,525.127320
85.600363,524.218131
85.603265,523.310517
85.606168,522.180209
85.609070,521.577311
85.611973,520.674269
85.614875,520.073110
85.617778,519.497534
85.620680,518.598093
85.623583,517.700209
85.626485,517.146056
85.629388,516.847427
85.632290,516.847427
85.635193,516.675821
85.638095,516.675821
85.640998,517.273053
85.643900,517.273053
85.646803,517.688023
85.649705,518.286425
85.652608,518.885519
85.655510,519.462426
85.658413,519.762566
85.661315,520.664027
85.664218,520.964861
85.667120,521.250306
85.670023,522.456042
85.672925,523.362174
85.675828,523.460287
85.678730,524.065362
85.681633,525.581110
85.684535,526.492662
85.687438,527.755144
85.690340,528.670467
85.693243,530.505878
85.696145,532.658545
85.699048,532.966309
85.701950,533.582372
85.704853,533.582372
85.707755,533.359859
85.710658,533.051867
85.713560,533.051867
85.716463,532.583496
85.719365,531.968587
85.722268,531.661398
85.725170,530.718840
85.728073,529.494034
85.730975,528.882692
85.733878,528.577285
85.736780,528.116156
85.739683,527.811192
85.742585,527.811192
85.745488,527.129447
85.748390,525.609234
85.751293,525.002377
85.754195,524.093405
85.757098,524.066798
85.760000,523.159446
85.762902,522.555418
85.765805,521.728477
85.768707,521.427202
85.771610,521.427202
85.774512,520.825173
85.777415,520.882792
85.780317,520.582006
85.783220,520.281392
85.786122,520.273277
85.789025,520.273277
85.791927,520.573886
85.794830,520.874668
85.797732,521.444297
85.800635,521.745582
85.803537,522.650482
85.806440,523.328017
85.809342,523.932938
85.812245,524.235661
85.815147,524.973173
85.818050,525.276497
85.820952,525.276497
85.823855,524.973173
85.826757,526.318061
85.829660,525.710386
85.832562,527.230891
85.835465,528.329109
85.838367,528.024022
85.841270,528.329109
85.844172,528.329109
85.847075,528.659924
85.849977,528.965378
85.852880,528.659924
85.855782,528.756944
85.858685,529.062454
85.861587,529.062454
85.864490,528.756944
85.867392,528.910392
85.870295,528.604970
85.873197,528.604970
85.876100,528.107623
85.879002,528.412758
85.881905,528.107623
85.884807,527.802664
85.887710,528.084738
85.890612,528.084738
85.893515,528.084738
85.896417,527.593468
85.899320,527.593468
85.902222,527.593468
85.905125,527.629119
85.908027,527.324437
85.910930,527.324437
85.913832,527.019930
85.916735,527.088144
85.919637,526.783774
85.922540,526.479579
85.925442,526.333186
85.928345,526.333186
85.931247,526.637296
85.934150,526.637296
85.937052,526.506460
85.939955,526.810670
85.942857,526.810670
85.945760,526.640035
85.948662,526.640035
85.951565,526.640035
85.954467,526.640035
85.957370,526.677306
85.960272,526.677306
85.963175,526.677306
85.966077,526.918574
85.968980,526.918574
85.971882,526.918574
85.974785,526.918574
85.977687,527.201064
85.980590,527.505676
85.983492,527.810463
85.986395,527.931833
85.989297,527.931833
85.992200,526.713460
85.995102,527.156301
85.998005,531.129667
86.000907,532.665847
86.003810,527.460886
86.006712,526.820126
86.009615,526.211871
86.012517,525.908007
86.015420,526.381364
86.018322,527.903810
86.021224,527.903810
86.024127,529.736559
86.027029,586.367772
86.029932,591.812080
86.032834,593.181037
86.035737,594.741841
86.038639,596.117575
86.041542,596.462005
86.044444,596.462005
86.047347,596.843655
86.050249,597.533554
86.053152,597.533554
86.056054,598.070374
86.058957,597.725015
86.061859,597.379855
86.064762,596.690134
86.067664,596.752790
86.070567,596.063792
86.073469,595.719592
86.076372,595.159924
86.079274,594.816246
86.082177,594.472766
86.085079,593.781147
86.087982,592.753094
86.090884,591.385124
86.093787,590.702324
86.096689,591.267152
86.099592,590.925722
86.102494,589.902612
86.105397,589.194198
86.108299,588.513927
86.111202,587.834441
86.114104,586.477823
86.117007,585.122094
86.119909,585.122094
86.122812,584.784212
86.125714,584.308144
86.128617,583.633514
86.131519,583.633514
86.134422,583.633514
86.137324,583.027374
86.140227,583.364241
86.143129,583.364241
86.146032,584.042227
86.148934,585.055173
86.151837,586.069875
86.154739,586.747321
86.157642,586.851270
86.160544,587.190347
86.163447,587.869088
86.166349,588.469447
86.169252,589.149666
86.172154,589.830672
86.175057,591.186323
86.177959,592.211659
86.180862,593.581540
86.183764,594.611030
86.186667,595.544224
86.189569,596.577118
86.192472,597.266709
86.195374,599.277080
86.198277,600.316448
86.201179,601.357619
86.204082,602.052736
86.206984,602.630240
86.209887,602.978433
86.212789,602.630240
86.215692,603.282661
86.218594,603.631232
86.221497,604.328977
86.224399,604.328977
86.227302,604.013286
86.230204,604.013286
86.233107,603.664495
86.236009,603.747799
86.238912,603.399161
86.241814,603.050725
86.244717,602.354455
86.247619,601.636384
86.250522,600.941747
86.253424,598.862647
86.256327,597.745615
86.259229,597.055471
86.262132,594.989816
86.265034,592.650266
86.267937,591.624170
86.270839,591.282533
86.273741,590.941094
86.276644,590.263170
86.279546,589.581665
86.282449,588.900947
86.285351,588.289262
86.288254,587.270717
86.291156,586.931594
86.294059,586.931594
86.296961,586.791939
86.299864,586.114442
86.302766,586.453092
86.305669,586.776780
86.308571,587.115813
86.311474,587.455042
86.314376,588.134089
86.317279,588.546102
86.320181,589.226410
86.323084,589.907504
86.325986,590.539208
86.328889,591.563421
86.331791,591.905220
86.334694,592.931803
86.337596,593.723896
86.340499,594.753633
86.343401,595.785156
86.346304,596.300671
86.349206,597.334877
86.352109,597.680011
86.355011,598.196205
86.357914,598.196205
86.360816,598.541836
86.363719,598.196205
86.366621,598.626198
86.369524,598.280518
86.372426,598.280518
86.375329,598.617750
86.378231,598.272074
86.381134,598.272074
86.384036,597.926598
86.386939,597.894583
86.389841,597.894583
86.392744,597.894583
86.395646,598.166727
86.398549,597.821312
86.401451,598.166727
86.404354,598.166727
86.407256,597.806624
86.410159,597.461417
86.413061,597.116409
86.415964,596.833712
86.418866,596.833712
86.421769,596.833712
86.424671,596.489066
86.427574,596.346548
86.430476,596.002184
86.433379,596.346548
86.436281,596.215449
86.439184,595.871161
86.442086,595.527072
86.444989,596.215449
86.447891,596.218396
86.450794,596.907572
86.453696,596.218396
86.456599,596.913761
86.459501,595.192293
86.462404,0.000000
86.465306,0.000000
86.468209,0.000000
86.471111,0.000000
86.474014,0.000000
86.476916,787.516522
86.479819,787.061766
86.482721,788.426822
86.485624,788.229425
86.488526,788.684856
86.491429,787.774257
86.494331,788.229425
86.497234,788.596810
86.500136,788.596810
86.503039,789.052453
86.505941,788.873100
86.508844,788.873100
86.511746,788.873100
86.514649,789.784969
86.517551,789.667451
86.520454,789.667451
86.523356,789.667451
86.526259,789.241211
86.529161,788.785459
86.532063,787.874745
86.534966,787.874745
86.537868,787.720961
86.540771,786.811476
86.543673,785.903040
86.546576,786.041524
86.549478,786.041524
86.552381,786.041524
86.555283,786.073749
86.558186,786.527934
86.561088,786.073749
86.563991,786.073749
86.566893,785.935891
86.569796,785.028467
86.572698,783.669294
86.575601,783.162030
86.578503,782.709789
86.581406,782.257808
86.584308,782.257808
86.587211,781.810410
86.590113,781.810410
86.593016,781.810410
86.595918,781.553575
86.598821,781.102262
86.601723,780.651210
86.604626,781.102262
86.607528,781.329308
86.610431,782.232456
86.613333,782.232456
86.616236,783.057355
86.619138,784.415466
86.622041,785.322182
86.624943,785.775933
86.627846,786.402782
86.630748,786.857157
86.633651,788.221859
86.636553,788.951302
86.639456,789.407150
86.642358,790.319636
86.645261,792.904334
86.648163,795.197641
86.651066,795.657098
86.653968,796.576808
86.656871,796.916924
86.659773,796.916924
86.662676,796.456739
86.665578,796.138575
86.668481,795.219371
86.671383,794.301228
86.674286,792.926001
86.677188,791.695569
86.680091,790.781494
86.682993,790.324853
86.685896,789.327497
86.688798,789.327497
86.691701,788.416157
86.694603,787.505869
86.697506,786.838255
86.700408,785.475949
86.703311,785.475949
86.706213,784.865925
86.709116,783.959736
86.712018,783.507034
86.714921,783.507034
86.717823,783.599533
86.720726,783.147039
86.723628,783.147039
86.726531,783.297577
86.729433,783.297577
86.732336,783.297577
86.735238,783.540867
86.738141,783.993589
86.741043,783.540867
86.743946,783.540867
86.746848,783.816256
86.749751,784.269137
86.752653,785.175684
86.755556,785.479544
86.758458,786.387490
86.761361,786.841856
86.764263,787.751377
86.767166,787.862012
86.770068,788.317230
86.772971,788.317230
86.775873,788.605280
86.778776,789.060927
86.781678,789.060927
86.784580,789.060927
86.787483,788.501695
86.790385,788.957283
86.793288,788.957283
86.796190,789.213101
86.799093,789.669100
86.801995,789.669100
86.804898,789.669100
86.807800,789.300820
86.810703,789.756870
86.813605,789.756870
86.816508,789.723267
86.819410,789.723267
86.822313,789.723267
86.825215,788.967222
86.828118,788.967222
86.831020,788.967222
86.833923,789.423079
86.836825,789.285897
86.839728,789.285897
86.842630,789.285897
86.845533,788.785174
86.848435,789.240926
86.851338,789.696941
86.854240,789.696941
86.857143,789.505557
86.860045,789.505557
86.862948,789.049653
86.865850,788.194851
86.868753,788.650262
86.871655,789.105936
86.874558,790.018074
86.877460,788.809958
86.880363,789.265724
86.883265,787.444238
86.886168,786.685687
86.889070,787.595027
86.891973,786.685687
86.894875,786.685687
86.897778,789.087132
86.900680,786.357097
86.903583,786.811446
86.906485,787.196672
86.909388,786.742100
86.912290,786.742100
86.915193,784.767871
86.918095,785.221301
86.920998,792.054284
86.923900,790.226363
86.926803,500.846072
86.929705,499.113276
86.932608,498.249127
86.935510,498.515170
86.938413,498.803207
86.941315,499.091410
86.944218,499.379780
86.947120,499.453037
86.950023,499.164625
86.952925,499.164625
86.955828,499.095103
86.958730,499.383475
86.961633,499.672013
86.964535,499.383475
86.967438,499.460890
86.970340,499.460890
86.973243,499.749474
86.976145,500.101062
86.979048,500.101062
86.981950,500.101062
86.984853,500.390015
86.987755,500.451757
86.990658,500.451757
86.993560,500.451757
86.996463,500.669456
86.999365,500.669456
87.002268,500.669456
87.005170,500.710214
87.008073,500.710214
87.010975,500.999520
87.013878,500.999520
87.016780,500.863120
87.019683,500.573894
87.022585,500.573894
87.025488,500.907361
87.028390,501.196780
87.031293,500.907361
87.034195,500.618109
87.037098,500.492537
87.040000,500.781717
87.042902,500.781717
87.045805,500.462097
87.048707,500.462097
87.051610,500.751259
87.054512,500.751259
87.057415,500.475968
87.060317,500.475968
87.063220,500.765138
87.066122,500.753858
87.069025,500.464695
87.071927,500.175699
87.074830,500.175699
87.077732,500.501857
87.080635,501.080393
87.083537,500.791041
87.086440,500.523879
87.089342,500.523879
87.092245,500.523879
87.095147,500.500299
87.098050,500.500299
87.100952,500.500299
87.103855,500.500299
87.106757,500.523156
87.109660,500.523156
87.112562,500.523156
87.115465,500.547893
87.118367,500.258849
87.121270,500.258849
87.124172,500.258849
87.127075,500.019379
87.129977,500.019379
87.132880,499.730640
87.135782,498.573121
87.138685,497.135263
87.141587,494.271974
87.144490,493.986554
87.147392,481.114264
87.150295,481.114264
87.153197,487.267130
87.156100,442.311463
87.159002,442.311463
87.161905,442.056048
87.164807,442.056048
87.167710,442.689141
87.170612,442.944922
87.173515,442.433507
87.176417,442.140335
87.179320,442.395799
87.182222,442.651411
87.185125,442.598099
87.188027,442.853827
87.190930,442.598099
87.193832,442.598099
87.196735,442.343525
87.199637,442.599107
87.202540,442.854836
87.205442,443.062519
87.208345,443.062519
87.211247,443.318516
87.214150,443.062519
87.217052,442.958117
87.219955,442.958117
87.222857,443.470138
87.225760,443.291284
87.228662,443.291284
87.231565,443.547413
87.234467,443.547413
87.237370,443.462286
87.240272,443.462286
87.243175,443.462286
87.246077,443.336486
87.248980,443.336486
87.251882,443.592641
87.254785,443.592641
87.257687,443.561270
87.260590,443.561270
87.263492,443.817555
87.266395,443.668206
87.269297,443.668206
87.272200,443.668206
87.275102,443.528777
87.278005,443.785044
87.280907,443.785044
87.283810,443.785044
87.286712,443.720635
87.289615,443.720635
87.292517,443.720635
87.295420,443.716658
87.298322,443.716658
87.301224,443.716658
87.304127,443.716658
87.307029,443.694337
87.309932,443.694337
87.312834,443.694337
87.315737,443.615957
87.318639,443.615957
87.321542,443.615957
87.324444,443.872273
87.327347,444.090348
87.330249,443.833905
87.333152,443.833905
87.336054,443.781305
87.338957,443.781305
87.341859,443.781305
87.344762,443.781305
87.347664,443.647696
87.350567,443.391509
87.353469,443.391509
87.356372,443.466018
87.359274,443.466018
87.362177,441.931742
87.365079,442.702455
87.367982,442.702455
87.370884,442.702455
87.373787,441.935975
87.376689,442.347197
87.379592,443.114390
87.382494,443.626592
87.385397,487.233381
87.388299,486.670832
87.391202,488.642601
87.394104,491.473278
87.397007,492.640675
87.399909,494.351000
87.402812,495.494513
87.405714,495.986438
87.408617,496.273013
87.411519,496.273013
87.414422,496.846662
87.417324,497.223045
87.420227,496.935921
87.423129,496.935921
87.426032,497.166767
87.428934,497.166767
87.431837,497.166767
87.434739,497.166767
87.437642,497.375791
87.440544,497.375791
87.443447,497.663170
87.446349,497.704950
87.449252,497.992519
87.452154,497.992519
87.455057,497.983681
87.457959,497.983681
87.460862,498.271411
87.463764,498.271411
87.466667,498.610311
87.469569,498.610311
87.472472,498.610311
87.475374,498.405437
87.478277,498.405437
87.481179,498.405437
87.484082,498.405437
87.486984,498.359810
87.489887,498.359810
87.492789,498.359810
87.495692,498.237941
87.498594,498.237941
87.501497,498.237941
87.504399,498.525818
87.507302,498.630294
87.510204,498.630294
87.513107,498.630294
87.516009,498.542293
87.518912,498.542293
87.521814,498.542293
87.524717,498.542293
87.527619,498.666972
87.530522,498.666972
87.533424,498.666972
87.536327,498.919095
87.539229,498.630992
87.542132,498.630992
87.545034,497.921401
87.547937,0.000000
87.550839,497.633873
87.553741,496.198724
87.556644,494.749874
87.559546,493.323042
87.562449,495.035735
87.565351,496.477892
87.568254,499.353960
87.571156,500.220024
87.574059,497.626326
87.576961,497.010204
87.579864,495.576853
87.582766,498.159869
87.585669,497.319590
87.588571,499.911689
87.591474,503.970723
87.594376,503.679703
87.597279,512.651918
87.600181,510.288428
87.603084,512.060021
87.605986,521.055251
87.608889,521.958954
87.611791,522.260536
87.614694,523.468609
87.617596,524.412930
87.620499,524.715931
87.623401,525.019106
87.626304,524.910576
87.629206,525.213864
87.632109,525.820965
87.635011,525.627041
87.637914,525.930743
87.640816,525.930743
87.643719,526.234620
87.646621,526.614346
87.649524,526.614346
87.652426,526.310249
87.655329,526.607683
87.658231,526.303590
87.661134,526.303590
87.664036,526.303590
87.666939,526.661342
87.669841,526.661342
87.672744,526.661342
87.675646,527.050217
87.678549,526.745869
87.681451,526.745869
87.684354,526.745869
87.687256,526.740605
87.690159,527.044951
87.693061,527.044951
87.695964,526.857863
87.698866,526.857863
87.701769,526.857863
87.704671,526.553626
87.707574,526.715147
87.710476,527.019477
87.713379,527.019477
87.716281,526.845266
87.719184,526.845266
87.722086,527.149671
87.724989,527.149671
87.727891,527.290257
87.730794,527.290257
87.733696,526.985770
87.736599,526.933885
87.739501,526.933885
87.742404,526.933885
87.745306,526.981543
87.748209,526.981543
87.751111,526.981543
87.754014,526.677235
87.756916,526.680711
87.759819,526.985022
87.762721,526.985022
87.765624,526.397419
87.768526,525.789652
87.771429,525.182587
87.774331,524.879317
87.777234,524.232565
87.780136,523.324926
87.783039,523.627298
87.785941,524.409326
87.788844,524.409326
87.791746,524.106503
87.794649,525.015497
87.797551,526.612542
87.800454,526.308447
87.803356,527.525884
87.806259,532.087813
87.809161,534.861129
87.812063,531.473476
87.814966,533.010650
87.817868,586.230661
87.820771,586.569379
87.823673,588.605800
87.826576,589.847485
87.829478,590.870498
87.832381,592.579466
87.835283,593.574411
87.838186,593.574411
87.841088,594.603888
87.843991,594.947444
87.846893,594.895329
87.849796,594.895329
87.852698,594.895329
87.855601,595.378955
87.858503,594.691544
87.861406,594.348136
87.864308,593.661914
87.867211,593.103193
87.870113,592.418409
87.873016,591.734416
87.875918,591.313657
87.878821,590.289876
87.881723,589.608340
87.884626,588.927591
87.887528,588.015976
87.890431,587.337065
87.893333,586.658939
87.896236,586.734257
87.899138,585.718404
87.902041,585.380177
87.904943,584.366669
87.907846,583.912961
87.910748,583.912961
87.913651,584.587913
87.916553,585.133939
87.919456,585.472023
87.922358,584.796050
87.925261,584.917515
87.928163,585.255474
87.931066,585.593629
87.933968,586.270524
87.936871,586.490776
87.939773,586.829644
87.942676,587.507968
87.945578,588.096275
87.948481,589.797219
87.951383,590.478973
87.954286,590.820146
87.957188,591.206686
87.960091,592.232058
87.962993,593.601986
87.965896,594.591212
87.968798,594.591212
87.971701,594.934761
87.974603,597.000225
87.977506,599.265945
87.980408,600.305294
87.983311,599.958644
87.986213,600.577093
87.989116,600.577093
87.992018,600.924100
87.994921,601.271307
87.997823,601.347415
88.000726,601.694867
88.003628,601.694867
88.006531,601.444581
88.009433,601.097273
88.012336,600.750166
88.015238,600.361830
88.018141,600.361830
88.021043,600.015148
88.023946,599.668666
88.026848,598.845392
88.029751,598.153978
88.032653,597.463363
88.035556,596.436756
88.038458,595.060285
88.041361,593.344163
88.044263,592.659101
88.047166,590.778187
88.050068,590.437039
88.052971,588.734250
88.055873,587.878653
88.058776,588.558189
88.061678,589.238511
88.064580,588.218323
88.067483,583.628117
88.070385,582.954273
88.073288,581.944965
88.076190,581.875504
88.079093,582.211706
88.081995,581.539497
88.084898,581.875504
88.087800,581.560938
88.090703,582.233171
88.093605,582.906182
88.096508,583.796239
88.099410,584.133550
88.102313,584.133550
88.105215,584.493298
88.108118,585.507026
88.111020,586.861398
88.113923,586.522512
88.116825,587.717210
88.119728,588.396560
88.122630,588.736529
88.125533,589.335017
88.128435,591.039544
88.131338,592.406714
88.134240,593.091484
88.137143,593.985351
88.140045,595.703327
88.142948,596.736498
88.145850,598.224784
88.148753,599.608575
88.151655,600.301670
88.154558,601.342816
88.157460,601.782350
88.160363,601.434847
88.163265,601.782350
88.166168,602.161012
88.169070,602.508934
88.171973,601.813290
88.174875,601.118450
88.177778,601.264028
88.180680,601.611432
88.183583,601.611432
88.186485,601.567152
88.189388,601.219773
88.192290,600.872595
88.195193,600.870746
88.198095,600.176994
88.200998,599.484043
88.203900,598.791892
88.206803,598.034378
88.209705,597.689040
88.212608,595.621193
88.215510,594.629754
88.218413,593.257454
88.221315,592.230307
88.224218,591.204939
88.227120,590.312442
88.230023,589.630880
88.232925,588.610013
88.235828,586.851027
88.238730,586.512147
88.241633,586.851027
88.244535,584.820677
88.247438,583.664870
88.250340,583.327829
88.253243,582.990983
88.256145,583.670549
88.259048,584.345221
88.261950,584.007788
88.264853,584.345221
88.267755,584.559682
88.270658,585.235382
88.273560,585.911863
88.276463,587.214561
88.279365,587.214561
88.282268,587.214561
88.285170,587.330271
88.288073,588.688861
88.290975,589.709866
88.293878,590.050594
88.296780,590.942144
88.299683,591.967056
88.302585,592.651319
88.305488,593.721328
88.308390,594.064374
88.311293,596.471252
88.314195,596.815887
88.317098,598.866108
88.320000,599.904763
88.322902,600.598201
88.325805,601.379567
88.328707,601.032297
88.331610,602.074710
88.334512,602.422582
88.337415,602.712538
88.340317,602.712538
88.343220,602.712538
88.346122,602.231173
88.349025,601.883411
88.351927,601.535850
88.354830,601.883411
88.357732,601.268918
88.360635,601.616324
88.363537,600.921711
88.366440,601.232464
88.369342,600.885278
88.372245,600.538294
88.375147,599.613817
88.378050,598.921516
88.380952,598.230014
88.383855,596.849405
88.386757,595.418729
88.389660,594.387841
88.392562,592.673658
88.395465,592.603171
88.398367,590.894135
88.401270,590.211902
88.404172,589.190028
88.407075,587.697606
88.409977,587.019063
88.412880,588.037171
88.415782,585.810224
88.418685,585.471944
88.421587,584.458277
88.424490,584.795971
88.427392,583.985470
88.430295,583.985470
88.433197,584.322891
88.436100,585.065663
88.439002,585.741948
88.441905,586.757842
88.444807,586.757842
88.447710,587.256797
88.450612,587.935615
88.453515,588.275318
88.456417,588.440296
88.459320,588.440296
88.462222,589.120482
88.465125,590.489914
88.468027,591.855813
88.470930,592.539946
88.473832,593.567630
88.476735,594.132803
88.479637,594.476087
88.482540,596.195483
88.485442,597.610802
88.488345,599.685557
88.491247,600.378741
88.494150,600.725633
88.497052,601.206663
88.499955,601.901605
88.502857,601.554033
88.505760,601.264362
88.508662,601.264362
88.511565,601.611767
88.514467,600.917159
88.517370,600.739938
88.520272,601.087040
88.523175,600.739938
88.526077,601.031752
88.528980,601.379022
88.531882,601.379022
88.534785,601.031752
88.537687,601.077023
88.540590,600.729927
88.543492,600.729927
88.546395,599.879416
88.549297,598.840805
88.552200,597.458786
88.555102,596.361075
88.558005,593.954641
88.560907,593.611659
88.563810,591.899714
88.566712,590.561694
88.569615,590.220671
88.572517,589.198782
88.575420,588.242753
88.578322,589.262984
88.581224,590.284984
88.584127,590.284984
88.587029,588.173768
88.589932,588.173768
88.592834,588.513608
88.595737,588.566173
88.598639,588.906241
88.601542,589.246505
88.604444,589.586965
88.607347,590.000351
88.610249,590.000351
88.613152,590.341247
88.616054,590.824223
88.618957,591.165595
88.621859,592.190895
88.624762,592.875416
88.627664,594.009257
88.630567,594.352470
88.633469,595.039489
88.636372,595.877249
88.639274,597.600698
88.642177,597.945985
88.645079,598.061074
88.647982,599.098334
88.650884,599.444486
88.653787,599.098334
88.656689,598.791051
88.659592,598.445276
88.662494,598.099700
88.665397,596.954583
88.668299,596.609868
88.671202,596.265352
88.674104,596.265352
88.677007,596.296188
88.679909,596.296188
88.682812,596.296188
88.685714,596.291659
88.688617,596.636190
88.691519,596.636190
88.694422,595.947327
88.697324,595.259698
88.700227,594.915961
88.703129,594.229084
88.706032,594.719930
88.708934,595.063553
88.711837,595.751395
88.714739,596.095614
88.717642,596.559244
88.720544,596.559244
88.723447,596.559244
88.726349,596.509673
88.729252,596.854330
88.732154,596.854330
88.735057,596.702769
88.737959,596.702769
88.740862,596.702769
88.743764,597.392505
88.746667,597.656676
88.749569,597.311555
88.752472,597.311555
88.755374,597.572868
88.758277,597.227796
88.761179,596.538249
88.764082,596.882923
88.766984,595.989914
88.769887,595.645756
88.772789,595.645756
88.775692,595.880987
88.778594,596.569773
88.781497,596.225281
88.784399,594.505799
88.787302,594.133597
88.790204,595.507924
88.793107,595.164044
88.796009,595.136945
88.798912,596.858253
88.801814,594.106545
88.804717,597.548169
88.807619,596.457844
88.810522,596.113415
88.813424,596.802471
88.816327,596.460732
88.819229,596.116302
88.822132,595.772071
88.825034,595.540856
88.827937,596.918439
88.830839,596.573745
88.833741,593.480442
88.836644,593.108695
88.839546,0.000000
88.842449,0.000000
88.845351,0.000000
88.848254,592.518434
88.851156,593.546080
88.854059,593.889025
88.856961,783.126187
88.859864,784.937685
88.862766,785.845004
88.865669,786.364353
88.868571,787.273322
88.871474,788.183341
88.874376,787.273322
88.877279,786.339758
88.880181,785.431867
88.883084,784.525025
88.885986,784.034848
88.888889,783.129618
88.891791,782.225434
88.894694,780.871114
88.897596,779.805532
88.900499,778.905185
88.903401,777.556614
88.906304,776.295887
88.909206,774.951834
88.912109,774.504333
88.915011,774.824666
88.917914,774.824666
88.920816,774.824666
88.923719,774.824666
88.926621,775.787388
88.929524,776.235629
88.932426,776.684130
88.935329,777.683137
88.938231,778.582071
88.941134,779.932420
88.944036,780.833954
88.946939,781.756928
88.949841,782.660571
88.952744,784.470992
88.955646,786.214297
88.958549,788.032938
88.961451,788.488256
88.964354,788.943836
88.967256,790.524420
88.970159,792.353031
88.973061,793.268922
88.975964,794.115805
88.978866,794.574637
88.981769,795.493096
88.984671,796.412617
88.987574,796.452485
88.990476,796.452485
88.993379,796.452485
88.996281,796.705816
88.999184,796.705816
89.002086,796.705816
89.004989,797.166145
89.007891,797.223519
89.010794,797.223519
89.013696,796.763157
89.016599,796.364688
89.019501,795.904822
89.022404,794.985888
89.025306,793.544914
89.028209,792.170997
89.031111,790.342806
89.034014,789.430293
89.036916,787.643547
89.039819,787.188717
89.042721,785.372025
89.045624,782.745067
89.048526,781.389848
89.051429,0.000000
89.054331,779.586538
89.057234,778.758158
89.060136,777.859021
89.063039,776.512261
89.065941,775.362284
89.068844,774.019847
89.071746,773.572885
89.074649,774.467068
89.077551,774.867311
89.080454,773.972666
89.083356,773.972666
89.086259,774.573035
89.089161,775.020575
89.092063,775.468374
89.094966,776.364747
89.097868,777.563203
89.100771,778.911786
89.103673,780.262707
89.106576,781.936125
89.109478,784.197709
89.112381,786.011685
89.115283,788.518969
89.118186,789.886553
89.121088,790.799593
89.123991,792.171132
89.126893,792.966846
89.129796,794.342144
89.132698,795.260334
89.135601,796.350955
89.138503,798.193044
89.141406,800.964169
89.144308,801.890014
89.147211,803.263577
89.150113,803.263577
89.153016,803.263577
89.155918,803.326309
89.158821,802.862423
89.161723,801.935456
89.164626,801.009559
89.167528,799.303942
89.170431,798.381083
89.173333,797.459290
89.176236,795.985927
89.179138,794.148932
89.182041,793.690346
89.184943,791.858649
89.187846,789.942643
89.190748,789.030592
89.193651,788.574962
89.196553,786.693169
89.199456,0.000000
89.202358,783.971417
89.205261,782.953390
89.208163,782.501269
89.211066,782.049409
89.213968,781.597810
89.216871,781.473456
89.219773,781.924983
89.222676,782.828820
89.225578,783.269523
89.228481,783.722088
89.231383,784.174914
89.234286,785.534964
89.237188,786.754180
89.240091,787.663600
89.242993,788.574070
89.245896,789.202413
89.248798,790.114663
89.251701,791.485014
89.254603,791.027966
89.257506,791.931784
89.260408,791.474479
89.263311,791.931784
89.266213,792.101048
89.269116,792.558716
89.272018,793.016648
89.274921,793.474844
89.277823,793.708651
89.280726,794.167247
89.283628,794.167247
89.286531,793.592962
89.289433,793.134697
89.292336,793.592962
89.295238,793.775173
89.298141,793.775173
89.301043,793.316803
89.303946,792.858698
89.306848,792.593167
89.309751,792.593167
89.312653,792.593167
89.315556,792.722449
89.318458,792.722449
89.321361,793.180475
89.324263,793.180475
89.327166,792.657163
89.330068,791.741978
89.332971,789.914777
89.335873,787.360638
89.338776,787.360638
89.341678,787.815567
89.344580,788.726213
89.347483,787.168504
89.350385,792.643693
89.353288,791.728524
89.356190,792.846958
89.359093,795.140099
89.361995,795.599523
89.364898,796.059212
89.367800,746.624212
89.370703,746.624212
89.373605,749.216303
89.376508,753.888527
89.379410,755.632393
89.382313,755.632393
89.385215,756.089386
89.388118,756.963360
89.391020,756.963360
89.393923,756.963360
89.396825,756.764757
89.399728,756.764757
89.402630,756.327759
89.405533,756.630263
89.408435,756.630263
89.411338,756.193342
89.414240,756.630263
89.417143,756.760144
89.420045,756.760144
89.422948,756.760144
89.425850,756.507038
89.428753,756.507038
89.431655,756.070188
89.434558,755.633591
89.437460,755.672920
89.440363,755.672920
89.443265,755.672920
89.446168,755.649751
89.449070,755.649751
89.451973,755.649751
89.454875,756.086358
89.457778,756.274355
89.460680,756.274355
89.463583,756.274355
89.466485,756.657458
89.469388,756.657458
89.472290,756.657458
89.475193,756.756551
89.478095,756.756551
89.480998,757.193797
89.483900,757.631296
89.486803,757.766149
89.489705,757.766149
89.492608,757.766149
89.495510,757.821738
89.498413,757.821738
89.501315,758.259599
89.504218,758.259599
89.507120,757.941446
89.510023,757.503769
89.512925,757.503769
89.515828,756.922945
89.518730,756.922945
89.521633,756.922945
89.524535,756.485856
89.527438,756.608942
89.530340,756.172034
89.533243,755.735378
89.536145,755.571927
89.539048,754.699560
89.541950,754.263754
89.544853,752.088498
89.547755,747.841780
89.550658,749.571659
89.553560,756.968398
89.556463,747.929549
89.559365,737.632582
89.562268,747.929549
89.565170,753.605705
89.568073,759.285901
89.570975,757.096161
89.573878,759.285901
89.576780,652.425515
89.579683,653.557063
89.582585,655.826049
89.585488,659.339440
89.588390,662.776009
89.591293,665.077001
89.594195,665.461275
89.597098,665.730453
89.600000,665.730453
89.602902,666.115105
89.605805,665.980344
89.608707,666.365141
89.611610,666.750159
89.614512,666.750159
89.617415,666.375977
89.620317,666.375977
89.623220,666.761002
89.626122,667.012040
89.629025,667.012040
89.631927,667.012040
89.634830,667.397432
89.637732,667.606438
89.640635,667.606438
89.643537,667.606438
89.646440,667.573259
89.649342,667.573259
89.652245,667.573259
89.655147,667.679209
89.658050,667.679209
89.660952,667.679209
89.663855,667.679209
89.666757,667.785279
89.669660,667.785279
89.672562,667.785279
89.675465,667.761346
89.678367,667.761346
89.681270,668.147171
89.684172,668.147171
89.687075,667.879214
89.689977,667.879214
89.692880,667.879214
89.695782,668.040393
89.698685,668.040393
89.701587,668.040393
89.704490,668.040393
89.707392,668.103529
89.710295,668.103529
89.713197,668.103529
89.716100,668.116791
89.719002,668.116791
89.721905,668.116791
89.724807,668.116791
89.727710,668.045965
89.730612,668.045965
89.733515,668.045965
89.736417,668.039899
89.739320,668.039899
89.742222,668.039899
89.745125,668.058168
89.748027,668.058168
89.750930,668.058168
89.753832,668.058168
89.756735,668.032507
89.759637,668.032507
89.762540,668.032507
89.765442,667.996327
89.768345,667.996327
89.771247,667.996327
89.774150,667.996327
89.777052,667.956865
89.779955,667.956865
89.782857,667.956865
89.785760,667.762613
89.788662,667.762613
89.791565,667.762613
89.794467,667.377009
89.797370,667.439424
89.800272,667.439424
89.803175,667.439424
89.806077,667.118336
89.808980,667.118336
89.811882,667.889467
89.814785,669.047835
89.817687,668.994191
89.820590,668.221785
89.823492,666.294669
89.826395,666.715320
89.829297,667.871651
89.832200,668.643653
89.835102,666.766621
89.838005,666.381593
89.840907,668.308960
89.843810,668.308960
89.846712,905.258268
89.849615,906.304667
89.852517,906.828321
89.855420,907.185645
89.858322,907.185645
89.861224,906.661785
89.864127,906.138228
89.867029,905.325358
89.869932,904.802572
89.872834,904.280089
89.875737,902.826107
89.878639,902.304765
89.881542,900.742543
89.884444,899.183027
89.887347,896.175738
89.890249,894.107523
89.893152,892.559494
89.896054,891.712235
89.898957,890.682683
89.901859,889.654321
89.904762,887.601155
89.907664,885.738483
89.910567,883.694355
89.913469,879.620240
89.916372,877.650848
89.919274,875.625385
89.922177,875.119750
89.925079,874.089754
89.927982,874.594794
89.930884,875.100125
89.933787,876.617873
89.936689,878.057624
89.939592,879.580501
89.942494,881.106019
89.945397,882.797376
89.948299,884.839429
89.951202,886.886206
89.954104,889.965252
89.957007,892.159698
89.959909,894.740081
89.962812,897.327927
89.965714,899.826351
89.968617,901.907795
89.971519,904.516372
89.974422,905.038992
89.977324,906.951699
89.980227,908.524689
89.983129,909.049625
89.986032,910.272974
89.988934,911.325170
89.991837,912.378583
89.994739,912.905745
89.997642,913.573177
90.000544,914.101030
90.003447,915.157651
90.006349,915.266108
90.009252,914.737582
90.012154,914.209361
90.015057,913.539023
90.017959,912.484271
90.020862,911.957352
90.023764,910.904426
90.026667,909.124111
90.029569,907.026013
90.032472,905.455617
90.035374,903.373223
90.038277,901.288397
90.041179,898.689129
90.044082,896.097358
90.046984,892.730409
90.049887,890.670145
90.052789,889.128067
90.055692,885.461753
90.058594,883.418264
90.061497,880.870533
90.064399,879.345422
90.067302,875.698272
90.070204,874.182116
90.073107,873.172805
90.076009,873.135667
90.078912,874.144936
90.081814,874.650008
90.084717,875.661027
90.087619,876.347364
90.090522,877.867274
90.093424,878.882013
90.096327,880.682926
90.099229,882.210356
90.102132,883.230115
90.105034,886.252627
90.107937,887.789717
90.110839,890.357461
90.113741,893.448558
90.116644,895.728914
90.119546,897.800880
90.122449,900.397579
90.125351,902.512889
90.128254,904.600547
90.131156,905.646186
90.134059,906.693034
90.136961,907.263579
90.139864,907.787786
90.142766,908.312297
90.145669,908.827757
90.148571,908.827757
90.151474,908.302949
90.154376,907.778444
90.157279,907.281245
90.160181,907.281245
90.163084,906.757330
90.165986,906.402755
90.168889,905.879347
90.171791,904.833438
90.174694,903.266839
90.177596,902.275900
90.180499,901.234152
90.183401,900.193606
90.186304,897.735075
90.189206,895.663261
90.192109,893.596228
90.195011,891.778455
90.197914,890.234459
90.200816,889.206614
90.203719,887.667071
90.206621,886.883775
90.209524,886.371639
90.212426,885.859799
90.215329,885.940814
90.218231,886.452701
90.221134,887.477363
90.224036,889.016578
90.226939,889.628927
90.229841,890.142945
90.232744,891.171873
90.235646,891.824033
90.238549,893.370786
90.241451,894.403445
90.244354,894.920222
90.247256,895.826633
90.250159,896.344232
90.253061,897.380328
90.255964,897.400935
90.258866,897.400935
90.261769,897.400935
90.264671,897.919444
90.267574,898.252652
90.270476,898.771653
90.273379,898.252652
90.276281,897.552517
90.279184,896.516223
90.282086,895.998524
90.284989,894.964024
90.287891,893.868245
90.290794,892.836204
90.293696,891.805355
90.296599,891.550585
90.299501,890.521220
90.302404,884.880920
90.305306,895.245177
90.308209,890.603229
90.311111,893.179109
90.314014,892.147864
90.316916,890.903541
90.319819,890.903541
90.322721,888.847493
90.325624,883.949345
90.328526,885.994063
90.331429,889.070012
90.334331,882.418904
90.337234,781.453524
90.340136,785.526569
90.343039,789.164872
90.345941,792.082840
90.348844,792.540498
90.351746,792.540498
90.354649,792.540498
90.357551,792.779307
90.360454,792.779307
90.363356,793.237367
90.366259,793.144334
90.369161,793.602604
90.372063,793.602604
90.374966,793.144334
90.377868,793.566345
90.380771,794.024859
90.383673,794.024859
90.386576,793.913204
90.389478,793.913204
90.392381,793.913204
90.395283,793.906119
90.398186,793.906119
90.401088,794.364830
90.403991,793.906119
90.406893,794.122152
90.409796,794.122152
90.412698,794.580987
90.415601,794.524530
90.418503,794.524530
90.421406,794.524530
90.424308,794.524530
90.427211,794.495100
90.430113,794.495100
90.433016,794.036314
90.435918,794.154590
90.438821,794.154590
90.441723,793.696001
90.444626,793.696001
90.447528,793.424398
90.450431,793.424398
90.453333,793.882830
90.456236,794.306849
90.459138,794.306849
90.462041,794.306849
90.464943,794.306849
90.467846,794.634091
90.470748,794.634091
90.473651,794.634091
90.476553,794.811395
90.479456,794.811395
90.482358,794.352427
90.485261,794.318608
90.488163,794.318608
90.491066,793.859924
90.493968,793.401505
90.496871,792.848170
90.499773,791.475459
90.502676,791.475459
90.505578,790.550642
90.508481,789.181909
90.511383,786.905950
90.514286,785.543527
90.517188,788.097193
90.520091,791.290204
90.522993,791.290204
90.525896,790.002547
90.528798,792.745237
90.531701,793.203277
90.534603,793.203277
90.537506,751.204816
90.540408,751.204816
90.543311,751.204816
90.546213,751.538027
90.549116,751.972257
90.552018,752.406739
90.554921,753.711691
90.557823,753.724959
90.560726,754.160453
90.563628,754.596199
90.566531,754.854234
90.569433,755.290380
90.572336,755.290380
90.575238,755.408699
90.578141,755.408699
90.581043,755.408699
90.583946,755.408699
90.586848,755.225983
90.589751,755.225983
90.592653,755.225983
90.595556,755.467182
90.598458,755.467182
90.601361,755.467182
90.604263,755.467182
90.607166,755.651483
90.610068,755.215127
90.612971,755.215127
90.615873,755.528761
90.618776,755.528761
90.621678,755.528761
90.624580,755.528761
90.627483,755.438948
90.630385,755.438948
90.633288,755.002715
90.636190,754.969577
90.639093,754.969577
90.641995,754.969577
90.644898,754.969577
90.647800,754.659507
90.650703,754.659507
90.653605,754.659507
90.656508,754.378380
90.659410,754.378380
90.662313,754.378380
90.665215,754.648673
90.668118,754.648673
90.671020,754.648673
90.673923,754.648673
90.676825,754.369074
90.679728,754.369074
90.682630,754.369074
90.685533,754.174894
90.688435,754.174894
90.691338,754.174894
90.694240,754.610648
90.697143,754.765028
90.700045,754.765028
90.702948,754.765028
90.705850,755.503386
90.708753,755.503386
90.711655,755.503386
90.714558,755.503386
90.717460,755.896231
90.720363,755.896231
90.723265,756.332980
90.726168,755.865333
90.729070,755.865333
90.731973,755.865333
90.734875,755.865333
90.737778,755.336596
90.740680,755.336596
90.743583,754.900423
90.746485,754.166582
90.749388,753.295838
90.752290,753.295838
90.755193,753.925289
90.758095,754.796761
90.760998,754.796761
90.763900,753.489930
90.766803,755.971602
90.769705,755.971602
90.772608,757.282736
90.775510,781.075535
90.778413,781.075535
90.781315,781.075535
90.784218,781.978390
90.787120,783.048343
90.790023,783.953479
90.792925,784.406439
90.795828,785.339952
90.798730,785.339952
90.801633,784.433215
90.804535,782.170952
90.807438,781.000442
90.810340,780.549449
90.813243,779.648243
90.816145,779.402713
90.819048,777.603989
90.821950,775.809416
90.824853,774.018985
90.827755,772.458998
90.830658,772.458998
90.833560,772.012937
90.836463,770.868163
90.839365,770.423020
90.842268,770.423020
90.845170,770.308156
90.848073,769.863337
90.850975,770.308156
90.853878,771.198566
90.856780,772.601800
90.859683,773.941778
90.862585,775.284079
90.865488,776.120463
90.868390,777.466543
90.871293,779.264949
90.874195,780.616483
90.877098,781.610269
90.880000,784.323824
90.882902,785.230434
90.885805,788.153368
90.888707,788.608754
90.891610,789.520317
90.894512,789.976494
90.897415,790.378967
90.900317,791.749776
90.903220,793.122964
90.906122,794.231854
90.909025,796.069041
90.911927,797.910477
90.914830,798.832792
90.917732,799.667077
90.920635,799.205305
90.923537,798.282560
90.926440,797.724891
90.929342,796.803855
90.932245,794.505915
90.935147,792.687501
90.938050,792.229759
90.940952,791.772281
90.943855,791.315067
90.946757,790.624421
90.949660,788.799799
90.952562,786.979388
90.955465,786.921727
90.958367,783.746344
90.961270,782.841448
90.964172,781.937596
90.967075,780.553148
90.969977,779.201723
90.972880,777.403463
90.975782,777.155990
90.978685,774.914713
90.981587,772.679901
90.984490,771.342108
90.987392,771.204381
90.990295,771.649975
90.993197,771.204381
90.996100,770.916065
90.999002,770.916065
91.001905,771.361492
91.004807,771.807176
91.007710,772.586908
91.010612,772.140773
91.013515,773.033301
91.016417,773.405354
91.019320,774.299344
91.022222,775.642265
91.025125,777.049166
91.028027,778.396857
91.030930,780.197415
91.033832,781.550566
91.036735,783.058581
91.039637,784.869922
91.042540,787.139992
91.045442,787.747253
91.048345,788.657820
91.051247,790.025644
91.054150,790.025644
91.057052,790.813929
91.059955,791.270853
91.062857,792.643209
91.065760,795.241555
91.068662,796.620798
91.071565,797.081077
91.074467,798.002433
91.077370,798.242093
91.080272,797.320460
91.083175,795.940005
91.086077,794.900619
91.088980,793.982844
91.091882,793.066128
91.094785,792.608168
91.097687,792.175769
91.100590,791.718322
91.103492,791.261140
91.106395,789.751255
91.109297,787.928648
91.112200,785.656304
91.115102,784.233182
91.118005,783.327724
91.120907,782.423311
91.123810,781.971496
91.126712,780.982138
91.129615,780.080433
91.132517,780.531155
91.135420,779.807110
91.138322,779.356806
91.141224,778.906761
91.144127,778.906761
91.147029,778.858267
91.149932,778.858267
91.152834,779.308283
91.155737,780.025235
91.158639,781.378088
91.161542,782.733287
91.164444,784.090836
91.167347,784.788622
91.170249,785.695769
91.173152,785.695769
91.176054,786.667129
91.178957,787.576447
91.181859,787.576447
91.184762,788.031501
91.187664,788.052655
91.190567,788.507984
91.193469,788.963576
91.196372,788.648299
91.199274,789.103972
91.202177,789.103972
91.205079,789.247956
91.207982,789.703975
91.210884,789.703975
91.213787,790.160258
91.216689,790.351824
91.219592,790.351824
91.222494,790.808481
91.225397,790.624194
91.228299,790.624194
91.231202,790.624194
91.234104,790.624194
91.237007,791.229545
91.239909,791.686709
91.242812,791.686709
91.245714,791.311970
91.248617,791.769181
91.251519,792.684398
91.254422,793.142402
91.257324,793.257777
91.260227,793.257777
91.263129,792.799705
91.266032,791.551842
91.268934,790.181375
91.271837,787.447555
91.274739,785.630265
91.277642,785.713077
91.280544,787.075794
91.283447,790.721273
91.286349,789.308558
91.289252,789.308558
91.292154,784.309310
91.295057,784.887123
91.297959,784.887123
91.300862,784.887123
91.303764,784.887123
91.306667,0.000000
91.309569,0.000000
91.312472,0.000000
91.315374,0.000000
91.318277,0.000000
91.321179,0.000000
91.324082,0.000000
91.326984,0.000000
91.329887,0.000000
91.332789,0.000000
91.335692,757.950303
91.338594,757.512621
91.341497,757.512621
91.344399,757.512621
91.347302,757.044391
91.350204,757.044391
91.353107,757.044391
91.356009,756.587996
91.358912,756.587996
91.361814,756.587996
91.364717,756.587996
91.367619,756.804800
91.370522,756.804800
91.373424,756.804800
91.376327,756.917267
91.379229,756.917267
91.382132,756.917267
91.385034,757.309751
91.387937,757.747316
91.390839,757.747316
91.393741,757.747316
91.396644,758.256206
91.399546,757.818346
91.402449,757.818346
91.405351,758.015672
91.408254,758.453646
91.411156,758.453646
91.414059,758.453646
91.416961,758.363962
91.419864,758.363962
91.422766,758.363962
91.425669,758.546670
91.428571,758.984951
91.431474,758.984951
91.434376,758.984951
91.437279,759.358390
91.440181,759.358390
91.443084,759.358390
91.445986,759.463200
91.448889,759.463200
91.451791,759.463200
91.454694,759.463200
91.457596,759.626432
91.460499,760.065336
91.463401,760.065336
91.466304,760.225263
91.469206,760.225263
91.472109,760.225263
91.475011,760.266813
91.477914,760.266813
91.480816,760.266813
91.483719,760.706087
91.486621,760.865449
91.489524,760.865449
91.492426,760.426083
91.495329,760.486219
91.498231,760.925620
91.501134,760.925620
91.504036,760.925620
91.506939,761.192367
91.509841,761.192367
91.512744,761.192367
91.515646,761.288486
91.518549,761.288486
91.521451,761.288486
91.524354,761.288486
91.527256,761.146306
91.530159,761.146306
91.533061,760.706778
91.535964,760.758790
91.538866,760.319485
91.541769,760.319485
91.544671,760.319485
91.547574,760.652837
91.550476,760.213593
91.553379,758.459155
91.556281,757.511963
91.559184,757.511963
91.562086,758.825769
91.564989,762.340403
91.567891,761.672611
91.570794,759.914806
91.573696,760.353876
91.576599,758.232713
91.579501,759.986628
91.582404,760.865106
91.585306,655.297045
91.588209,657.952010
91.591111,661.381348
91.594014,664.060963
91.596916,665.232918
91.599819,665.617282
91.602721,666.001869
91.605624,665.786691
91.608526,666.556282
91.611429,666.941412
91.614331,666.941412
91.617234,667.025934
91.620136,667.025934
91.623039,667.025934
91.625941,666.940630
91.628844,666.940630
91.631746,666.940630
91.634649,666.940630
91.637551,666.739596
91.640454,666.739596
91.643356,666.739596
91.646259,666.760587
91.649161,666.760587
91.652063,666.760587
91.654966,666.760587
91.657868,666.752016
91.660771,666.752016
91.663673,666.752016
91.666576,666.762196
91.669478,666.762196
91.672381,667.147444
91.675283,667.158847
91.678186,666.773592
91.681088,666.773592
91.683991,666.773592
91.686893,666.783342
91.689796,666.783342
91.692698,666.783342
91.695601,667.140218
91.698503,667.140218
91.701406,667.140218
91.704308,666.754974
91.707211,666.709208
91.710113,666.709208
91.713016,667.094426
91.715918,667.151472
91.718821,667.151472
91.721723,667.151472
91.724626,667.151472
91.727528,667.072133
91.730431,667.072133
91.733333,667.072133
91.736236,666.980353
91.739138,666.980353
91.742041,666.980353
91.744943,666.980353
91.747846,666.909187
91.750748,666.909187
91.753651,666.909187
91.756553,666.945212
91.759456,666.945212
91.762358,666.945212
91.765261,666.934861
91.768163,666.934861
91.771066,666.934861
91.773968,666.934861
91.776871,666.962184
91.779773,666.962184
91.782676,666.962184
91.785578,667.013784
91.788481,667.013784
91.791383,667.013784
91.794286,667.013784
91.797188,667.025246
91.800091,667.025246
91.802993,667.025246
91.805896,667.104111
91.808798,667.104111
91.811701,667.104111
91.814603,667.104111
91.817506,667.167030
91.820408,667.167030
91.823311,667.167030
91.826213,667.241882
91.829116,667.241882
91.832018,667.241882
91.834921,667.241882
91.837823,667.258244
91.840726,667.258244
91.843628,667.258244
91.846531,667.307704
91.849433,666.922364
91.852336,667.307704
91.855238,667.291717
91.858141,667.291717
91.861043,666.906386
91.863946,666.906386
91.866848,666.795166
91.869751,666.795166
91.872653,666.795166
91.875556,667.444998
91.878458,667.059578
91.881361,667.059578
91.884263,667.059578
91.887166,667.044532
91.890068,666.659343
91.892971,667.815577
91.895873,667.836354
91.898776,667.065285
91.901678,667.065285
91.904580,667.836354
91.907483,667.248463
91.910385,666.478073
91.913288,666.863157
91.916190,667.055027
91.919093,667.055027
91.921995,667.055027
91.924898,667.440445
91.927800,666.826371
91.930703,666.826371
91.933605,666.441308
91.936508,666.576071
91.939410,666.576071
91.942313,666.961212
91.945215,590.318081
91.948118,592.025451
91.951020,592.367517
91.953923,592.367517
91.956825,592.645116
91.959728,592.302889
91.962630,592.302889
91.965533,593.088417
91.968435,593.088417
91.971338,592.745934
91.974240,593.088417
91.977143,592.494469
91.980045,592.152330
91.982948,592.152330
91.985850,592.166049
91.988753,592.166049
91.991655,591.482347
91.994558,591.140792
91.997460,591.288625
92.000363,590.947182
92.003265,590.605936
92.006168,590.774296
92.009070,591.115639
92.011973,590.774296
92.014875,590.774296
92.017778,590.567268
92.020680,589.885412
92.023583,590.226242
92.026485,589.686633
92.029388,589.346115
92.032290,589.686633
92.035193,589.904564
92.038095,589.563920
92.040998,589.563920
92.043900,589.563920
92.046803,589.520205
92.049705,589.520205
92.052608,589.520205
92.055510,589.497228
92.058413,589.837833
92.061315,590.178636
92.064218,590.178636
92.067120,590.375532
92.070023,590.716644
92.072925,590.716644
92.075828,591.081692
92.078730,591.081692
92.081633,591.423212
92.084535,591.081692
92.087438,591.180999
92.090340,592.206326
92.093243,592.890865
92.096145,593.045298
92.099048,593.730807
92.101950,594.760556
92.104853,595.448047
92.107755,595.923379
92.110658,596.267697
92.113560,596.956931
92.116463,597.524063
92.119365,596.834175
92.122268,597.869306
92.125170,597.953155
92.128073,598.298646
92.130975,598.644337
92.133878,598.990228
92.136780,599.202195
92.139683,599.548407
92.142585,599.548407
92.145488,599.584658
92.148390,599.584658
92.151293,599.584658
92.154195,599.238425
92.157098,599.318922
92.160000,598.972842
92.162902,598.281281
92.165805,597.871013
92.168707,596.491232
92.171610,595.802536
92.174512,595.114635
92.177415,594.574224
92.180317,594.230884
92.183220,593.202052
92.186122,591.789020
92.189025,590.764415
92.191927,589.741585
92.194830,588.720526
92.197732,588.775255
92.200635,587.416465
92.203537,586.738247
92.206440,584.768298
92.209342,583.418756
92.212245,582.745153
92.215147,582.805782
92.218050,582.469237
92.220952,582.132887
92.223855,582.132887
92.226757,582.649093
92.229660,582.649093
92.232562,582.985741
92.235465,583.192264
92.238367,583.192264
92.241270,583.866384
92.244172,584.203736
92.247075,584.674296
92.249977,585.350128
92.252880,586.026742
92.255782,587.053776
92.258685,587.732359
92.261587,588.071945
92.264490,588.751705
92.267392,589.436482
92.270295,590.458783
92.273197,591.824610
92.276100,592.173901
92.279002,594.916658
92.281905,595.604330
92.284807,596.982059
92.287710,597.706585
92.290612,598.743230
92.293515,599.435325
92.296417,600.490231
92.299320,600.490231
92.302222,600.837188
92.305125,600.887782
92.308027,601.234969
92.310930,601.582356
92.313832,601.929944
92.316735,602.234747
92.319637,601.886983
92.322540,601.886983
92.325442,601.783444
92.328345,601.435941
92.331247,601.088638
92.334150,601.783444
92.337052,600.896820
92.339955,600.203038
92.342857,599.856447
92.345760,599.450337
92.348662,598.412469
92.351565,596.342119
92.354467,594.965866
92.357370,592.367680
92.360272,592.025614
92.363175,591.342074
92.366077,590.332333
92.368980,589.991442
92.371882,588.969950
92.374785,587.610711
92.377687,587.422765
92.380590,586.067097
92.383492,585.052399
92.386395,583.665860
92.389297,582.991972
92.392200,581.982599
92.395102,581.876898
92.398005,581.540890
92.400907,581.876898
92.403810,582.213101
92.406712,582.173706
92.409615,582.846648
92.412517,583.520368
92.415420,584.058768
92.418322,584.396231
92.421224,584.733889
92.424127,585.748034
92.427029,586.588239
92.429932,586.927164
92.432834,587.266284
92.435737,588.331599
92.438639,589.351984
92.441542,591.056559
92.444444,591.739769
92.447347,593.027276
92.450249,594.742482
92.453152,595.086118
92.456054,595.717104
92.458957,596.405701
92.461859,597.785284
92.464762,598.822065
92.467664,599.455943
92.470567,600.148862
92.473469,600.495621
92.476372,600.604789
92.479274,600.951812
92.482177,601.299036
92.485079,601.232838
92.487982,601.580224
92.490884,601.580224
92.493787,601.927811
92.496689,601.919381
92.499592,601.224418
92.502494,600.877238
92.505397,600.486843
92.508299,600.140088
92.511202,599.793534
92.514104,598.755071
92.517007,597.267407
92.519909,596.922511
92.522812,595.544919
92.525714,593.607953
92.528617,593.265171
92.531519,591.554226
92.534422,590.189023
92.537324,590.134903
92.540227,589.453546
92.543129,588.093191
92.546032,587.143593
92.548934,586.127032
92.551837,585.112230
92.554739,584.436672
92.557642,584.153830
92.560544,583.816507
92.563447,584.153830
92.566349,583.438128
92.569252,583.101218
92.572154,583.438128
92.575057,583.755103
92.577959,584.429873
92.580862,585.105423
92.583764,585.105423
92.586667,586.099876
92.589569,587.116391
92.592472,587.795046
92.595374,588.799920
92.598277,589.480522
92.601179,590.502899
92.604082,591.527050
92.606984,593.485651
92.609887,593.828561
92.612789,594.514975
92.615692,595.646532
92.618594,596.335048
92.621497,597.714467
92.624399,599.443229
92.627302,600.261451
92.630204,600.261451
92.633107,599.914826
92.636009,600.360213
92.638912,601.401460
92.641814,602.096627
92.644717,602.096627
92.647619,601.838152
92.650522,601.490617
92.653424,603.230301
92.656327,602.952227
92.659229,602.952227
92.662132,601.560720
92.665034,601.704278
92.667937,601.356820
92.670839,601.009563
92.673741,600.315650
92.676644,599.387118
92.679546,599.040998
92.682449,597.658517
92.685351,597.760484
92.688254,596.725541
92.691156,596.725541
92.694059,595.348404
92.696961,594.949892
92.699864,594.606335
92.702766,593.234088
92.705669,591.830832
92.708571,590.464991
92.711474,589.442679
92.714376,589.783253
92.717279,590.036493
92.720181,590.036493
92.723084,588.674793
92.725986,587.516739
92.728889,588.195857
92.731791,587.856200
92.734694,587.856200
92.737596,587.691467
92.740499,588.370788
92.743401,588.710742
92.746304,588.902223
92.749206,589.242485
92.752109,590.264449
92.755011,590.295949
92.757914,590.295949
92.760816,590.295949
92.763719,590.637016
92.766621,592.242493
92.769524,593.955429
92.772426,594.641990
92.775329,596.008415
92.778231,596.352782
92.781134,597.387079
92.784036,599.114894
92.786939,600.282813
92.789841,601.323926
92.792744,601.671364
92.795646,601.891013
92.798549,602.238779
92.801451,601.543447
92.804354,601.543447
92.807256,602.113438
92.810159,601.765744
92.813061,602.113438
92.815964,602.548854
92.818866,602.548854
92.821769,603.245348
92.824671,602.548854
92.827574,602.789642
92.830476,602.789642
92.833379,603.137928
92.836281,603.355250
92.839184,603.355250
92.842086,603.355250
92.844989,602.658629
92.847891,602.681858
92.850794,602.333835
92.853696,600.596737
92.856599,600.031974
92.859501,599.339190
92.862404,597.956021
92.865306,594.297329
92.868209,591.899223
92.871111,592.925795
92.874014,594.297329
92.876916,590.218247
92.879819,588.856128
92.882721,588.176247
92.885624,589.128262
92.888526,589.809243
92.891429,589.128262
92.894331,589.809243
92.897234,590.338982
92.900136,591.704532
92.903039,592.388491
92.905941,592.718552
92.908844,593.403683
92.911746,592.376283
92.914649,593.061018
92.917551,593.888278
92.920454,593.545333
92.923356,593.202587
92.926259,593.431479
92.929161,593.774358
92.932063,595.491724
92.934966,597.214057
92.937868,596.735877
92.940771,597.080664
92.943673,598.116223
92.946576,599.577797
92.949478,600.270856
92.952381,601.311948
92.955283,601.253214
92.958186,600.212224
92.961088,600.559020
92.963991,600.212224
92.966893,599.607423
92.969796,600.647365
92.972698,601.689110
92.975601,600.826086
92.978503,601.173237
92.981406,601.520589
92.984308,601.868141
92.987211,601.785980
92.990113,602.133686
92.993016,602.481592
92.995918,602.866473
92.998821,602.518345
93.001723,602.170417
93.004626,601.475164
93.007528,0.000000
93.010431,0.000000
93.013333,0.000000
93.016236,0.000000
93.019138,599.717939
93.022041,596.263818
93.024943,594.887746
93.027846,595.094190
93.030748,595.782067
93.033651,596.470739
93.036553,594.538113
93.039456,595.913376
93.042358,598.673452
93.045261,598.089768
93.048163,596.364909
93.051066,594.988604
93.053968,595.676359
93.056871,594.862711
93.059773,596.583225
93.062676,596.583225
93.065578,596.334830
93.068481,596.679386
93.071383,597.024141
93.074286,597.369095
93.077188,598.284946
93.080091,598.976511
93.082993,598.630629
93.085896,597.815402
93.088798,598.160814
93.091701,0.000000
93.094603,0.000000
93.097506,0.000000
93.100408,0.000000
93.103311,0.000000
93.106213,0.000000
93.109116,0.000000
93.112018,0.000000
93.114921,0.000000
93.117823,0.000000
93.120726,0.000000
93.123628,0.000000
93.126531,0.000000
93.129433,0.000000
93.132336,0.000000
93.135238,0.000000
93.138141,0.000000
93.141043,0.000000
93.143946,594.877028
93.146848,599.956639
93.149751,601.344436
93.152653,600.303288
93.155556,499.479441
93.158458,498.326731
93.161361,500.056796
93.164263,502.372896
93.167166,503.001426
93.170068,503.292055
93.172971,503.292055
93.175873,502.669681
93.178776,502.089309
93.181678,501.799375
93.184580,501.799375
93.187483,501.871732
93.190385,501.292282
93.193288,500.713500
93.196190,500.627050
93.199093,499.760281
93.201995,498.895012
93.204898,498.031241
93.207800,497.876956
93.210703,497.014948
93.213605,496.154433
93.216508,495.948084
93.219410,495.089416
93.222313,494.803523
93.225215,495.045309
93.228118,495.045309
93.231020,494.759442
93.233923,494.759442
93.236825,494.752029
93.239728,494.466331
93.242630,494.752029
93.245533,495.273293
93.248435,495.845785
93.251338,496.418940
93.254240,496.418940
93.257143,496.690396
93.260045,496.977378
93.262948,497.264527
93.265850,497.738567
93.268753,498.026155
93.271655,499.178170
93.274558,500.621937
93.277460,501.795034
93.280363,501.505270
93.283265,501.505270
93.286168,501.528488
93.289070,501.818266
93.291973,503.560453
93.294875,504.142525
93.297778,505.163289
93.300680,505.747213
93.303583,505.747213
93.306485,506.642205
93.309388,506.349642
93.312290,505.765022
93.315193,506.572545
93.318095,506.280022
93.320998,506.280022
93.323900,505.111617
93.326803,504.204076
93.329705,504.495399
93.332608,503.621933
93.335510,504.282227
93.338413,504.573596
93.341315,503.409129
93.344218,503.118432
93.347120,503.707871
93.350023,500.806727
93.352925,500.228507
93.355828,499.374330
93.358730,495.638525
93.361633,495.352315
93.364535,496.211440
93.367438,495.893582
93.370340,495.321034
93.373243,495.607225
93.376145,495.628918
93.379048,494.770802
93.381950,495.342714
93.384853,494.770802
93.387755,495.315938
93.390658,496.174999
93.393560,496.748534
93.396463,496.924886
93.399365,497.212004
93.402268,497.499288
93.405170,497.326087
93.408073,497.613437
93.410975,498.188635
93.413878,498.764497
93.416780,498.725288
93.419683,499.301771
93.422585,498.725288
93.425488,498.481759
93.428390,498.769776
93.431293,499.057960
93.434195,499.346311
93.437098,499.879414
93.440000,500.168239
93.442902,500.168239
93.445805,500.580363
93.448707,500.869593
93.451610,501.158991
93.454512,501.158991
93.457415,501.512675
93.460317,501.802444
93.463220,502.092380
93.466122,502.826129
93.469025,503.116657
93.471927,502.535769
93.474830,502.535769
93.477732,502.036733
93.480635,502.036733
93.483537,501.746829
93.486440,502.024013
93.489342,502.314077
93.492245,501.734116
93.495147,501.684326
93.498050,501.105092
93.500952,500.526527
93.503855,501.105092
93.506757,501.110394
93.509660,501.689634
93.512562,501.979505
93.515465,501.737293
93.518367,501.157998
93.521270,500.868601
93.524172,500.868601
93.527075,500.954920
93.529977,500.376528
93.532880,500.665640
93.535782,501.317227
93.538685,501.606883
93.541587,501.606883
93.544490,501.606883
93.547392,501.374126
93.550295,0.000000
93.553197,0.000000
93.556100,0.000000
93.559002,0.000000
93.561905,0.000000
93.564807,0.000000
93.567710,0.000000
93.570612,0.000000
93.573515,0.000000
93.576417,0.000000
93.579320,0.000000
93.582222,0.000000
93.585125,0.000000
93.588027,0.000000
93.590930,0.000000
93.593832,0.000000
93.596735,0.000000
93.599637,0.000000
93.602540,500.224146
93.605442,498.730368
93.608345,499.595351
93.611247,501.619483
93.614150,499.018529
93.617052,498.986940
93.619955,502.457669
93.622857,503.619935
93.625760,500.386480
93.628662,505.032469
93.631565,504.449369
93.634467,503.866943
93.637370,515.561375
93.640272,514.074524
93.643175,514.074524
93.646077,514.557417
93.648980,515.152201
93.651882,515.747672
93.654785,516.940680
93.657687,517.922374
93.660590,519.420355
93.663492,521.524809
93.666395,523.181014
93.669297,524.088404
93.672200,524.391217
93.675102,524.733091
93.678005,524.430081
93.680907,523.824585
93.683810,522.917653
93.686712,522.114953
93.689615,521.210980
93.692517,0.000000
93.695420,518.860956
93.698322,518.261891
93.701224,517.663517
93.704127,516.767251
93.707029,516.297783
93.709932,515.701677
93.712834,515.403882
93.715737,514.913592
93.718639,515.211104
93.721542,515.806643
93.724444,516.104671
93.727347,516.127990
93.730249,516.127990
93.733152,516.426204
93.736054,516.936274
93.738957,517.234954
93.741859,517.832832
93.744762,518.730946
93.747664,519.087995
93.750567,519.688016
93.753469,519.988286
93.756372,520.612571
93.759274,521.214353
93.762177,521.515505
93.765079,522.202380
93.767982,523.410319
93.770884,523.712740
93.773787,524.015335
93.776689,523.748558
93.779592,524.353966
93.782494,521.333909
93.785397,522.577432
93.788299,524.694678
93.791202,527.124893
93.794104,527.124893
93.797007,528.037714
93.799909,529.564951
93.802812,529.870928
93.805714,529.527639
93.808617,529.221860
93.811519,529.221860
93.814422,529.527639
93.817324,528.671598
93.820227,527.756274
93.823129,528.366314
93.826032,527.875853
93.828934,527.266379
93.831837,527.571028
93.834739,527.571028
93.837642,527.205187
93.840544,526.292401
93.843447,525.077811
93.846349,524.241626
93.849252,523.031769
93.852154,521.523373
93.855057,520.916398
93.857959,520.615592
93.860862,519.414103
93.863764,519.414103
93.866667,518.963287
93.869569,518.064771
93.872472,518.064771
93.875374,517.509865
93.878277,516.912360
93.881179,516.613866
93.884082,516.315544
93.886984,516.519910
93.889887,517.415747
93.892789,517.714705
93.895692,517.996143
93.898594,518.295436
93.901497,518.894540
93.904399,519.494337
93.907302,519.566780
93.910204,520.167354
93.913107,520.467901
93.916009,521.006504
93.918912,521.608742
93.921814,522.513404
93.924717,523.722063
93.927619,523.733760
93.930522,524.642108
93.933424,524.945241
93.936327,525.348830
93.939229,526.259980
93.942132,526.868290
93.945034,527.715543
93.947937,527.410811
93.950839,527.715543
93.953741,527.410811
93.956644,527.544679
93.959546,527.544679
93.962449,527.849488
93.965351,527.466902
93.968254,527.466902
93.971156,527.466902
93.974059,527.466902
93.976961,527.397478
93.979864,527.092929
93.982766,527.092929
93.985669,526.372541
93.988571,525.764803
93.991474,526.372541
93.994376,526.372541
93.997279,526.131488
94.000181,525.220561
94.003084,524.917269
94.005986,523.889280
94.008889,522.680236
94.011791,523.889280
94.014694,524.191978
94.017596,524.217740
94.020499,524.217740
94.023401,524.217740
94.026304,523.992469
94.029206,523.689887
94.032109,523.689887
94.035011,523.758775
94.037914,523.456328
94.040816,523.758775
94.043719,524.061397
94.046621,524.484111
94.049524,524.787152
94.052426,524.787152
94.055329,524.496817
94.058231,524.193944
94.061134,524.496817
94.064036,524.799866
94.066939,525.022755
94.069841,525.326108
94.072744,525.326108
94.075646,525.378945
94.078549,525.378945
94.081451,525.986237
94.084354,525.986237
94.087256,525.620468
94.090159,525.924166
94.093061,525.924166
94.095964,526.088650
94.098866,526.088650
94.101769,526.088650
94.104671,525.784857
94.107574,525.358729
94.110476,525.965998
94.113379,524.449140
94.116281,524.201471
94.119184,524.504350
94.122086,525.414034
94.124989,525.717613
94.127891,525.720622
94.130794,526.024378
94.133696,524.204472
94.136599,524.580427
94.139501,526.401638
94.142404,527.619291
94.145306,588.018353
94.148209,589.719071
94.151111,592.108344
94.154014,592.450458
94.156916,593.108048
94.159819,593.108048
94.162721,593.793630
94.165624,594.059975
94.168526,594.403217
94.171429,594.403217
94.174331,594.746657
94.177234,594.860147
94.180136,594.860147
94.183039,594.173334
94.185941,593.397475
94.188844,593.397475
94.191746,593.054814
94.194649,592.712351
94.197551,592.421459
94.200454,591.737462
94.203356,591.395760
94.206259,591.287525
94.209161,590.946082
94.212063,590.263789
94.214966,589.582283
94.217868,588.845412
94.220771,587.486461
94.223673,586.808162
94.226576,586.087525
94.229478,585.749086
94.232381,585.072792
94.235283,584.807740
94.238186,584.132534
94.241088,584.132534
94.243991,584.132534
94.246893,584.006462
94.249796,584.343895
94.252698,584.006462
94.255601,583.818648
94.258503,584.155972
94.261406,584.493491
94.264308,585.507219
94.267211,585.935632
94.270113,586.612922
94.273016,586.951861
94.275918,586.798081
94.278821,587.815806
94.281723,588.495270
94.284626,589.175520
94.287528,590.156731
94.290431,590.838901
94.293333,591.521859
94.296236,592.491708
94.299138,593.862238
94.302041,594.892215
94.304943,596.268297
94.307846,596.825246
94.310748,598.551436
94.313651,599.243309
94.316553,600.091377
94.319456,600.785030
94.322358,601.132158
94.325261,601.305191
94.328163,600.957964
94.331066,601.305191
94.333968,602.000248
94.336871,601.804386
94.339773,601.804386
94.342676,601.109556
94.345578,600.899231
94.348481,600.552238
94.351383,600.552238
94.354286,599.512462
94.357188,598.547854
94.360091,597.856784
94.362993,597.166511
94.365896,596.659593
94.368798,595.282608
94.371701,593.908801
94.374603,593.223087
94.377506,592.764681
94.380408,592.080288
94.383311,591.738388
94.386213,590.208592
94.389116,589.867773
94.392018,590.208592
94.394921,589.867773
94.397823,590.265277
94.400726,589.924424
94.403628,589.924424
94.406531,590.239207
94.409433,589.898369
94.412336,589.898369
94.415238,590.306987
94.418141,590.648060
94.421043,591.330798
94.423946,591.672462
94.426848,591.977941
94.429751,591.977941
94.432653,592.319980
94.435556,592.895741
94.438458,593.581077
94.441361,594.267205
94.444263,594.610566
94.447166,594.776199
94.450068,595.119854
94.452971,595.463708
94.455873,595.655960
94.458776,596.000123
94.461678,595.655960
94.464580,596.000123
94.467483,596.313545
94.470385,595.969201
94.473288,596.313545
94.476190,596.413720
94.479093,596.413720
94.481995,596.069318
94.484898,595.725114
94.487800,595.692365
94.490703,595.348379
94.493605,595.692365
94.496508,595.237226
94.499410,595.581148
94.502313,595.581148
94.505215,595.186740
94.508118,595.186740
94.511020,594.843046
94.513923,594.499550
94.516825,594.657894
94.519728,595.001481
94.522630,595.001481
94.525533,594.729438
94.528435,594.042776
94.531338,594.042776
94.534240,593.699743
94.537143,594.087181
94.540045,594.773894
94.542948,594.773894
94.545850,594.508139
94.548753,594.851640
94.551655,594.164837
94.554558,593.821733
94.557460,593.527660
94.560363,592.500046
94.563265,592.500046
94.566168,592.150114
94.569070,593.177121
94.571973,591.124884
94.574875,592.492252
94.577778,591.706288
94.580680,591.706288
94.583583,593.760543
94.586485,591.756389
94.589388,591.756389
94.592290,592.098300
94.595193,0.000000
94.598095,0.000000
94.600998,0.000000
94.603900,0.000000
94.606803,0.000000
94.609705,0.000000
94.612608,0.000000
94.615510,0.000000
94.618413,0.000000
94.621315,0.000000
94.624218,0.000000
94.627120,790.449235
94.630023,789.536599
94.632925,788.169621
94.635828,786.783982
94.638730,785.875579
94.641633,784.968224
94.644535,784.061916
94.647438,783.013673
94.650340,782.109623
94.653243,781.206616
94.656145,780.232309
94.659048,779.781759
94.661950,779.781759
94.664853,778.881440
94.667755,778.686205
94.670658,778.686205
94.673560,778.686205
94.676463,778.917311
94.679365,778.917311
94.682268,778.917311
94.685170,779.378233
94.688073,779.828550
94.690975,781.181061
94.693878,782.084038
94.696780,782.782934
94.699683,783.235218
94.702585,784.593638
94.705488,785.905052
94.708390,785.451226
94.711293,786.359139
94.714195,786.813489
94.717098,788.289389
94.720000,788.744854
94.722902,789.200583
94.725805,790.128826
94.728707,790.128826
94.731610,790.585355
94.734512,791.499202
94.737415,792.261585
94.740317,792.719345
94.743220,794.553033
94.746122,795.226433
94.749025,795.226433
94.751927,795.685907
94.754830,795.685907
94.757732,795.937940
94.760635,795.478321
94.763537,794.559879
94.766440,793.738529
94.769342,792.364276
94.772245,792.364276
94.775147,792.178549
94.778050,791.721101
94.780952,790.806997
94.783855,790.350341
94.786757,788.786368
94.789660,787.420689
94.792562,785.149810
94.795465,783.019757
94.798367,782.567597
94.801270,781.212685
94.804172,780.310714
94.807075,779.208090
94.809977,779.208090
94.812880,776.512235
94.815782,773.407664
94.818685,772.961056
94.821587,773.407664
94.824490,774.301656
94.827392,774.106476
94.830295,774.553746
94.833197,774.553746
94.836100,775.394066
94.839002,775.842081
94.841905,776.290354
94.844807,776.738887
94.847710,777.734020
94.850612,779.082898
94.853515,779.983450
94.856417,780.426254
94.859320,780.877176
94.862222,781.779802
94.865125,782.944919
94.868027,784.755998
94.870930,786.117055
94.873832,786.117055
94.876735,786.276964
94.879637,786.276964
94.882540,786.731266
94.885442,787.981474
94.888345,789.348126
94.891247,789.348126
94.894150,790.260543
94.897052,791.076413
94.899955,791.533489
94.902857,791.533489
94.905760,791.673197
94.908662,791.673197
94.911565,791.673197
94.914467,791.673197
94.917370,791.829721
94.920272,791.372474
94.923175,791.372474
94.926077,790.388562
94.928980,790.388562
94.931882,789.932147
94.934785,788.564485
94.937687,787.151856
94.940590,786.243028
94.943492,787.151856
94.946395,0.000000
94.949297,786.520200
94.952200,783.346438
94.955102,782.280526
94.958005,781.828794
94.960907,780.475161
94.963810,779.574041
94.966712,780.134649
94.969615,781.487691
94.972517,782.391023
94.975420,782.264766
94.978322,783.168996
94.981224,784.074271
94.984127,784.527301
94.987029,784.738874
94.989932,785.192287
94.992834,785.645963
94.995737,786.167295
94.998639,787.076036
95.001542,787.530800
95.004444,788.441117
95.007347,788.614455
95.010249,788.614455
95.013152,789.070108
95.016054,789.905647
95.018957,789.905647
95.021859,788.082684
95.024762,788.993639
95.027664,788.516672
95.030567,788.972268
95.033469,787.606267
95.036372,788.307983
95.039274,788.763459
95.042177,791.044790
95.045079,788.656016
95.047982,787.290562
95.050884,0.000000
95.053787,0.000000
95.056689,0.000000
95.059592,0.000000
95.062494,0.000000
95.065397,0.000000
95.068299,0.000000
95.071202,0.000000
95.074104,0.000000
95.077007,0.000000
95.079909,0.000000
95.082812,787.197167
95.085714,787.218454
95.088617,785.855489
95.091519,786.309548
95.094422,786.763870
95.097324,493.043791
95.100227,491.905933
95.103129,491.337989
95.106032,490.205202
95.108934,488.791477
95.111837,492.475673
95.114739,491.623017
95.117642,492.465619
95.120544,493.034867
95.123447,493.889972
95.126349,493.411116
95.129252,493.126192
95.132154,492.841434
95.135057,493.710046
95.137959,493.424951
95.140862,492.855253
95.143764,492.286213
95.146667,493.420254
95.149569,491.713149
95.152472,490.578362
95.155374,489.911664
95.158277,488.498785
95.161179,487.653014
95.164082,487.089980
95.166984,487.365692
95.169887,487.647287
95.172789,488.210964
95.175692,489.725982
95.178594,490.575348
95.181497,490.858797
95.184399,491.710128
95.187302,492.727405
95.190204,493.012097
95.193107,493.296955
95.196009,492.992633
95.198912,492.139081
95.201814,492.139081
95.204717,492.423434
95.207619,492.171740
95.210522,492.456111
95.213424,493.025348
95.216327,493.613820
95.219229,493.899025
95.222132,494.184394
95.225034,494.485069
95.227937,495.056650
95.230839,495.056650
95.233741,495.628893
95.236644,495.886193
95.239546,496.746244
95.242449,497.320439
95.245351,497.200797
95.248254,496.626740
95.251156,496.626740
95.254059,496.339960
95.256961,496.114067
95.259864,496.114067
95.262766,496.400717
95.265669,496.163694
95.268571,496.163694
95.271474,495.877182
95.274376,495.877182
95.277279,495.786504
95.280181,495.500209
95.283084,494.928115
95.285986,494.718552
95.288889,494.432874
95.291791,493.862013
95.294694,493.291810
95.297596,492.952850
95.300499,492.383697
95.303401,492.383697
95.306304,491.229598
95.309206,491.229598
95.312109,488.682516
95.315011,446.419339
95.317914,444.874845
95.320816,441.291776
95.323719,441.546749
95.326621,440.679265
95.329524,441.953836
95.332426,441.698627
95.335329,441.854280
95.338231,442.620619
95.341134,442.620619
95.344036,442.109579
95.346939,442.108038
95.349841,442.619076
95.352744,442.108038
95.355646,442.307320
95.358549,442.307320
95.361451,442.562881
95.364354,442.562881
95.367256,442.367019
95.370159,442.111571
95.373061,441.856271
95.375964,441.997078
95.378866,442.252459
95.381769,442.507988
95.384671,442.507988
95.387574,442.686322
95.390476,442.686322
95.393379,442.686322
95.396281,442.363098
95.399184,442.363098
95.402086,442.363098
95.404989,442.618691
95.407891,442.601605
95.410794,442.601605
95.413696,442.346022
95.416599,442.429837
95.419501,442.685468
95.422404,442.685468
95.425306,442.744182
95.428209,442.488517
95.431111,442.744182
95.434014,442.744182
95.436916,442.687512
95.439819,442.687512
95.442721,442.687512
95.445624,442.807526
95.448526,442.807526
95.451429,442.807526
95.454331,443.063375
95.457234,443.160657
95.460136,442.904751
95.463039,442.904751
95.465941,443.107626
95.468844,443.107626
95.471746,442.596023
95.474649,442.596023
95.477551,442.875967
95.480454,442.620225
95.483356,442.620225
95.486259,442.575833
95.489161,442.831549
95.492063,442.575833
95.494966,442.320265
95.497868,442.021800
95.500771,441.766552
95.503673,441.256498
95.506576,441.445213
95.509478,440.680909
95.512381,442.722000
95.515283,443.089408
95.518186,442.833544
95.521088,442.833544
95.523991,0.000000
95.526893,443.209176
95.529796,442.441818
95.532698,441.930984
95.535601,443.154781
95.538503,439.078029
95.541406,441.366565
95.544308,442.387517
95.547211,491.135022
95.550113,493.694887
95.553016,494.551136
95.555918,494.699148
95.558821,494.413481
95.561723,494.984979
95.564626,495.270977
95.567528,495.629317
95.570431,495.629317
95.573333,495.915686
95.576236,496.107487
95.579138,495.534692
95.582041,496.107487
95.584943,496.107487
95.587846,496.408246
95.590748,496.408246
95.593651,496.408246
95.596553,496.579101
95.599456,496.866019
95.602358,497.153103
95.605261,497.596098
95.608163,497.596098
95.611066,497.596098
95.613968,497.596098
95.616871,497.909441
95.619773,497.909441
95.622676,497.909441
95.625578,497.869571
95.628481,497.869571
95.631383,497.869571
95.634286,497.582074
95.637188,497.779356
95.640091,498.066967
95.642993,498.066967
95.645896,498.036185
95.648798,497.748591
95.651701,497.748591
95.654603,497.748591
95.657506,497.794559
95.660408,497.794559
95.663311,497.794559
95.666213,497.474699
95.669116,497.762135
95.672018,497.762135
95.674921,497.762135
95.677823,497.279696
95.680726,497.279696
95.683628,496.992539
95.686531,497.175458
95.689433,496.601430
95.692336,496.028065
95.695238,494.970025
95.698141,496.114971
95.701043,497.262565
95.703946,497.262565
95.706848,497.813382
95.709751,496.951484
95.712653,495.518302
95.715556,495.600882
95.718458,494.742815
95.721361,495.028672
95.724263,495.887235
95.727166,506.231238
95.730068,506.523733
95.732971,511.226705
95.735873,511.713774
95.738776,512.009437
95.741678,513.193797
95.744580,512.601275
95.747483,514.035201
95.750385,516.416044
95.753288,518.807915
95.756190,520.441240
95.759093,520.741946
95.761995,521.343878
95.764898,521.042825
95.767800,520.380589
95.770703,520.080092
95.773605,519.779769
95.776508,520.443716
95.779410,520.744423
95.782313,521.346358
95.785215,520.999881
95.788118,521.602112
95.791020,521.903488
95.793923,521.903488
95.796825,522.213006
95.799728,521.911451
95.802630,521.911451
95.805533,521.550936
95.808435,521.852282
95.811338,521.852282
95.814240,521.550936
95.817143,521.471695
95.820045,521.772996
95.822948,522.074471
95.825850,522.153213
95.828753,522.153213
95.831655,522.153213
95.834558,522.454908
95.837460,522.669702
95.840363,522.669702
95.843265,522.669702
95.846168,0.000000
95.849070,0.000000
95.851973,522.906039
95.854875,523.208168
95.857778,523.160059
95.860680,523.160059
95.863583,523.160059
95.866485,523.324805
95.869388,523.022608
95.872290,523.022608
95.875193,523.310276
95.878095,523.008087
95.880998,522.706073
95.883900,522.404233
95.886803,523.686751
95.889705,523.384345
95.892608,523.082113
95.895510,522.413746
95.898413,522.112075
95.901315,521.810579
95.904218,521.509256
95.907120,521.372849
95.910023,522.277103
95.912925,522.880809
95.915828,522.631570
95.918730,522.329773
95.921633,521.425429
95.924535,520.222071
95.927438,519.432530
95.930340,518.233771
95.933243,519.432530
95.936145,519.218607
95.939048,520.720337
95.941950,521.924847
95.944853,524.039448
95.947755,525.720840
95.950658,522.089421
95.953560,521.787937
95.956463,523.181734
95.959365,520.468977
95.962268,521.672906
95.965170,586.973409
95.968073,0.000000
95.970975,0.000000
95.973878,591.056132
95.976780,590.645980
95.979683,590.645980
95.982585,591.328716
95.985488,591.985261
95.988390,592.327304
95.991293,593.011982
95.994195,593.011982
95.997098,592.919535
96.000000,593.262117
96.002902,593.262117
96.005805,592.662742
96.008707,592.320505
96.011610,592.320505
96.014512,591.978466
96.017415,591.761127
96.020317,591.419411
96.023220,590.736571
96.026122,589.705974
96.029025,589.365444
96.031927,589.365444
96.034830,588.345036
96.037732,587.389054
96.040635,587.389054
96.043537,586.372068
96.046440,585.513417
96.049342,584.499678
96.052245,584.162155
96.055147,583.755510
96.058050,583.755510
96.060952,584.092797
96.063855,583.755510
96.066757,583.635379
96.069660,583.635379
96.072562,583.972597
96.075465,584.317089
96.078367,584.654701
96.081270,584.992509
96.084172,585.668709
96.087075,585.805145
96.089977,586.143617
96.092880,586.482284
96.095782,586.995461
96.098685,587.673976
96.101587,588.693221
96.104490,589.714233
96.107392,590.411023
96.110295,590.752156
96.113197,591.435014
96.116100,592.305467
96.119002,593.332744
96.121905,594.018585
96.124807,594.705219
96.127710,596.400779
96.130612,596.745373
96.133515,598.125742
96.136417,598.637493
96.139320,598.983379
96.142222,600.022238
96.145125,600.112970
96.148027,599.766432
96.150930,599.766432
96.153832,600.112970
96.156735,600.526109
96.159637,600.179331
96.162540,599.832754
96.165442,599.756916
96.168345,599.410583
96.171247,598.718517
96.174150,597.681915
96.177052,596.794496
96.179955,595.761225
96.182857,594.386314
96.185760,593.485460
96.188662,593.142749
96.191565,593.142749
96.194467,591.432156
96.197370,588.894460
96.200272,587.874867
96.203175,587.196120
96.206077,586.574758
96.208980,585.221047
96.211882,584.545364
96.214785,583.533301
96.217687,582.387989
96.220590,582.051686
96.223492,582.051686
96.226395,582.015689
96.229297,582.015689
96.232200,582.015689
96.235102,582.810834
96.238005,583.484513
96.240907,583.484513
96.243810,584.158970
96.246712,584.254291
96.249615,584.254291
96.252517,584.929638
96.255420,586.366343
96.258322,586.366343
96.261224,587.383320
96.264127,587.722704
96.267029,589.266971
96.269932,590.288978
96.272834,591.312758
96.275737,591.932502
96.278639,592.959132
96.281542,595.017737
96.284444,596.049718
96.287347,597.038033
96.290249,597.728157
96.293152,598.073518
96.296054,598.932143
96.298957,599.624456
96.301859,599.970913
96.304762,599.970913
96.307664,600.027555
96.310567,600.027555
96.313469,599.681066
96.316372,600.284620
96.319274,600.631458
96.322177,600.284620
96.325079,599.680851
96.327982,599.334562
96.330884,599.334562
96.333787,598.296893
96.336689,597.182698
96.339592,597.182698
96.342494,596.837851
96.345397,596.421688
96.348299,595.733073
96.351202,595.389063
96.354104,594.015010
96.357007,593.467927
96.359909,592.440416
96.362812,590.390728
96.365714,589.940406
96.368617,587.899367
96.371519,588.578927
96.374422,587.559881
96.377324,585.907457
96.380227,584.555286
96.383129,583.880371
96.386032,583.609078
96.388934,583.272070
96.391837,582.598636
96.394739,582.262211
96.397642,582.474532
96.400544,582.811080
96.403447,583.484759
96.406349,584.176235
96.409252,584.513766
96.412154,584.851492
96.415057,585.933377
96.417959,587.288735
96.420862,587.628065
96.423764,590.008865
96.426667,589.902423
96.429569,589.902423
96.432472,589.561781
96.435374,592.067426
96.438277,594.122935
96.441179,595.153365
96.444082,596.185581
96.446984,597.121757
96.449887,598.157388
96.452789,599.541022
96.455692,600.538710
96.458594,600.885695
96.461497,601.232880
96.464399,600.885695
96.467302,600.762141
96.470204,601.109255
96.473107,600.762141
96.476009,600.774148
96.478912,600.774148
96.481814,600.774148
96.484717,601.121269
96.487619,600.802760
96.490522,600.109086
96.493424,599.416213
96.496327,600.020217
96.499229,600.366902
96.502132,599.673731
96.505034,598.630879
96.507937,598.285196
96.510839,598.285196
96.513741,597.249344
96.516644,596.965423
96.519546,595.931857
96.522449,594.213221
96.525351,594.346027
96.528254,593.659808
96.531156,594.002819
96.534059,591.605901
96.536961,591.183985
96.539864,589.819636
96.542766,588.118628
96.545669,589.219424
96.548571,588.539124
96.551474,588.879176
96.554376,586.841809
96.557279,587.369236
96.560181,586.691072
96.563084,587.369236
96.565986,587.820989
96.568889,589.180714
96.571791,589.521136
96.574694,588.840488
96.577596,589.653441
96.580499,590.335029
96.583401,589.653441
96.586304,590.947298
96.589206,590.947298
96.592109,591.972220
96.595011,592.763644
96.597914,592.079252
96.600816,592.763644
96.603719,593.791716
96.606621,594.721728
96.609524,596.441834
96.612426,598.166915
96.615329,598.480230
96.618231,598.826025
96.621134,599.864611
96.624036,600.904999
96.626939,600.874045
96.629841,601.916184
96.632744,601.916184
96.635646,601.865320
96.638549,602.213071
96.641451,601.865320
96.644354,602.561024
96.647256,602.360744
96.650159,602.360744
96.653061,602.708782
96.655964,602.033803
96.658866,601.338708
96.661769,601.338708
96.664671,601.338708
96.667574,600.157136
96.670476,599.118043
96.673379,599.810572
96.676281,599.609493
96.679184,596.845100
96.682086,595.123831
96.684989,595.123831
96.687891,595.398683
96.690794,595.398683
96.693696,594.711249
96.696599,594.960147
96.699501,594.616584
96.702404,593.244314
96.705306,593.024319
96.708209,590.972611
96.711111,591.655724
96.714014,592.339626
96.716916,591.879622
96.719819,592.906161
96.722721,591.537838
96.725624,590.961859
96.728526,590.620605
96.731429,590.961859
96.734331,591.986806
96.737234,593.005980
96.740136,593.691443
96.743039,593.691443
96.745941,596.014222
96.748844,594.982302
96.751746,594.982302
96.754649,596.014222
96.757551,596.863439
96.760454,596.518777
96.763356,595.830049
96.766259,595.660630
96.769161,596.004797
96.772063,595.316662
96.774966,596.349162
96.777868,596.725112
96.780771,596.036146
96.783673,596.036146
96.786576,597.210728
96.789478,596.865865
96.792381,596.176737
96.795283,596.409617
96.798186,596.409617
96.801088,596.065217
96.803991,595.721016
96.806893,596.878381
96.809796,597.568320
96.812698,596.533710
96.815601,596.210754
96.818503,595.866469
96.821406,596.210754
96.824308,596.555239
96.827211,596.666901
96.830113,596.666901
96.833016,595.289899
96.835918,596.049266
96.838821,595.705073
96.841723,596.049266
96.844626,596.049266
96.847528,595.574408
96.850431,595.918525
96.853333,595.574408
96.856236,594.398852
96.859138,594.742290
96.862041,595.085925
96.864943,595.773793
96.867846,596.462417
96.870748,596.117986
96.873651,598.533185
96.876553,596.894599
96.879456,597.929835
96.882358,597.239478
96.885261,594.285645
96.888163,592.571757
96.891066,592.914139
96.893968,595.316357
96.896871,594.873914
96.899773,594.187086
96.902676,594.187086
96.905578,599.597462
96.908481,592.026167
96.911383,595.799788
96.914286,592.710497
96.917188,593.950719
96.920091,592.237797
96.922993,592.922372
96.925896,596.470537
96.928798,593.035119
96.931701,0.000000
96.934603,0.000000
96.937506,791.536994
96.940408,791.994336
96.943311,791.079916
96.946213,790.311663
96.949116,789.399187
96.952018,788.032447
96.954921,786.668073
96.957823,785.358626
96.960726,783.546157
96.963628,782.189551
96.966531,781.291859
96.969433,780.840698
96.972336,779.939156
96.975238,778.737496
96.978141,777.838383
96.981043,776.491659
96.983946,776.491659
96.986848,776.033298
96.989751,774.689700
96.992653,774.242351
96.995556,774.859177
96.998458,774.859177
97.001361,775.306882
97.004263,775.306882
97.007166,775.102660
97.010068,775.998611
97.012971,776.895598
97.015873,778.390972
97.018776,779.740990
97.021678,780.642302
97.024580,781.093349
97.027483,782.540397
97.030385,784.350539
97.033288,786.164869
97.036190,787.930435
97.039093,789.296998
97.041995,788.841214
97.044898,790.665931
97.047800,791.514671
97.050703,793.345573
97.053605,794.262611
97.056508,796.192126
97.059410,797.573018
97.062313,799.417933
97.065215,800.472207
97.068118,800.472207
97.071020,800.472207
97.073923,800.009970
97.076825,799.869105
97.079728,800.331261
97.082630,799.869105
97.085533,798.295603
97.088435,796.453278
97.091338,795.993361
97.094240,795.074324
97.097143,794.587982
97.100045,793.212258
97.102948,791.838916
97.105850,790.142606
97.108753,788.774579
97.111655,787.863877
97.114558,786.954226
97.117460,784.409459
97.120363,783.051358
97.123265,781.695609
97.126168,780.803381
97.129070,779.901882
97.131973,779.451523
97.134875,777.652687
97.137778,776.724774
97.140680,775.379978
97.143583,774.484742
97.146485,774.416342
97.149388,775.311500
97.152290,775.759467
97.155193,775.736744
97.158095,775.736744
97.160998,775.288791
97.163900,776.184957
97.166803,777.274749
97.169705,778.173211
97.172608,778.622831
97.175510,779.443369
97.178413,780.344337
97.181315,781.697743
97.184218,783.505937
97.187120,785.690845
97.190023,787.053523
97.192925,787.963289
97.195828,788.516322
97.198730,788.971918
97.201633,790.340288
97.204535,791.253852
97.207438,791.805385
97.210340,793.178669
97.213243,793.636959
97.216145,793.677812
97.219048,794.136391
97.221950,794.595235
97.224853,795.054343
97.227755,795.567256
97.230658,795.107851
97.233560,794.648711
97.236463,794.456077
97.239365,793.997313
97.242268,793.997313
97.245170,793.431112
97.248073,792.972940
97.250975,792.057391
97.253878,791.142899
97.256780,789.469209
97.259683,788.557705
97.262585,787.647253
97.265488,786.893808
97.268390,785.985278
97.271293,784.624448
97.274195,784.171362
97.277098,783.988687
97.280000,783.988687
97.282902,783.988687
97.285805,783.399837
97.288707,783.852477
97.291610,783.852477
97.294512,784.305379
97.297415,784.989649
97.300317,784.989649
97.303220,784.989649
97.306122,785.463062
97.309025,785.916894
97.311927,786.370989
97.314830,786.370989
97.317732,786.938770
97.320635,787.393455
97.323537,787.393455
97.326440,787.507797
97.329342,787.962810
97.332245,788.873627
97.335147,789.220806
97.338050,789.220806
97.340952,789.220806
97.343855,789.220806
97.346757,789.239385
97.349660,789.239385
97.352562,789.239385
97.355465,789.133673
97.358367,788.222557
97.361270,786.857854
97.364172,785.495514
97.367075,783.065238
97.369977,781.258062
97.372880,779.004955
97.375782,782.541193
97.378685,786.165669
97.381587,785.257979
97.384490,781.186327
97.387392,785.082302
97.390295,784.175863
97.393197,783.270470
97.396100,783.715873
97.399002,785.982605
97.401905,785.982605
97.404807,781.907195
97.407710,762.360913
97.410612,762.360913
97.413515,762.360913
97.416417,756.407988
97.419320,755.534656
97.422222,755.534656
97.425125,755.695313
97.428027,755.695313
97.430930,755.258932
97.433832,754.822803
97.436735,754.958472
97.439637,754.958472
97.442540,754.958472
97.445442,755.280838
97.448345,755.280838
97.451247,754.844697
97.454150,754.844697
97.457052,754.766206
97.459955,754.766206
97.462857,755.202302
97.465760,755.205272
97.468662,755.641622
97.471565,755.205272
97.474467,755.205272
97.477370,755.818734
97.480272,755.818734
97.483175,755.382282
97.486077,755.802730
97.488980,755.802730
97.491882,755.802730
97.494785,755.366288
97.497687,755.892839
97.500590,755.456344
97.503492,755.020102
97.506395,755.808353
97.509297,755.808353
97.512200,755.808353
97.515102,755.765769
97.518005,755.765769
97.520907,755.765769
97.523810,755.765769
97.526712,756.404615
97.529615,756.404615
97.532517,755.967825
97.535420,760.033347
97.538322,0.000000
97.541224,0.000000
97.544127,0.000000
97.547029,0.000000
97.549932,0.000000
97.552834,0.000000
97.555737,0.000000
97.558639,0.000000
97.561542,0.000000
97.564444,0.000000
97.567347,0.000000
97.570249,0.000000
97.573152,771.638122
97.576054,774.171446
97.578957,769.268072
97.581859,780.457334
97.584762,781.810936
97.587664,776.550133
97.590567,776.101710
97.593469,778.796140
97.596372,661.672259
97.599274,663.969418
97.602177,665.120987
97.605079,665.865283
97.607982,666.250013
97.610884,666.250013
97.613787,666.634965
97.616689,666.636025
97.619592,666.636025
97.622494,667.021200
97.625397,666.576888
97.628299,666.576888
97.631202,666.576888
97.634104,666.576888
97.637007,666.708352
97.639909,666.708352
97.642812,667.093569
97.645714,666.754392
97.648617,666.754392
97.651519,666.754392
97.654422,666.754392
97.657324,666.764764
97.660227,666.764764
97.663129,666.764764
97.666032,667.106525
97.668934,667.106525
97.671837,667.106525
97.674739,667.106525
97.677642,667.176783
97.680544,666.791518
97.683447,666.791518
97.686349,666.770197
97.689252,667.155450
97.692154,666.770197
97.695057,666.831099
97.697959,666.831099
97.700862,666.831099
97.703764,666.831099
97.706667,666.890127
97.709569,666.890127
97.712472,666.890127
97.715374,666.960544
97.718277,666.960544
97.721179,666.960544
97.724082,666.960544
97.726984,666.902966
97.729887,666.902966
97.732789,666.902966
97.735692,666.852411
97.738594,666.852411
97.741497,666.852411
97.744399,666.852411
97.747302,666.798014
97.750204,666.798014
97.753107,666.798014
97.756009,666.759804
97.758912,666.759804
97.761814,666.759804
97.764717,667.145051
97.767619,667.088657
97.770522,667.088657
97.773424,667.088657
97.776327,667.429210
97.779229,667.043799
97.782132,667.043799
97.785034,667.110366
97.787937,667.110366
97.790839,667.110366
97.793741,667.110366
97.796644,667.283874
97.799546,667.669424
97.802449,667.669424
97.805351,667.736025
97.808254,667.350437
97.811156,666.965071
97.814059,666.195008
97.816961,667.377195
97.819864,666.606655
97.822766,665.837006
97.825669,666.594120
97.828571,669.294856
97.831474,668.908367
97.834376,666.209192
97.837279,594.601221
97.840181,594.944776
97.843084,594.257865
97.845986,595.159118
97.848889,596.191344
97.851791,596.535817
97.854694,596.535817
97.857596,596.261748
97.860499,596.261748
97.863401,595.917433
97.866304,595.430596
97.869206,595.086761
97.872109,594.743125
97.875011,593.592335
97.877914,593.935307
97.880816,593.592335
97.883719,593.249562
97.886621,592.573297
97.889524,590.864347
97.892426,590.523149
97.895329,590.075268
97.898231,589.393980
97.901134,588.033763
97.904036,587.694199
97.906939,585.924594
97.909841,584.910143
97.912744,584.910143
97.915646,583.996988
97.918549,584.672038
97.921451,583.996988
97.924354,583.996988
97.927256,584.422451
97.930159,584.422451
97.933061,584.760124
97.935964,585.624736
97.938866,586.640427
97.941769,586.640427
97.944671,587.318532
97.947574,588.069843
97.950476,589.089774
97.953379,590.111474
97.956281,590.486541
97.959184,591.169092
97.962086,593.221483
97.964989,594.593700
97.967891,595.877115
97.970794,597.600563
97.973696,598.982910
97.976599,600.359144
97.979501,601.747872
97.982404,602.791525
97.985306,603.042507
97.988209,603.042507
97.991111,603.390938
97.994014,604.437442
97.996916,604.649337
97.999819,604.649337
98.002721,604.998697
98.005624,605.570949
98.008526,605.570949
98.011429,605.221259
98.014331,604.871770
98.017234,605.111416
98.020136,604.412767
98.023039,604.063746
98.025941,603.269811
98.028844,602.573288
98.031746,601.530013
98.034649,599.102722
98.037551,596.432993
98.040454,595.056531
98.043356,593.683246
98.046259,592.533278
98.049161,592.191117
98.052063,591.165816
98.054966,590.483269
98.057868,590.247836
98.060771,589.225900
98.063673,588.545593
98.066576,588.810157
98.069478,588.810157
98.072381,588.470145
98.075283,589.476088
98.078186,588.795491
98.081088,588.795491
98.083991,589.135691
98.086893,589.650107
98.089796,589.990801
98.092698,590.331691
98.095601,591.074610
98.098503,592.099752
98.101406,592.784168
98.104308,593.469374
98.107211,594.652065
98.110113,596.027592
98.113016,596.716547
98.115918,597.558492
98.118821,598.249218
98.121723,598.594880
98.124626,599.633065
98.127528,599.939027
98.130431,599.592588
98.133333,600.285665
98.136236,600.566863
98.139138,600.220062
98.142041,599.527061
98.144943,599.873462
98.147846,599.930736
98.150748,600.277370
98.153651,600.277370
98.156553,600.244071
98.159456,600.244071
98.162358,600.244071
98.165261,600.131088
98.168163,601.171937
98.171066,600.477837
98.173968,600.477837
98.176871,599.941284
98.179773,600.634764
98.182676,600.287924
98.185578,600.057785
98.188481,599.711279
98.191383,599.711279
98.194286,599.711279
98.197188,598.942557
98.200091,599.634882
98.202993,599.288620
98.205896,598.068154
98.208798,597.032679
98.211701,596.687919
98.214603,596.687919
98.217506,595.793118
98.220408,595.449073
98.223311,596.137361
98.226213,595.873096
98.229116,593.811532
98.232018,591.757100
98.234921,591.415386
98.237823,593.054119
98.240726,594.769402
98.243628,594.425949
98.246531,591.679855
98.249433,589.632799
98.252336,592.706047
98.255238,520.873291
98.258141,522.078155
98.261043,526.925547
98.263946,526.013246
98.266848,525.125063
98.269751,525.428474
98.272653,525.732061
98.275556,525.980503
98.278458,525.676772
98.281361,525.676772
98.284263,525.373217
98.287166,525.446890
98.290068,525.446890
98.292971,525.143467
98.295873,524.998602
98.298776,525.301941
98.301678,525.301941
98.304580,525.301941
98.307483,525.091391
98.310385,525.091391
98.313288,525.091391
98.316190,525.342849
98.319093,525.342849
98.321995,525.342849
98.324898,525.342849
98.327800,525.307935
98.330703,525.307935
98.333605,525.611452
98.336508,525.630102
98.339410,525.630102
98.342313,525.933805
98.345215,526.018063
98.348118,525.714311
98.351020,525.714311
98.353923,526.018063
98.356825,525.926390
98.359728,525.926390
98.362630,525.926390
98.365533,526.147309
98.368435,526.147309
98.371338,526.451311
98.374240,526.755489
98.377143,526.695906
98.380045,526.391762
98.382948,526.391762
98.385850,526.696815
98.388753,526.696815
98.391655,526.392671
98.394558,526.392671
98.397460,526.266975
98.400363,526.571047
98.403265,526.266975
98.406168,525.942009
98.409070,525.638301
98.411973,525.638301
98.414875,525.638301
98.417778,525.227106
98.420680,524.923811
98.423583,524.317745
98.426485,523.688858
98.429388,522.480277
98.432290,522.178568
98.435193,521.810362
98.438095,521.810362
98.440998,521.810362
98.443900,523.319588
98.446803,524.872913
98.449705,523.964166
98.452608,524.266907
98.455510,521.811373
98.458413,521.811373
98.461315,521.811373
98.464218,520.907926
98.467120,493.444285
98.470023,493.444285
98.472925,493.444285
98.475828,494.048695
98.478730,494.905558
98.481633,495.763908
98.484535,496.336968
98.487438,497.202439
98.490340,498.640492
98.493243,499.505319
98.496145,499.246557
98.499048,499.535017
98.501950,499.535017
98.504853,499.535017
98.507755,499.670261
98.510658,499.670261
98.513560,499.958965
98.516463,499.969404
98.519365,499.969404
98.522268,499.969404
98.525170,499.942781
98.528073,499.942781
98.530975,499.654086
98.533878,499.942781
98.536780,500.095017
98.539683,500.095017
98.542585,500.095017
98.545488,500.400018
98.548390,500.400018
98.551293,500.111060
98.554195,500.111060
98.557098,500.199021
98.560000,499.910178
98.562902,499.910178
98.565805,500.112191
98.568707,500.112191
98.571610,500.112191
98.574512,500.112191
98.577415,500.359422
98.580317,500.070486
98.583220,500.070486
98.586122,499.852857
98.589025,499.852857
98.591927,499.852857
98.594830,499.564214
98.597732,499.531089
98.600635,499.531089
98.603537,499.531089
98.606440,499.341986
98.609342,499.341986
98.612245,499.341986
98.615147,499.514714
98.618050,499.226266
98.620952,499.226266
98.623855,499.226266
98.626757,499.214628
98.629660,498.926354
98.632562,498.926354
98.635465,499.163740
98.638367,499.163740
98.641270,499.163740
98.644172,499.163740
98.647075,499.342926
98.649977,499.342926
98.652880,499.342926
98.655782,499.351760
98.658685,498.487199
98.661587,498.199344
98.664490,497.624134
98.667392,496.256316
98.670295,495.683350
98.673197,494.825140
98.676100,496.764009
98.679002,499.064858
98.681905,500.508297
98.684807,499.641733
98.687710,498.167417
98.690612,494.155123
98.693515,492.445476
98.696417,493.922451
98.699320,495.064974
98.702222,497.357954
98.705125,498.390899
98.708027,498.678864
98.710930,499.255294
98.713832,499.832389
98.716735,500.234118
98.719637,500.812345
98.722540,501.101710
98.725442,501.090005
98.728345,501.379530
98.731247,501.379530
98.734150,501.090005
98.737052,500.499661
98.739955,500.210645
98.742857,499.633112
98.745760,499.134972
98.748662,498.558682
98.751565,497.695493
98.754467,497.120865
98.757370,495.997635
98.760272,495.138881
98.763175,495.424967
98.766077,494.639232
98.768980,493.782830
98.771882,493.497692
98.774785,493.212719
98.777687,493.062467
98.780590,493.062467
98.783492,492.777745
98.786395,493.232725
98.789297,493.232725
98.792200,493.232725
98.795102,493.451514
98.798005,493.736625
98.800907,494.021901
98.803810,494.307341
98.806712,495.045459
98.809615,495.331491
98.812517,495.904051
98.815420,496.430386
98.818322,497.578709
98.821224,498.153867
98.824127,498.729690
98.827029,498.592962
98.829932,499.457707
98.832834,500.323952
98.835737,501.540644
98.838639,502.120381
98.841542,501.830429
98.844444,502.410501
98.847347,503.418563
98.850249,504.583052
98.853152,505.166306
98.856054,505.672776
98.858957,505.380772
98.861859,505.088937
98.864762,504.797271
98.867664,504.536185
98.870567,503.953659
98.873469,503.662648
98.876372,503.229738
98.879274,502.358463
98.882177,501.199108
98.885079,500.721091
98.887982,499.565515
98.890884,498.412606
98.893787,497.549671
98.896689,496.224183
98.899592,495.651253
98.902494,494.793099
98.905397,494.002962
98.908299,493.147661
98.911202,493.147661
98.914104,492.293842
98.917007,492.140580
98.919909,491.572365
98.922812,491.856390
98.925714,491.607394
98.928617,491.607394
98.931519,491.891440
98.934422,491.607394
98.937324,491.991225
98.940227,492.559924
98.943129,492.844520
98.946032,493.145319
98.948934,493.715352
98.951837,494.000615
98.954739,494.571637
98.957642,495.276644
98.960544,495.562809
98.963447,496.135637
98.966349,496.436385
98.969252,497.297390
98.972154,497.872222
98.975057,498.505589
98.977959,498.793620
98.980862,499.081818
98.983764,499.658713
98.986667,500.052732
98.989569,500.920009
98.992472,501.499029
98.995374,501.411361
98.998277,501.701071
99.001179,501.701071
99.004082,501.990949
99.006984,502.552855
99.009887,502.843225
99.012789,502.552855
99.015692,502.763190
99.018594,502.763190
99.021497,502.763190
99.024399,502.763190
99.027302,502.973981
99.030204,502.973981
99.033107,502.973981
99.036009,502.954658
99.038912,502.664224
99.041814,502.664224
99.044717,502.083858
99.047619,501.894565
99.050522,501.894565
99.053424,501.604743
99.056327,501.378531
99.059229,501.089007
99.062132,500.799650
99.065034,501.467892
99.067937,501.467892
99.070839,501.757635
99.073741,500.599667
99.076644,501.213190
99.079546,500.923761
99.082449,499.190697
99.085351,495.988292
99.088254,500.304374
99.091156,500.304374
99.094059,500.882682
99.096961,502.668248
99.099864,502.087879
99.102766,499.484495
99.105669,498.520068
99.108571,498.520068
99.111474,500.539844
99.114376,500.829051
99.117279,439.416227
99.120181,439.924154
99.123084,441.451460
99.125986,441.593640
99.128889,441.338639
99.131791,440.829079
99.134694,440.829079
99.137596,441.905314
99.140499,442.671741
99.143401,442.416118
99.146304,442.023764
99.149206,441.513412
99.152109,441.768514
99.155011,442.613146
99.157914,442.868883
99.160816,442.613146
99.163719,442.613146
99.166621,442.182208
99.169524,442.693332
99.172426,442.693332
99.175329,443.310016
99.178231,443.310016
99.181134,442.798180
99.184036,442.286934
99.186939,442.316392
99.189841,442.316392
99.192744,442.571958
99.195646,442.473422
99.198549,442.217914
99.201451,442.473422
99.204354,442.473422
99.207256,442.668292
99.210159,442.668292
99.213061,442.924061
99.215964,442.539857
99.218866,442.284310
99.221769,442.539857
99.224671,442.539857
99.227574,442.261492
99.230476,442.261492
99.233379,442.517026
99.236281,442.368174
99.239184,442.623770
99.242086,442.623770
99.244989,442.623770
99.247891,442.662698
99.250794,442.918464
99.253696,442.918464
99.256599,442.994284
99.259501,443.250242
99.262404,443.506347
99.265306,443.455591
99.268209,443.455591
99.271111,443.711815
99.274014,443.455591
99.276916,443.410584
99.279819,443.410584
99.282721,443.923128
99.285624,443.512710
99.288526,444.281925
99.291429,443.768967
99.294331,442.744826
99.297234,442.201486
99.300136,442.712632
99.303039,442.712632
99.305941,443.389545
99.308844,443.133507
99.311746,444.415177
99.314649,441.345377
99.317551,440.244402
99.320454,443.818968
99.323356,443.818968
99.326259,394.475156
99.329161,393.110375
99.332063,392.883371
99.334966,394.019703
99.337868,394.613158
99.340771,393.475114
99.343673,393.247900
99.346576,394.187068
99.349478,393.731948
99.352381,394.414825
99.355283,394.862770
99.358186,395.090918
99.361088,395.090918
99.363991,394.862770
99.366893,394.931898
99.369796,395.160086
99.372698,395.160086
99.375601,395.718820
99.378503,395.490310
99.381406,395.718820
99.384308,395.718820
99.387211,395.919319
99.390113,395.462199
99.393016,395.462199
99.395918,395.721691
99.398821,395.950335
99.401723,395.950335
99.404626,395.493179
99.407528,395.900830
99.410431,395.900830
99.413333,395.900830
99.416236,395.904404
99.419138,396.133154
99.422041,396.133154
99.424943,395.675787
99.427846,395.646412
99.430748,395.646412
99.433651,395.417943
99.436553,395.456903
99.439456,395.685394
99.442358,395.685394
99.445261,395.589481
99.448163,395.589481
99.451066,395.589481
99.453968,395.361046
99.456871,395.626644
99.459773,395.626644
99.462676,395.626644
99.465578,395.829893
99.468481,395.829893
99.471383,395.601319
99.474286,395.829893
99.477188,396.009996
99.480091,396.009996
99.482993,396.009996
99.485896,396.033633
99.488798,395.804941
99.491701,396.033633
99.494603,395.804941
99.497506,395.784880
99.500408,395.784880
99.503311,395.784880
99.506213,395.344615
99.509116,394.888159
99.512018,394.888159
99.514921,395.344615
99.517823,394.493442
99.520726,393.810429
99.523628,393.128598
99.526531,393.150213
99.529433,397.259201
99.532336,396.571399
99.535238,397.231642
99.538141,394.487762
99.541043,394.943756
99.543946,396.314901
99.546848,396.719512
99.549751,395.803953
99.552653,395.118671
99.555556,392.238636
99.558458,392.238636
99.561361,0.000000
99.564263,0.000000
99.567166,0.000000
99.570068,0.000000
99.572971,0.000000
99.575873,0.000000
99.578776,0.000000
99.581678,0.000000
99.584580,0.000000
99.587483,0.000000
99.590385,0.000000
99.593288,0.000000
99.596190,0.000000
99.599093,0.000000
99.601995,0.000000
99.604898,0.000000
99.607800,0.000000
99.610703,0.000000
99.613605,0.000000
99.616508,0.000000
99.619410,0.000000
99.622313,0.000000
99.625215,0.000000
99.628118,0.000000
99.631020,375.055170
99.633923,374.622139
99.636825,374.625567
99.639728,374.625567
99.642630,374.625567
99.645533,372.339745
99.648435,372.770137
99.651338,372.554879
99.654240,371.909850
99.657143,371.327926
99.660045,371.542475
99.662948,371.542475
99.665850,371.583173
99.668753,370.725624
99.671655,370.297593
99.674558,370.297593
99.677460,370.603442
99.680363,370.389435
99.683265,370.175552
99.686168,370.001256
99.689070,370.001256
99.691973,370.428945
99.694875,370.642975
99.697778,371.060244
99.700680,371.703800
99.703583,372.133457
99.706485,372.380489
99.709388,372.810929
99.712290,373.457521
99.715193,374.297070
99.718095,374.297070
99.720998,375.162880
99.723900,374.946240
99.726803,375.461299
99.729705,376.764807
99.732608,377.636325
99.735510,378.091344
99.738413,377.654808
99.741315,377.436729
99.744218,377.654808
99.747120,378.065774
99.750023,378.065774
99.752925,378.502785
99.755828,379.368538
99.758730,380.026504
99.761633,379.807055
99.764535,379.807055
99.767438,380.168898
99.770340,380.388556
99.773243,379.729963
99.776145,380.312608
99.779048,379.654147
99.781950,379.215807
99.784853,378.559245
99.787755,378.222180
99.790658,377.785493
99.793560,376.913631
99.796463,376.687629
99.799365,376.035444
99.802268,375.384389
99.805170,374.924945
99.808073,373.843682
99.810975,373.412050
99.813878,372.335149
99.816780,371.520808
99.819683,371.306272
99.822585,371.091859
99.825488,370.636347
99.828390,370.422320
99.831293,369.780983
99.834195,369.994639
99.837098,370.066858
99.840000,370.280679
99.842902,369.853161
99.845805,371.043750
99.848707,371.258135
99.851610,371.258135
99.854512,371.472644
99.857415,371.118123
99.860317,371.547103
99.863220,372.191504
99.866122,373.209761
99.869025,373.857045
99.871927,374.073055
99.874830,374.073055
99.877732,374.763965
99.880635,375.197160
99.883537,375.847891
99.886440,376.913624
99.889342,376.913624
99.892245,377.567332
99.895147,377.784047
99.898050,378.002327
99.900952,378.002327
99.903855,377.565894
99.906757,377.753660
99.909660,378.190310
99.912562,379.065125
99.915465,379.551392
99.918367,379.551392
99.921270,379.332218
99.924172,379.113170
99.927075,379.333528
99.929977,379.333528
99.932880,379.114480
99.935782,378.597625
99.938685,378.816375
99.941587,378.379002
99.944490,377.942134
99.947392,377.695896
99.950295,376.824241
99.953197,376.171820
99.956100,376.166144
99.959002,375.731831
99.961905,375.514862
99.964807,375.298019
99.967710,375.057464
99.970612,374.624431
99.973515,374.191898
99.976417,373.534526
99.979320,373.318826
99.982222,373.534526
99.985125,373.882900
99.988027,374.531352
99.990930,374.964277
99.993832,375.180928
99.996735,375.005535
99.999637,374.788986
100.002540,375.005535
100.005442,375.330466
100.008345,375.547328
100.011247,375.981428
100.014150,375.981428
100.017052,376.304066
100.019955,376.304066
100.022857,376.521490
100.025760,376.136247
100.028662,375.701969
100.031565,375.701969
100.034467,375.919045
100.037370,375.591278
100.040272,375.808290
100.043175,375.374390
100.046077,375.457659
100.048980,375.674594
100.051882,376.543591
100.054785,376.978842
100.057687,377.128614
100.060590,376.475666
100.063492,376.040995
100.066395,375.708428
100.069297,375.491473
100.072200,375.274644
100.075102,373.834184
100.078005,372.971441
100.080907,371.681058
100.083810,371.681058
100.086712,0.000000
100.089615,0.000000
100.092517,0.000000
100.095420,0.000000
100.098322,0.000000
100.101224,0.000000
100.104127,0.000000
100.107029,0.000000
100.109932,0.000000
100.112834,0.000000
100.115737,0.000000
100.118639,0.000000
100.121542,0.000000
100.124444,0.000000
100.127347,0.000000
100.130249,0.000000
100.133152,0.000000
100.136054,0.000000
100.138957,0.000000
100.141859,0.000000
100.144762,0.000000
100.147664,0.000000
100.150567,0.000000
100.153469,0.000000
100.156372,0.000000
100.159274,0.000000
100.162177,0.000000
100.165079,0.000000
100.167982,0.000000
100.170884,0.000000
100.173787,0.000000
100.176689,0.000000
100.179592,0.000000
100.182494,0.000000
100.185397,0.000000
100.188299,0.000000
100.191202,0.000000
100.194104,0.000000
100.197007,0.000000
100.199909,0.000000
100.202812,0.000000
100.205714,0.000000
100.208617,0.000000
100.211519,0.000000
100.214422,0.000000
100.217324,0.000000
100.220227,0.000000
100.223129,0.000000
100.226032,0.000000
100.228934,0.000000
100.231837,0.000000
100.234739,0.000000
100.237642,295.132065
100.240544,294.961639
100.243447,294.961639
100.246349,294.813742
100.249252,294.813742
100.252154,295.154521
100.255057,294.858841
100.257959,294.858841
100.260862,295.029207
100.263764,294.858841
100.266667,294.694505
100.269569,295.035146
100.272472,295.205614
100.275374,295.023640
100.278277,294.853277
100.281179,294.853277
100.284082,294.853277
100.286984,294.715748
100.289887,295.226894
100.292789,295.056414
100.295692,295.264476
100.298594,295.264476
100.301497,295.264476
100.304399,294.753264
100.307302,295.059156
100.310204,295.059156
100.313107,294.888772
100.316009,294.486240
100.318912,294.826640
100.321814,294.996988
100.324717,294.826640
100.327619,294.600907
100.330522,294.600907
100.333424,294.771124
100.336327,294.856333
100.339229,294.856333
100.342132,295.026698
100.345034,294.961823
100.347937,294.961823
100.350839,294.791496
100.353741,294.791496
100.356644,294.931007
100.359546,295.101415
100.362449,294.931007
100.365351,294.772590
100.368254,294.602372
100.371156,294.942907
100.374059,295.113322
100.376961,294.886765
100.379864,294.716481
100.382766,294.886765
100.385669,295.105655
100.388571,294.764932
100.391474,0.000000
100.394376,0.000000
100.397279,0.000000
100.400181,0.000000
100.403084,0.000000
100.405986,0.000000
100.408889,0.000000
100.411791,294.697575
100.414694,295.038219
100.417596,294.491950
100.420499,294.832357
100.423401,294.832357
100.426304,294.949396
100.429206,295.119815
100.432109,295.290332
100.435011,295.061078
100.437914,295.061078
100.440816,294.720407
100.443719,294.890693
100.446621,294.824033
100.449524,294.824033
100.452426,294.824033
100.455329,294.987752
100.458231,294.987752
100.461134,294.817410
100.464036,294.647166
100.466939,294.821440
100.469841,294.991784
100.472744,294.991784
100.475646,294.915702
100.478549,294.745401
100.481451,294.745401
100.484354,294.915702
100.487256,295.043579
100.490159,295.214052
100.493061,295.043579
100.495964,295.258102
100.498866,294.917204
100.501769,0.000000
100.504671,0.000000
100.507574,0.000000
100.510476,0.000000
100.513379,0.000000
100.516281,0.000000
100.519184,0.000000
100.522086,0.000000
100.524989,0.000000
100.527891,0.000000
100.530794,0.000000
100.533696,0.000000
100.536599,0.000000
100.539501,0.000000
100.542404,0.000000
100.545306,0.000000
100.548209,0.000000
100.551111,0.000000
100.554014,0.000000
100.556916,0.000000
100.559819,0.000000
100.562721,0.000000
100.565624,491.413257
100.568526,492.265549
100.571429,493.689323
100.574331,493.689323
100.577234,492.739009
100.580136,494.164152
100.583039,495.021216
100.585941,495.441274
100.588844,495.155179
100.591746,495.155179
100.594649,494.869249
100.597551,494.302346
100.600454,493.731635
100.603356,493.161583
100.606259,492.851698
100.609161,491.998391
100.612063,491.714284
100.614966,491.146561
100.617868,490.921374
100.620771,490.921374
100.623673,490.354567
100.626576,490.111138
100.629478,490.111138
100.632381,490.394319
100.635283,491.233043
100.638186,490.949378
100.641088,491.516872
100.643991,492.085023
100.646893,492.343325
100.649796,492.627796
100.652698,493.197230
100.655601,493.798328
100.658503,494.369116
100.661406,494.654757
100.664308,495.226535
100.667211,495.791205
100.670113,497.512467
100.673016,499.239706
100.675918,500.194709
100.678821,500.483716
100.681723,500.194709
100.684626,500.483716
100.687528,500.180428
100.690431,501.337427
100.693333,501.916929
100.696236,502.744653
100.699138,504.490056
100.702041,504.198735
100.704943,503.907583
100.707846,503.530932
100.710748,503.240165
100.713651,503.530932
100.716553,503.603970
100.719456,503.603970
100.722358,503.022520
100.725261,502.592327
100.728163,501.142878
100.731066,499.986328
100.733968,500.275215
100.736871,501.457813
100.739773,500.300537
100.742676,499.145931
100.745578,0.000000
100.748481,496.668011
100.751383,494.378212
100.754286,493.807414
100.757188,493.441394
100.760091,495.154498
100.762993,496.299871
100.765896,496.987250
100.768798,495.267805
100.771701,493.839479
100.774603,492.699784
100.777506,491.214018
100.780408,490.080383
100.783311,490.930364
100.786213,494.826187
100.789116,493.684215
100.792018,493.399134
100.794921,492.260456
100.797823,492.581147
100.800726,493.150528
100.803628,494.862623
100.806531,495.048147
100.809433,494.762279
100.812336,495.048147
100.815238,495.422964
100.818141,495.422964
100.821043,496.568958
100.823946,498.292921
100.826848,499.069825
100.829751,498.493610
100.832653,496.195395
100.835556,497.342961
100.838458,495.050051
100.841361,497.917846
100.844263,497.342961
100.847166,498.307025
100.850068,498.883024
100.852971,498.307025
100.855873,495.630994
100.858776,496.203900
100.861678,497.926595
100.864580,494.772874
100.867483,496.309775
100.870385,497.745246
100.873288,498.320596
100.876190,497.373049
100.879093,497.660426
100.881995,497.947969
100.884898,0.000000
100.887800,0.000000
100.890703,0.000000
100.893605,0.000000
100.896508,0.000000
100.899410,0.000000
100.902313,0.000000
100.905215,0.000000
100.908118,0.000000
100.911020,0.000000
100.913923,0.000000
100.916825,0.000000
100.919728,0.000000
100.922630,0.000000
100.925533,0.000000
100.928435,0.000000
100.931338,0.000000
100.934240,0.000000
100.937143,0.000000
100.940045,0.000000
100.942948,0.000000
100.945850,0.000000
100.948753,0.000000
100.951655,0.000000
100.954558,0.000000
100.957460,0.000000
100.960363,0.000000
100.963265,0.000000
100.966168,0.000000
100.969070,0.000000
100.971973,0.000000
100.974875,0.000000
100.977778,0.000000
100.980680,0.000000
100.983583,0.000000
100.986485,0.000000
100.989388,0.000000
100.992290,0.000000
100.995193,0.000000
100.998095,0.000000
101.000998,0.000000
101.003900,0.000000
101.006803,0.000000
101.009705,0.000000
101.012608,295.072904
101.015510,517.833691
101.018413,523.850629
101.021315,526.581012
101.024218,526.581012
101.027120,525.809485
101.030023,526.721434
101.032925,528.244864
101.035828,528.178951
101.038730,527.873951
101.041633,527.569127
101.044535,527.569127
101.047438,527.549255
101.050340,527.244619
101.053243,527.244619
101.056145,526.722456
101.059048,526.722456
101.061950,526.418297
101.064853,526.114313
101.067755,525.612367
101.070658,525.308849
101.073560,525.005506
101.076463,524.418948
101.079365,523.510986
101.082268,522.604596
101.085170,521.818434
101.088073,520.614169
101.090975,520.013080
101.093878,519.112746
101.096780,518.217554
101.099683,517.619231
101.102585,517.320329
101.105488,516.579373
101.108390,516.579373
101.111293,516.281071
101.114195,516.281071
101.117098,516.314384
101.120000,516.612705
101.122902,516.911198
101.125805,517.345541
101.128707,517.345541
101.131610,517.943548
101.134512,518.242810
101.137415,518.912156
101.140317,519.812142
101.143220,520.413000
101.146122,520.930080
101.149025,521.231068
101.151927,521.532230
101.154830,522.135075
101.157732,522.734476
101.160635,523.943645
101.163537,524.549278
101.166440,525.101209
101.169342,525.404607
101.172245,525.404607
101.175147,526.528638
101.178050,528.356613
101.180952,530.190935
101.183855,531.110482
101.186757,532.269739
101.189660,532.269739
101.192562,532.577279
101.195465,532.498459
101.198367,532.498459
101.201270,531.883648
101.204172,531.269547
101.207075,530.286022
101.209977,529.673765
101.212880,529.367902
101.215782,528.333500
101.218685,527.418761
101.221587,526.809814
101.224490,526.809814
101.227392,526.261457
101.230295,525.653847
101.233197,525.653847
101.236100,525.650496
101.239002,523.529394
101.241905,522.622972
101.244807,520.814834
101.247710,520.267990
101.250612,519.367215
101.253515,518.767565
101.256417,517.842023
101.259320,515.454605
101.262222,514.859472
101.265125,515.108185
101.268027,514.810733
101.270930,514.513452
101.273832,514.513452
101.276735,514.499598
101.279637,515.094314
101.282540,515.391931
101.285442,515.791961
101.288345,516.686535
101.291247,517.283780
101.294150,518.180941
101.297052,519.331199
101.299955,519.631263
101.302857,519.631263
101.305760,520.362824
101.308662,521.265326
101.311565,522.471097
101.314467,523.679657
101.317370,524.270733
101.320272,524.876745
101.323175,525.483457
101.326077,526.264551
101.328980,526.264551
101.331882,526.568621
101.334785,527.481886
101.337687,527.688662
101.340590,527.383945
101.343492,527.079404
101.346395,527.466109
101.349297,527.466109
101.352200,527.161521
101.355102,527.026283
101.358005,527.330793
101.360907,527.330793
101.363810,527.026283
101.366712,526.327588
101.369615,526.327588
101.372517,526.327588
101.375420,526.567753
101.378322,526.567753
101.381224,526.567753
101.384127,526.567753
101.387029,526.156427
101.389932,526.156427
101.392834,525.852594
101.395737,525.807444
101.398639,525.807444
101.401542,526.111250
101.404444,526.111250
101.407347,525.938549
101.410249,525.634842
101.413152,525.027956
101.416054,524.876177
101.418957,525.179445
101.421859,525.179445
101.424762,526.090301
101.427664,526.076099
101.430567,525.772313
101.433469,525.165268
101.436372,524.500279
101.439274,524.803330
101.442177,525.409957
101.445079,526.115321
101.447982,526.723464
101.450884,527.636998
101.453787,527.636998
101.456689,529.068342
101.459592,529.068342
101.462494,528.152330
101.465397,530.146182
101.468299,529.228305
101.471202,525.876328
101.474104,526.788392
101.477007,526.668396
101.479909,527.581834
101.482812,523.937560
101.485714,588.172561
101.488617,588.172561
101.491519,590.896785
101.494422,591.921618
101.497324,591.671281
101.500227,591.671281
101.503129,591.671281
101.506032,592.745266
101.508934,593.087748
101.511837,593.087748
101.514739,593.087748
101.517642,593.735161
101.520544,593.735161
101.523447,594.078215
101.526349,593.681471
101.529252,593.681471
101.532154,593.681471
101.535057,593.771498
101.537959,593.771498
101.540862,594.114573
101.543764,593.771498
101.546667,594.141656
101.549569,594.484945
101.552472,594.828432
101.555374,594.696720
101.558277,594.353309
101.561179,594.696720
101.564082,594.696720
101.566984,594.789182
101.569887,594.789182
101.572789,594.789182
101.575692,594.791787
101.578594,594.791787
101.581497,594.791787
101.584399,594.791787
101.587302,594.647097
101.590204,594.990678
101.593107,594.990678
101.596009,595.093047
101.598912,595.093047
101.601814,594.749407
101.604717,594.749407
101.607619,595.001020
101.610522,595.001020
101.613424,594.657433
101.616327,594.595253
101.619229,594.595253
101.622132,0.000000
101.625034,594.308122
101.627937,594.308122
101.630839,594.308122
101.633741,594.308122
101.636644,594.129943
101.639546,593.786859
101.642449,593.786859
101.645351,593.551951
101.648254,593.894899
101.651156,593.551951
101.654059,593.209201
101.656961,592.899243
101.659864,593.584583
101.662766,593.584583
101.665669,593.723003
101.668571,593.723003
101.671474,593.723003
101.674376,594.066050
101.677279,594.416766
101.680181,594.416766
101.683084,594.416766
101.685986,594.495945
101.688889,594.495945
101.691791,594.839439
101.694694,595.183131
101.697596,595.191403
101.700499,595.191403
101.703401,595.191403
101.706304,595.256377
101.709206,595.256377
101.712109,595.600310
101.715011,595.881199
101.717914,595.881199
101.720816,595.881199
101.723719,595.881199
101.726621,595.975825
101.729524,595.975825
101.732426,595.975825
101.735329,595.968891
101.738231,595.968891
101.741134,595.968891
101.744036,595.624746
101.746939,595.835826
101.749841,595.835826
101.752744,595.835826
101.755646,595.807023
101.758549,595.807023
101.761451,595.807023
101.764354,595.807023
101.767256,595.922443
101.770159,595.922443
101.773061,595.922443
101.775964,595.900654
101.778866,596.244959
101.781769,595.900654
101.784671,595.900654
101.787574,595.845543
101.790476,595.501468
101.793379,595.501468
101.796281,595.609383
101.799184,595.953520
101.802086,595.953520
101.804989,595.953520
101.807891,596.217222
101.810794,596.217222
101.813696,596.217222
101.816599,596.638911
101.819501,596.294378
101.822404,596.294378
101.825306,596.468507
101.828209,596.468507
101.831111,596.468507
101.834014,596.124073
101.836916,596.287349
101.839819,595.943019
101.842721,595.943019
101.845624,595.715097
101.848526,595.715097
101.851429,595.715097
101.854331,595.715097
101.857234,595.389020
101.860136,595.389020
101.863039,595.733029
101.865941,595.653096
101.868844,595.653096
101.871746,595.309133
101.874649,595.309133
101.877551,595.228834
101.880454,595.228834
101.883356,595.228834
101.886259,595.126901
101.889161,595.470759
101.892063,595.470759
101.894966,595.126901
101.897868,595.219891
101.900771,595.219891
101.903673,595.219891
101.906576,595.655550
101.909478,595.655550
101.912381,595.999713
101.915283,596.724751
101.918186,597.069532
101.921088,0.000000
101.923991,0.000000
101.926893,0.000000
101.929796,0.000000
101.932698,0.000000
101.935601,0.000000
101.938503,0.000000
101.941406,0.000000
101.944308,0.000000
101.947211,0.000000
101.950113,0.000000
101.953016,0.000000
101.955918,0.000000
101.958821,0.000000
101.961723,0.000000
101.964626,0.000000
101.967528,0.000000
101.970431,0.000000
101.973333,0.000000
101.976236,0.000000
101.979138,0.000000
101.982041,595.797540
101.984943,594.422545
101.987846,792.723706
101.990748,793.181734
101.993651,792.723706
101.996553,792.449831
101.999456,792.449831
102.002358,791.992226
102.005261,792.082352
102.008163,791.167831
102.011066,791.167831
102.013968,790.254365
102.016871,789.209432
102.019773,788.298228
102.022676,787.843021
102.025578,787.167279
102.028481,785.804403
102.031383,784.443887
102.034286,783.538185
102.037188,782.387407
102.040091,781.935613
102.042993,781.484080
102.045896,780.828193
102.048798,780.377299
102.051701,779.926665
102.054603,779.476292
102.057506,779.640347
102.060408,779.640347
102.063311,780.090815
102.066213,780.689674
102.069116,781.592083
102.072018,782.495535
102.074921,783.400032
102.077823,783.833754
102.080726,784.739798
102.083628,785.193212
102.086531,785.996184
102.089433,786.904727
102.092336,788.724965
102.095238,789.275702
102.098141,789.731737
102.101043,789.731737
102.103946,791.101424
102.106848,791.407851
102.109751,792.322650
102.112653,792.780446
102.115556,793.876764
102.118458,794.794417
102.121361,795.253641
102.124263,795.713130
102.127166,797.167769
102.130068,798.089225
102.132971,798.550353
102.135873,798.079969
102.138776,798.079969
102.141678,797.619113
102.144580,796.238141
102.147483,795.132107
102.150385,794.214065
102.153288,793.755441
102.156190,793.027371
102.159093,793.027371
102.161995,792.111759
102.164898,791.197204
102.167800,790.794479
102.170703,788.969465
102.173605,786.694119
102.176508,786.032583
102.179410,784.218558
102.182313,783.765706
102.185215,783.964358
102.188118,783.511653
102.191020,783.059210
102.193923,783.511653
102.196825,782.924613
102.199728,782.472508
102.202630,782.020665
102.205533,781.648640
102.208435,782.100269
102.211338,782.552158
102.214240,783.456720
102.217143,783.579660
102.220045,783.579660
102.222948,784.032405
102.225850,785.234894
102.228753,785.688594
102.231655,786.142557
102.234558,786.596782
102.237460,787.280177
102.240363,787.735059
102.243265,789.101284
102.246168,789.292384
102.249070,789.748429
102.251973,790.204738
102.254875,790.661310
102.257778,790.847242
102.260680,790.847242
102.263583,790.847242
102.266485,791.247236
102.269388,792.161848
102.272290,792.161848
102.275193,791.872671
102.278095,791.872671
102.280998,792.330207
102.283900,791.872671
102.286803,792.221454
102.289705,792.221454
102.292608,792.221454
102.295510,791.814165
102.298413,791.356927
102.301315,790.443244
102.304218,790.443244
102.307120,790.179719
102.310023,790.179719
102.312925,789.723425
102.315828,789.736048
102.318730,789.280011
102.321633,788.824236
102.324535,789.280011
102.327438,789.345228
102.330340,789.801303
102.333243,789.345228
102.336145,789.940154
102.339048,790.396574
102.341950,790.853256
102.344853,790.396574
102.347755,790.282755
102.350658,790.282755
102.353560,789.826402
102.356463,790.160831
102.359365,790.160831
102.362268,789.704548
102.365170,789.375049
102.368073,789.375049
102.370975,788.463653
102.373878,788.008350
102.376780,788.750616
102.379683,788.750616
102.382585,788.295147
102.385488,788.141572
102.388390,788.596952
102.391293,788.596952
102.394195,787.686455
102.397098,786.319715
102.400000,789.505524
102.402902,785.411848
102.405805,497.809664
102.408707,504.176044
102.411610,497.809664
102.414512,498.673050
102.417415,501.691384
102.420317,503.433130
102.423220,502.271295
102.426122,502.012576
102.429025,502.883252
102.431927,502.592859
102.434830,0.000000
102.437732,501.659932
102.440635,502.820353
102.443537,502.820353
102.446440,503.861181
102.449342,503.861181
102.452245,503.861181
102.455147,503.496385
102.458050,503.787300
102.460952,503.787300
102.463855,503.496385
102.466757,503.685554
102.469660,503.685554
102.472562,503.685554
102.475465,503.631954
102.478367,503.341129
102.481270,502.179506
102.484172,501.310049
102.487075,500.356452
102.489977,499.201718
102.492880,498.337416
102.495782,497.790160
102.498685,497.215422
102.501587,496.354560
102.504490,495.781480
102.507392,495.354360
102.510295,495.068315
102.513197,495.068315
102.516100,495.006272
102.519002,495.006272
102.521905,495.292282
102.524807,495.006272
102.527710,494.930729
102.530612,494.930729
102.533515,495.216695
102.536417,495.608492
102.539320,495.894849
102.542222,495.894849
102.545125,496.092040
102.548027,496.665479
102.550930,497.239581
102.553832,497.814346
102.556735,498.736926
102.559637,499.601921
102.562540,501.046913
102.565442,501.878570
102.568345,501.878570
102.571247,502.168550
102.574150,502.458698
102.577052,502.563995
102.579955,504.017555
102.582857,504.308771
102.585760,504.435944
102.588662,504.727402
102.591565,504.727402
102.594467,504.727402
102.597370,504.601608
102.600272,504.310223
102.603175,504.601608
102.606077,504.277257
102.608980,504.860157
102.611882,504.568623
102.614785,503.986059
102.617687,503.539547
102.620590,503.248776
102.623492,503.248776
102.626395,503.263643
102.629297,502.973031
102.632200,502.682586
102.635102,502.622129
102.638005,502.912539
102.640907,502.622129
102.643810,502.331887
102.646712,501.314782
102.649615,500.157836
102.652517,499.003560
102.655420,496.583846
102.658322,494.580033
102.661224,495.724077
102.664127,493.438630
102.667029,441.666082
102.669932,439.883873
102.672834,438.868698
102.675737,440.616615
102.678639,442.401793
102.681542,442.401793
102.684444,441.891005
102.687347,441.811462
102.690249,441.811462
102.693152,442.066736
102.696054,441.896449
102.698957,0.000000
102.701859,0.000000
102.704762,442.151773
102.707664,441.940214
102.710567,442.195562
102.713469,442.195562
102.716372,442.155394
102.719274,442.155394
102.722177,442.410867
102.725079,442.281142
102.727982,442.281142
102.730884,442.281142
102.733787,442.536687
102.736689,442.629920
102.739592,442.374320
102.742494,442.374320
102.745397,442.352712
102.748299,442.608299
102.751202,442.608299
102.754104,442.608299
102.757007,442.361417
102.759909,442.617009
102.762812,442.617009
102.765714,442.457806
102.768617,442.457806
102.771519,442.713454
102.774422,442.713454
102.777324,442.591874
102.780227,442.591874
102.783129,442.591874
102.786032,442.841625
102.788934,442.841625
102.791837,442.841625
102.794739,442.841625
102.797642,442.854729
102.800544,442.854729
102.803447,443.110605
102.806349,442.934966
102.809252,443.190889
102.812154,443.190889
102.815057,443.134886
102.817959,442.878995
102.820862,442.878995
102.823764,443.134886
102.826667,443.342435
102.829569,443.342435
102.832472,443.086424
102.835374,443.311713
102.838277,443.055720
102.841179,442.799875
102.844082,442.799875
102.846984,442.719170
102.849887,442.974969
102.852789,442.974969
102.855692,442.797385
102.858594,442.541689
102.861497,442.797385
102.864399,442.797385
102.867302,442.484797
102.870204,442.740461
102.873107,441.973914
102.876009,442.831932
102.878912,443.087796
102.881814,442.320648
102.884717,442.576216
102.887619,442.987279
102.890522,445.039052
102.893424,0.000000
102.896327,485.777787
102.899229,487.182796
102.902132,489.156639
102.905034,494.113430
102.907937,493.828101
102.910839,494.398924
102.913741,495.542548
102.916644,496.047585
102.919546,496.334196
102.922449,497.482298
102.925351,497.707254
102.928254,497.707254
102.931156,497.707254
102.934059,497.707254
102.936961,497.746982
102.939864,498.034575
102.942766,497.746982
102.945669,498.006000
102.948571,498.006000
102.951474,498.293743
102.954376,498.293743
102.957279,498.389695
102.960181,498.389695
102.963084,498.101897
102.965986,498.318103
102.968889,498.318103
102.971791,498.318103
102.974694,498.606026
102.977596,498.507003
102.980499,498.219138
102.983401,498.219138
102.986304,498.399460
102.989206,498.399460
102.992109,498.399460
102.995011,498.359538
102.997914,498.359538
103.000816,498.359538
103.003719,498.359538
103.006621,498.426703
103.009524,498.714689
103.012426,498.714689
103.015329,498.843743
103.018231,498.843743
103.021134,498.843743
103.024036,498.555683
103.026939,498.650662
103.029841,498.650662
103.032744,498.938777
103.035646,498.852217
103.038549,499.140448
103.041451,498.564152
103.044354,498.276253
103.047256,498.216220
103.050159,498.216220
103.053061,497.928522
103.055964,497.986740
103.058866,497.124542
103.061769,495.977266
103.064671,495.404621
103.067574,496.170922
103.070476,497.605991
103.073379,497.605991
103.076281,498.109986
103.079184,498.685758
103.082086,499.839299
103.084989,500.417069
103.087891,507.744301
103.090794,510.980703
103.093696,513.940784
103.096599,516.051827
103.099501,516.648338
103.102404,518.741562
103.105306,520.379249
103.108209,521.281779
103.111111,521.281779
103.114014,521.884335
103.116916,522.766325
103.119819,522.766325
103.122721,523.068374
103.125624,523.250529
103.128526,522.948375
103.131429,522.948375
103.134331,522.646395
103.137234,523.064711
103.140136,523.064711
103.143039,523.064711
103.145941,523.421522
103.148844,523.119269
103.151746,523.119269
103.154649,523.119269
103.157551,523.014925
103.160454,522.712907
103.163356,523.317117
103.166259,523.746198
103.169161,523.443758
103.172063,523.443758
103.174966,523.746198
103.177868,523.797875
103.180771,524.100520
103.183673,524.100520
103.186576,523.688204
103.189478,523.688204
103.192381,523.990785
103.195283,523.734700
103.198186,524.037308
103.201088,524.037308
103.203991,523.734700
103.206893,523.788245
103.209796,523.788245
103.212698,523.788245
103.215601,523.859617
103.218503,524.162298
103.221406,523.859617
103.224308,523.859617
103.227211,523.673580
103.230113,523.976154
103.233016,523.673580
103.235918,523.760143
103.238821,523.760143
103.241723,523.760143
103.244626,524.062766
103.247528,523.944662
103.250431,523.642107
103.253333,523.339727
103.256236,523.087646
103.259138,523.087646
103.262041,523.389881
103.264943,523.389881
103.267846,523.455493
103.270748,523.455493
103.273651,523.455493
103.276553,523.432353
103.279456,523.734787
103.282358,523.734787
103.285261,523.458989
103.288163,522.552689
103.291066,522.250938
103.293968,522.250938
103.296871,522.354304
103.299773,521.148803
103.302676,520.547096
103.305578,521.425706
103.308481,522.631848
103.311383,524.143450
103.314286,523.538285
103.317188,523.093936
103.320091,523.093936
103.322993,523.396174
103.325896,521.241917
103.328798,522.145944
103.331701,520.640103
103.334603,523.051538
103.337506,585.276649
103.340408,587.647923
103.343311,586.969437
103.346213,588.262934
103.349116,587.583738
103.352018,588.942914
103.354921,589.283199
103.357823,590.393290
103.360726,590.734413
103.363628,590.393290
103.366531,591.126166
103.369433,591.809456
103.372336,592.493536
103.375238,592.242840
103.378141,591.900846
103.381043,591.559049
103.383946,591.559049
103.386848,591.205452
103.389751,590.864056
103.392653,590.522859
103.395556,590.042370
103.398458,589.701646
103.401361,589.361119
103.404263,588.680656
103.407166,587.856149
103.410068,587.516688
103.412971,587.177423
103.415873,586.302720
103.418776,585.964156
103.421678,585.625788
103.424580,584.949637
103.427483,584.608196
103.430385,583.933220
103.433288,584.270611
103.436190,583.777413
103.439093,583.777413
103.441995,583.440308
103.444898,583.103397
103.447800,583.090271
103.450703,583.764272
103.453605,583.764272
103.456508,584.305900
103.459410,584.981307
103.462313,585.657494
103.465215,585.808801
103.468118,585.470522
103.471020,586.147275
103.473923,586.824810
103.476825,587.816710
103.479728,588.496175
103.482630,589.176425
103.485533,590.377961
103.488435,591.060387
103.491338,591.743601
103.494240,593.112400
103.497143,594.502367
103.500045,595.533454
103.502948,595.877547
103.505850,596.852707
103.508753,597.887870
103.511655,598.233324
103.514558,598.578977
103.517460,599.222078
103.520363,599.222078
103.523265,599.222078
103.526168,598.674918
103.529070,598.674918
103.531973,598.329209
103.534875,597.293282
103.537778,596.764609
103.540680,595.731391
103.543583,595.387382
103.546485,594.645326
103.549388,594.301945
103.552290,593.272990
103.555193,592.137184
103.558095,591.795251
103.560998,591.111977
103.563900,590.088545
103.566803,587.592850
103.569705,587.253541
103.572608,587.592850
103.575510,587.208100
103.578413,586.530122
103.581315,586.191427
103.584218,585.176514
103.587120,584.388900
103.590023,583.714177
103.592925,583.377108
103.595828,582.720073
103.598730,582.047277
103.601633,581.375258
103.604535,581.375258
103.607438,581.673315
103.610340,582.009399
103.613243,582.009399
103.616145,582.197763
103.619048,582.197763
103.621950,582.534151
103.624853,582.870733
103.627755,583.652069
103.630658,584.664338
103.633560,584.664338
103.636463,585.967132
103.639365,586.983416
103.642268,586.983416
103.645170,588.096338
103.648073,589.116314
103.650975,588.776126
103.653878,590.479036
103.656780,592.849554
103.659683,594.564245
103.662585,595.595440
103.665488,596.382736
103.668390,596.727319
103.671293,597.072102
103.674195,597.417084
103.677098,597.337014
103.680000,597.682149
103.682902,597.337014
103.685805,597.241623
103.688707,596.896742
103.691610,596.552061
103.694512,596.552061
103.697415,596.235995
103.700317,595.547594
103.703220,595.547594
103.706122,595.556403
103.709025,595.900509
103.711927,595.556403
103.714830,595.212496
103.717732,595.596204
103.720635,595.252274
103.723537,594.908542
103.726440,594.271495
103.729342,593.585362
103.732245,593.242592
103.735147,592.061712
103.738050,590.695338
103.740952,588.991805
103.743855,588.991805
103.746757,588.910644
103.749660,588.230701
103.752562,587.551542
103.755465,585.434769
103.758367,584.758839
103.761270,584.758839
103.764172,583.746406
103.767075,582.592918
103.769977,581.920269
103.772880,581.920269
103.775782,581.954206
103.778685,581.954206
103.781587,582.290453
103.784490,582.963530
103.787392,584.118611
103.790295,585.469772
103.793197,586.485193
103.796100,587.097932
103.799002,588.455985
103.801905,588.455985
103.804807,588.795989
103.807710,590.003169
103.810612,591.367942
103.813515,592.735871
103.816417,594.201076
103.819320,594.544399
103.822222,595.231641
103.825125,595.685749
103.828027,595.685749
103.830930,596.718889
103.833832,597.063667
103.836735,597.430253
103.839637,598.466418
103.842540,598.120830
103.845442,598.565410
103.848345,598.911255
103.851247,598.219765
103.854150,598.219765
103.857052,598.048946
103.859955,597.703599
103.862857,598.048946
103.865760,598.832955
103.868662,599.178954
103.871565,599.525154
103.874467,600.218152
103.877370,599.888718
103.880272,599.542308
103.883175,599.542308
103.886077,598.617455
103.888980,598.963330
103.891882,598.271780
103.894785,596.546396
103.897687,595.732155
103.900590,595.044336
103.903492,595.044336
103.906395,593.784515
103.909297,593.784515
103.912200,592.414165
103.915102,591.332146
103.918005,590.308333
103.920907,590.308333
103.923810,589.626776
103.926712,588.938888
103.929615,588.598802
103.932517,587.579721
103.935420,587.028228
103.938322,586.350458
103.941224,586.350458
103.944127,586.350458
103.947029,587.288081
103.949932,587.627410
103.952834,587.627410
103.955737,588.391962
103.958639,588.731928
103.961542,589.412451
103.964444,588.731928
103.967347,588.924648
103.970249,590.286926
103.973152,591.310702
103.976054,592.611225
103.978957,592.611225
103.981859,593.982030
103.984762,594.668622
103.987664,596.517792
103.990567,597.207314
103.993469,598.588751
103.996372,599.014465
103.999274,599.014465
104.002177,600.400083
104.005079,600.776776
104.007982,600.429854
104.010884,600.776776
104.013787,601.471221
104.016689,601.656456
104.019592,602.004087
104.022494,602.351919
104.025397,601.894489
104.028299,601.894489
104.031202,601.894489
104.034104,600.852388
104.037007,601.566313
104.039909,600.871758
104.042812,600.524781
104.045714,600.091016
104.048617,599.744489
104.051519,599.398164
104.054422,597.669531
104.057324,597.609473
104.060227,596.919486
104.063129,595.541901
104.066032,594.945094
104.068934,595.288847
104.071837,595.632798
104.074739,595.632798
104.077642,596.051567
104.080544,595.019583
104.083447,594.675985
104.086349,593.919190
104.089252,593.576228
104.092154,593.919190
104.095057,594.569030
104.097959,595.256300
104.100862,595.600233
104.103764,595.600233
104.106667,595.955676
104.109569,596.300013
104.112472,596.644549
104.115374,596.691299
104.118277,597.036061
104.121179,597.381022
104.124082,597.726182
104.126984,598.127847
104.129887,598.127847
104.132789,598.127847
104.135692,597.454814
104.138594,597.454814
104.141497,597.800017
104.144399,597.800017
104.147302,598.709037
104.150204,598.363309
104.153107,598.709037
104.156009,598.373269
104.158912,598.027735
104.161814,598.027735
104.164717,597.682401
104.167619,598.272088
104.170522,598.617763
104.173424,598.963638
104.176327,599.462562
104.179229,599.116399
104.182132,598.770435
104.185034,598.916704
104.187937,598.916704
104.190839,598.916704
104.193741,597.879759
104.196644,598.010199
104.199546,598.355723
104.202449,601.474437
104.205351,601.346288
104.208254,598.228239
104.211156,597.537537
104.214059,599.612037
104.216961,597.297071
104.219864,596.607445
104.222766,597.987495
104.225669,596.450982
104.228571,597.485449
104.231474,596.450982
104.234376,594.730850
104.237279,779.307431
104.240181,781.561413
104.243084,784.727943
104.245986,786.383649
104.248889,788.202681
104.251791,789.569716
104.254694,790.482390
104.257596,791.043262
104.260499,791.500318
104.263401,791.043262
104.266304,790.250276
104.269206,788.882063
104.272109,787.971237
104.275011,787.571567
104.277914,787.116779
104.280816,786.662254
104.283719,786.662254
104.286621,784.631761
104.289524,783.725842
104.292426,782.368925
104.295329,781.464335
104.298231,780.562073
104.301134,779.660853
104.304036,778.760674
104.306939,778.000069
104.309841,776.653065
104.312744,775.308393
104.315646,775.068126
104.318549,774.173250
104.321451,774.173250
104.324354,774.173250
104.327256,773.961957
104.330159,773.961957
104.333061,773.961957
104.335964,773.877407
104.338866,774.324546
104.341769,775.219597
104.344671,775.667511
104.347574,776.420735
104.350476,776.869343
104.353379,778.216722
104.356281,778.989407
104.359184,780.340463
104.362086,781.242468
104.364989,782.145516
104.367891,783.694576
104.370794,784.600459
104.373696,785.961246
104.376599,787.216995
104.379501,788.126949
104.382404,789.950015
104.385306,792.132505
104.388209,793.964835
104.391111,794.882590
104.394014,796.721282
104.396916,798.530980
104.399819,798.992363
104.402721,798.992363
104.405624,799.612643
104.408526,799.612643
104.411429,799.612643
104.414331,799.150902
104.417234,798.618581
104.420136,797.696513
104.423039,798.157414
104.425941,796.342034
104.428844,794.504218
104.431746,792.670642
104.434649,790.841298
104.437551,790.200010
104.440454,789.743705
104.443356,787.921116
104.446259,786.434059
104.449161,784.166025
104.452063,781.904532
104.454966,780.550768
104.457868,779.855838
104.460771,779.405506
104.463673,778.505621
104.466576,777.675797
104.469478,776.777909
104.472381,775.881058
104.475283,774.827539
104.478186,774.380110
104.481088,774.380110
104.483991,774.827539
104.486893,775.088857
104.489796,775.088857
104.492698,775.536695
104.495601,776.174742
104.498503,777.071932
104.501406,777.970159
104.504308,778.869425
104.507211,779.708232
104.510113,780.609507
104.513016,781.060535
104.515918,782.339047
104.518821,783.695913
104.521723,785.055132
104.524626,785.962587
104.527528,787.357662
104.530431,787.812589
104.533333,788.267779
104.536236,788.986042
104.539138,789.441910
104.542041,789.441910
104.544943,789.898041
104.547846,790.305118
104.550748,790.761748
104.553651,791.218642
104.556553,791.457405
104.559456,791.914700
104.562358,791.914700
104.565261,791.112067
104.568163,791.112067
104.571066,790.655235
104.573968,790.198666
104.576871,790.319147
104.579773,790.319147
104.582676,789.862773
104.585578,789.407405
104.588481,789.407405
104.591383,788.951557
104.594286,788.495973
104.597188,787.889565
104.600091,786.979885
104.602993,786.525439
104.605896,786.323045
104.608798,785.868978
104.611701,784.961631
104.614603,784.508350
104.617506,784.397050
104.620408,784.397050
104.623311,784.397050
104.626213,784.424665
104.629116,784.877898
104.632018,785.331392
104.634921,785.785148
104.637823,785.992483
104.640726,786.446622
104.643628,786.446622
104.646531,786.421146
104.649433,786.875532
104.652336,785.967022
104.655238,785.013998
104.658141,784.107638
104.661043,783.654851
104.663946,785.013998
104.666848,783.727818
104.669751,784.633739
104.672653,783.275250
104.675556,783.946462
104.678458,784.852636
104.681361,785.759857
104.684263,786.668127
104.687166,0.000000
104.690068,753.251720
104.692971,753.251720
104.695873,779.336023
104.698776,777.986706
104.701678,777.088459
104.704580,780.687680
104.707483,773.757025
104.710385,769.745006
104.713288,764.869667
104.716190,749.435199
104.719093,749.435199
104.721995,749.435199
104.724898,749.435199
104.727800,748.487399
104.730703,748.487399
104.733605,748.487399
104.736508,749.122526
104.739410,748.689941
104.742313,748.689941
104.745215,748.972917
104.748118,748.972917
104.751020,749.405666
104.753923,749.405666
104.756825,749.796926
104.759728,749.796926
104.762630,750.230151
104.765533,752.942966
104.768435,0.000000
104.771338,0.000000
104.774240,0.000000
104.777143,0.000000
104.780045,0.000000
104.782948,0.000000
104.785850,751.971271
104.788753,752.405752
104.791655,752.840484
104.794558,752.840484
104.797460,752.381465
104.800363,752.816183
104.803265,752.816183
104.806168,752.934970
104.809070,752.934970
104.811973,752.934970
104.814875,753.370008
104.817778,753.778092
104.820680,753.778092
104.823583,753.342819
104.826485,753.618888
104.829388,753.618888
104.832290,753.618888
104.835193,753.302727
104.838095,753.302727
104.840998,753.302727
104.843900,752.867728
104.846803,752.734260
104.849705,752.299589
104.852608,752.299589
104.855510,752.024165
104.858413,751.589905
104.861315,750.722135
104.864218,751.155895
104.867120,750.747294
104.870023,753.353700
104.872925,749.014702
104.875828,750.110689
104.878730,749.677533
104.881633,749.244627
104.884535,750.110689
104.887438,663.152056
104.890340,660.094712
104.893243,660.094712
104.896145,661.733760
104.899048,662.498666
104.901950,664.031133
104.904853,664.798695
104.907755,664.897681
104.910658,665.666244
104.913560,666.050859
104.916463,666.297547
104.919365,666.682527
104.922268,666.682527
104.925170,667.043471
104.928073,667.428881
104.930975,667.428881
104.933878,667.428881
104.936780,667.382583
104.939683,667.382583
104.942585,667.382583
104.945488,667.559473
104.948390,667.559473
104.951293,667.559473
104.954195,667.945182
104.957098,667.599376
104.960000,667.599376
104.962902,667.599376
104.965805,667.617980
104.968707,667.617980
104.971610,668.003723
104.974512,668.003723
104.977415,667.651343
104.980317,667.651343
104.983220,667.651343
104.986122,667.954757
104.989025,667.569042
104.991927,667.954757
104.994830,667.954757
104.997732,667.976791
105.000635,667.591064
105.003537,667.591064
105.006440,667.561110
105.009342,667.561110
105.012245,667.561110
105.015147,667.816807
105.018050,667.816807
105.020952,667.816807
105.023855,667.816807
105.026757,667.696311
105.029660,667.696311
105.032562,667.696311
105.035465,667.510901
105.038367,667.510901
105.041270,667.510901
105.044172,667.510901
105.047075,667.373768
105.049977,667.373768
105.052880,667.373768
105.055782,667.560619
105.058685,667.560619
105.061587,667.560619
105.064490,667.560619
105.067392,667.213323
105.070295,667.213323
105.073197,667.213323
105.076100,667.096557
105.079002,667.096557
105.081905,667.096557
105.084807,667.481998
105.087710,667.923891
105.090612,667.152721
105.093515,667.923891
105.096417,666.926521
105.099320,666.926521
105.102222,667.311864
105.105125,666.818935
105.108027,667.204216
105.110930,667.204216
105.113832,666.433876
105.116735,667.000339
105.119637,666.615176
105.122540,667.000339
105.125442,666.892971
105.128345,666.507870
105.131247,666.507870
105.134150,666.892971
105.137052,591.996791
105.139955,592.681087
105.142857,593.023532
105.145760,593.394070
105.148662,593.394070
105.151565,593.736927
105.154467,593.736927
105.157370,593.487369
105.160272,592.802142
105.163175,592.459825
105.166077,592.260534
105.168980,591.576723
105.171882,591.235113
105.174785,590.893701
105.177687,590.683257
105.180590,590.683257
105.183492,590.001267
105.186395,589.068455
105.189297,588.048561
105.192200,587.708989
105.195102,586.286396
105.198005,584.933351
105.200907,584.595578
105.203810,583.920616
105.206712,580.987665
105.209615,580.316870
105.212517,581.659236
105.215420,580.208363
105.218322,580.543601
105.221224,580.543601
105.224127,580.879033
105.227029,580.531588
105.229932,581.202632
105.232834,581.874451
105.235737,582.342531
105.238639,582.342531
105.241542,582.679002
105.244444,583.689583
105.247347,584.750187
105.250249,585.426107
105.253152,586.780292
105.256054,586.990031
105.258957,587.668540
105.261859,587.668540
105.264762,589.708777
105.267664,591.813785
105.270567,593.525481
105.273469,594.898401
105.276372,595.999583
105.279274,596.343945
105.282177,597.723385
105.285079,597.717479
105.287982,598.062834
105.290884,598.754142
105.293787,599.100096
105.296689,599.463095
105.299592,599.463095
105.302494,599.809459
105.305397,599.613349
105.308299,599.613349
105.311202,598.921048
105.314104,598.921048
105.317007,598.869795
105.319909,598.178353
105.322812,597.487710
105.325714,597.064063
105.328617,596.374706
105.331519,595.342162
105.334422,593.625227
105.337324,592.933332
105.340227,592.248744
105.343129,590.540730
105.346032,589.102327
105.348934,587.742783
105.351837,587.064188
105.354739,586.386376
105.357642,585.066484
105.360544,584.390979
105.363447,583.042308
105.366349,582.471652
105.369252,582.135301
105.372154,581.799143
105.375057,582.770878
105.377959,583.444511
105.380862,583.781619
105.383764,583.781619
105.386667,584.241172
105.389569,584.916503
105.392472,585.592616
105.395374,586.580416
105.398277,586.919336
105.401179,587.597764
105.404082,588.616876
105.406984,589.115363
105.409887,590.478083
105.412789,591.843954
105.415692,591.899249
105.418594,592.583432
105.421497,593.611192
105.424399,594.640733
105.427302,594.518034
105.430204,594.174726
105.433107,594.174726
105.436009,594.368884
105.438912,594.712304
105.441814,594.712304
105.444717,594.712304
105.447619,594.908172
105.450522,595.251904
105.453424,595.251904
105.456327,595.644364
105.459229,595.300406
105.462132,595.300406
105.465034,595.178552
105.467937,595.178552
105.470839,595.178552
105.473741,595.178552
105.476644,595.483265
105.479546,594.795733
105.482449,594.795733
105.485351,594.626310
105.488254,594.282940
105.491156,593.939768
105.494059,593.596794
105.496961,593.604755
105.499864,592.577007
105.502766,592.234820
105.505669,591.072218
105.508571,591.072218
105.511474,590.730900
105.514376,590.389779
105.517279,589.681868
105.520181,589.341353
105.523084,588.660912
105.525986,590.067322
105.528889,591.432244
105.531791,590.408257
105.534694,588.025845
105.537596,587.693395
105.540499,587.354028
105.543401,589.052825
105.546304,593.683036
105.549206,594.712702
105.552109,591.629048
105.555011,519.860997
105.557914,520.461911
105.560816,521.665823
105.563719,522.872521
105.566621,525.034333
105.569524,525.944936
105.572426,525.944936
105.575329,524.818847
105.578231,524.515787
105.581134,524.818847
105.584036,525.122081
105.586939,525.509289
105.589841,526.116732
105.592744,525.812923
105.595646,525.520802
105.598549,525.520802
105.601451,525.520802
105.604354,525.520802
105.607256,524.968198
105.610159,524.968198
105.613061,524.968198
105.615964,525.516637
105.618866,525.213174
105.621769,525.213174
105.624671,525.213174
105.627574,525.133690
105.630476,524.830449
105.633379,524.830449
105.636281,524.705513
105.639184,524.705513
105.642086,525.008682
105.644989,524.705513
105.647891,524.841898
105.650794,524.841898
105.653696,524.841898
105.656599,524.752119
105.659501,525.055315
105.662404,525.055315
105.665306,524.710189
105.668209,524.710189
105.671111,524.710189
105.674014,524.407192
105.676916,524.552150
105.679819,524.855231
105.682721,525.158487
105.685624,525.062704
105.688526,525.366079
105.691429,525.669630
105.694331,525.669630
105.697234,525.861967
105.700136,526.165805
105.703039,526.469818
105.705941,526.360283
105.708844,526.360283
105.711746,526.360283
105.714649,526.360283
105.717551,526.368301
105.720454,526.064346
105.723356,525.456964
105.726259,525.171232
105.729161,524.564881
105.732063,523.959230
105.734966,522.750024
105.737868,521.679097
105.740771,521.377850
105.743673,521.980517
105.746576,526.697769
105.749478,525.482244
105.752381,524.269524
105.755283,524.617449
105.758186,524.314505
105.761088,525.223861
105.763991,524.920567
105.766893,487.381760
105.769796,487.381760
105.772698,487.945130
105.775601,495.173391
105.778503,496.032205
105.781406,497.466873
105.784308,498.041901
105.787211,498.232881
105.790113,498.232881
105.793016,498.520754
105.795918,498.680549
105.798821,498.680549
105.801723,498.680549
105.804626,499.256980
105.807528,499.433894
105.810431,499.433894
105.813333,498.857258
105.816236,498.950854
105.819138,498.950854
105.822041,499.239143
105.824943,499.239143
105.827846,499.075568
105.830748,499.075568
105.833651,499.075568
105.836553,499.220933
105.839456,498.932655
105.842358,498.932655
105.845261,499.055921
105.848163,499.344270
105.851066,499.055921
105.853968,499.055921
105.856871,499.122722
105.859773,499.411110
105.862676,499.122722
105.865578,499.067404
105.868481,499.067404
105.871383,499.355760
105.874286,499.355760
105.877188,499.263609
105.880091,499.263609
105.882993,499.263609
105.885896,499.442229
105.888798,499.442229
105.891701,499.153823
105.894603,499.153823
105.897506,499.331741
105.900408,499.331741
105.903311,499.331741
105.906213,499.206698
105.909116,499.206698
105.912018,499.206698
105.914921,499.206698
105.917823,499.249552
105.920726,499.249552
105.923628,499.249552
105.926531,499.288169
105.929433,0.000000
105.932336,499.288169
105.935238,499.273547
105.938141,499.273547
105.941043,498.985239
105.943946,498.985239
105.946848,498.808273
105.949751,498.808273
105.952653,498.808273
105.955556,498.820939
105.958458,498.820939
105.961361,498.820939
105.964263,498.820939
105.967166,499.251521
105.970068,499.828612
105.972971,499.828612
105.975873,499.911828
105.978776,499.623151
105.981678,498.758120
105.984580,497.894587
105.987483,501.933153
105.990385,500.485605
105.993288,0.000000
105.996190,0.000000
105.999093,0.000000
106.001995,0.000000
106.004898,0.000000
106.007800,520.366530
106.010703,520.066041
106.013605,520.366530
106.016508,521.210561
106.019410,522.718052
106.022313,523.624639
106.025215,523.727293
106.028118,524.635630
106.031020,525.242063
106.033923,524.635630
106.036825,524.763068
106.039728,524.763068
106.042630,524.460040
106.045533,524.181486
106.048435,523.576278
106.051338,523.273935
106.054240,522.971768
106.057143,522.569338
106.060045,522.871273
106.062948,522.267577
106.065850,521.756936
106.068753,521.455645
106.071655,521.154527
106.074558,520.552813
106.077460,520.138884
106.080363,518.938495
106.083265,518.339340
106.086168,518.124306
106.089070,517.825112
106.091973,517.227242
106.094875,516.331732
106.097778,515.947944
106.100680,516.246053
106.103583,515.054648
106.106485,514.798312
106.109388,515.393374
106.112290,515.691163
106.115193,516.144947
106.118095,516.144947
106.120998,516.443170
106.123900,517.040133
106.126803,516.927193
106.129705,516.927193
106.132608,517.225868
106.135510,518.971001
106.138413,519.270857
106.141315,520.171465
106.144218,520.472014
106.147120,520.834723
106.150023,521.436763
106.152925,521.436763
106.155828,522.544406
106.158730,522.846326
106.161633,523.753136
106.164535,524.661517
106.167438,525.774931
106.170340,526.382681
106.173243,526.686820
106.176145,528.148916
106.179048,528.759410
106.181950,528.759410
106.184853,528.454075
106.187755,529.045015
106.190658,529.350692
106.193560,528.739515
106.196463,527.652311
106.199365,527.043095
106.202268,526.738751
106.205170,525.919929
106.208073,525.009369
106.210975,524.100385
106.213878,522.588907
106.216780,523.137744
106.219683,522.835655
106.222585,521.930434
106.225488,521.481592
106.228390,520.278104
106.231293,519.077394
106.234195,518.478079
106.237098,517.718000
106.240000,517.120254
106.242902,516.523198
106.245805,516.407799
106.248707,516.109596
106.251610,515.811566
106.254512,515.811566
106.257415,515.752348
106.260317,516.050344
106.263220,516.050344
106.266122,516.718214
106.269025,517.315495
106.271927,517.016768
106.274830,517.315495
106.277732,517.654328
106.280635,517.953423
106.283537,518.252691
106.286440,518.211501
106.289342,518.810508
106.292245,519.410208
106.295147,519.866875
106.298050,520.167249
106.300952,520.467796
106.303855,520.467796
106.306757,520.596469
106.309660,520.897265
106.312562,521.198233
106.315465,521.901814
106.318367,521.901814
106.321270,521.901814
106.324172,522.203363
106.327075,522.093169
106.329977,522.093169
106.332880,521.791683
106.335782,521.741060
106.338685,521.741060
106.341587,521.741060
106.344490,522.042517
106.347392,522.387384
106.350295,522.387384
106.353197,522.689214
106.356100,522.835074
106.359002,522.533159
106.361905,522.231420
106.364807,522.231420
106.367710,522.301896
106.370612,522.301896
106.373515,522.301896
106.376417,522.130988
106.379320,522.130988
106.382222,522.130988
106.385125,521.739174
106.388027,521.437893
106.390930,521.437893
106.393832,521.136785
106.396735,520.825056
106.399637,520.524302
106.402540,519.623084
106.405442,518.227031
106.408345,516.732492
106.411247,516.135884
106.414150,519.425774
106.417052,519.762215
106.419955,520.363014
106.422857,520.964509
106.425760,521.714655
106.428662,519.909660
106.431565,521.714655
106.434467,519.609435
106.437370,501.762149
106.440272,495.998919
106.443175,498.584135
106.446077,499.234277
106.448980,499.811348
106.451882,500.100134
106.454785,499.811348
106.457687,499.576738
106.460590,499.576738
106.463492,498.999937
106.466395,499.353591
106.469297,499.353591
106.472200,499.065236
106.475102,498.958364
106.478005,498.670237
106.480907,498.670237
106.483810,498.958364
106.486712,498.884871
106.489615,498.884871
106.492517,498.884871
106.495420,498.973101
106.498322,498.973101
106.501224,498.973101
106.504127,498.973101
106.507029,498.826424
106.509932,499.114641
106.512834,499.114641
106.515737,499.179119
106.518639,499.467540
106.521542,499.179119
106.524444,499.179119
106.527347,499.420725
106.530249,499.709285
106.533152,499.709285
106.536054,499.740398
106.538957,499.740398
106.541859,499.740398
106.544762,500.029142
106.547664,500.443026
106.550567,500.154043
106.553469,500.443026
106.556372,500.563497
106.559274,500.563497
106.562177,500.563497
106.565079,500.545334
106.567982,500.834544
106.570884,500.834544
106.573787,500.834544
106.576689,500.824759
106.579592,501.114131
106.582494,500.824759
106.585397,500.748181
106.588299,500.748181
106.591202,0.000000
106.594104,0.000000
106.597007,0.000000
106.599909,0.000000
106.602812,0.000000
106.605714,0.000000
106.608617,0.000000
106.611519,0.000000
106.614422,0.000000
106.617324,0.000000
106.620227,0.000000
106.623129,0.000000
106.626032,0.000000
106.628934,0.000000
106.631837,0.000000
106.634739,0.000000
106.637642,0.000000
106.640544,0.000000
106.643447,0.000000
106.646349,0.000000
106.649252,0.000000
106.652154,0.000000
106.655057,0.000000
106.657959,0.000000
106.660862,0.000000
106.663764,0.000000
106.666667,439.469048
106.669569,440.740119
106.672472,441.249576
106.675374,442.238464
106.678277,442.238464
106.681179,441.983091
106.684082,441.983091
106.686984,442.256646
106.689887,442.512178
106.692789,443.023683
106.695692,442.788737
106.698594,443.300563
106.701497,443.044576
106.704399,443.300563
106.707302,443.232158
106.710204,443.488253
106.713107,443.744496
106.716009,443.818901
106.718912,443.562615
106.721814,443.306478
106.724717,443.306478
106.727619,443.381512
106.730522,443.381512
106.733424,443.381512
106.736327,443.370299
106.739229,443.370299
106.742132,443.626473
106.745034,443.324066
106.747937,443.580214
106.750839,443.580214
106.753741,443.836510
106.756644,443.737104
106.759546,443.737104
106.762449,443.480865
106.765351,443.329251
106.768254,443.585402
106.771156,443.585402
106.774059,443.585402
106.776961,443.753970
106.779864,443.753970
106.782766,443.497721
106.785669,443.643196
106.788571,443.387011
106.791474,443.387011
106.794376,443.643196
106.797279,443.541747
106.800181,443.541747
106.803084,443.541747
106.805986,443.722115
106.808889,443.722115
106.811791,443.465885
106.814694,443.465885
106.817596,443.486054
106.820499,443.742296
106.823401,443.742296
106.826304,443.650443
106.829206,443.650443
106.832109,443.650443
106.835011,443.508672
106.837914,443.508672
106.840816,443.764926
106.843719,443.508672
106.846621,443.336350
106.849524,443.336350
106.852426,443.336350
106.855329,443.231003
106.858231,443.231003
106.861134,443.231003
106.864036,443.231003
106.866939,443.295887
106.869841,443.295887
106.872744,443.552019
106.875646,443.529659
106.878549,443.785926
106.881451,443.785926
106.884354,443.785926
106.887256,443.814885
106.890159,443.814885
106.893061,444.327897
106.895964,444.471331
106.898866,443.701788
106.901769,444.728142
106.904671,444.985101
106.907574,443.687093
106.910476,443.174822
106.913379,443.687093
106.916281,444.072862
106.919184,443.816430
106.922086,443.816430
106.924989,444.072862
106.927891,443.947226
106.930794,443.434654
106.933696,443.690866
106.936599,441.037635
106.939501,443.080378
106.942404,443.592540
106.945306,399.103228
106.948209,397.952235
106.951111,396.346420
106.954014,396.117548
106.956916,397.838416
106.959819,398.068282
106.962721,396.920275
106.965624,397.203409
106.968526,397.892307
106.971429,398.122205
106.974331,397.892307
106.977234,398.041970
106.980136,398.041970
106.983039,398.041970
106.985941,398.008905
106.988844,397.549372
106.991746,397.319805
106.994649,397.549372
106.997551,397.576618
107.000454,397.576618
107.003356,397.576618
107.006259,397.395383
107.009161,397.395383
107.012063,396.936559
107.014966,396.707346
107.017868,396.809114
107.020771,396.809114
107.023673,396.579974
107.026576,396.725244
107.029478,396.267193
107.032381,396.496152
107.035283,396.341822
107.038186,396.112952
107.041088,396.112952
107.043991,396.112952
107.046893,395.838131
107.049796,395.381105
107.052698,395.609552
107.055601,395.549917
107.058503,395.321504
107.061406,394.865075
107.064308,395.093224
107.067211,395.026998
107.070113,394.570909
107.073016,394.798888
107.075918,394.552518
107.078821,394.324681
107.081723,394.096976
107.084626,393.869403
107.087528,393.683232
107.090431,393.455897
107.093333,393.455897
107.096236,393.194512
107.099138,392.967460
107.102041,392.740538
107.104943,392.513748
107.107846,392.233568
107.110748,392.233568
107.113651,392.233568
107.116553,392.136113
107.119456,392.136113
107.122358,391.909671
107.125261,391.355583
107.128163,391.355583
107.131066,391.129592
107.133968,391.129592
107.136871,391.007593
107.139773,391.459563
107.142676,391.912057
107.145578,391.789802
107.148481,392.696075
107.151383,392.922971
107.154286,392.922971
107.157188,393.402511
107.160091,393.402511
107.162993,392.948297
107.165896,393.469073
107.168798,393.923889
107.171701,394.379231
107.174603,394.835099
107.177506,395.418660
107.180408,395.418660
107.183311,395.418660
107.186213,396.037569
107.189116,396.495354
107.192018,396.724445
107.194921,397.642133
107.197823,398.763207
107.200726,399.916545
107.203628,400.841617
107.206531,400.403514
107.209433,400.172299
107.212336,399.479454
107.215238,400.360121
107.218141,400.591444
107.221043,399.897873
107.223946,400.128930
107.226848,399.964617
107.229751,399.964617
107.232653,399.733655
107.235556,399.308321
107.238458,398.847288
107.241361,398.156737
107.244263,397.237862
107.247166,396.595464
107.250068,395.908812
107.252971,395.680192
107.255873,396.075512
107.258776,396.304360
107.261678,395.161440
107.264580,394.249477
107.267483,393.289666
107.270385,392.382023
107.273288,391.476474
107.276190,392.375031
107.279093,391.922003
107.281995,391.017517
107.284898,390.566056
107.287800,391.824700
107.290703,391.372307
107.293605,389.793044
107.296508,388.592052
107.299410,389.490928
107.302313,390.391884
107.305215,390.394282
107.308118,389.718366
107.311020,389.943541
107.313923,390.394282
107.316825,390.785786
107.319728,390.785786
107.322630,391.011578
107.325533,391.644277
107.328435,391.870565
107.331338,392.323533
107.334240,392.550214
107.337143,392.730068
107.340045,392.956983
107.342948,393.865956
107.345850,394.504222
107.348753,394.732162
107.351655,394.960234
107.354558,395.188438
107.357460,395.976516
107.360363,396.434230
107.363265,397.351247
107.366168,398.304048
107.369070,399.225390
107.371973,400.148863
107.374875,401.074472
107.377778,400.330241
107.380680,400.561548
107.383583,401.024562
107.386485,402.128376
107.389388,401.432144
107.392290,402.593201
107.395193,0.000000
107.398095,401.566681
107.400998,402.263147
107.403900,402.495570
107.406803,402.121536
107.409705,401.425316
107.412608,401.425316
107.415510,401.371603
107.418413,400.908188
107.421315,399.751990
107.424218,399.290445
107.427120,397.766747
107.430023,397.537055
107.432925,396.619609
107.435828,395.638074
107.438730,395.638074
107.441633,395.638074
107.444535,395.181279
107.447438,394.420157
107.450340,393.964768
107.453243,393.509905
107.456145,393.339883
107.459048,392.432124
107.461950,392.205512
107.464853,391.752680
107.467755,391.678778
107.470658,391.905086
107.473560,391.000638
107.476463,391.120355
107.479365,390.894500
107.482268,390.443182
107.485170,390.617191
107.488073,391.068711
107.490975,391.520752
107.493878,391.294666
107.496780,392.031468
107.499683,391.578837
107.502585,391.578837
107.505488,392.152610
107.508390,391.699839
107.511293,391.247591
107.514195,391.699839
107.517098,392.318607
107.520000,392.772093
107.522902,393.453305
107.525805,393.525047
107.528707,393.297804
107.531610,394.663235
107.534512,395.119431
107.537415,395.230205
107.540317,396.144436
107.543220,397.060782
107.546122,397.969120
107.549025,398.659345
107.551927,399.581509
107.554830,399.812383
107.557732,399.524884
107.560635,399.755726
107.563537,400.449050
107.566440,400.324327
107.569342,401.018637
107.572245,401.946258
107.575147,402.742178
107.578050,402.044883
107.580952,401.812720
107.583855,401.117035
107.586757,401.036767
107.589660,400.111245
107.592562,400.111245
107.595465,401.074886
107.598367,400.611813
107.601270,400.611813
107.604172,399.918207
107.607075,399.560180
107.609977,398.177806
107.612880,397.258882
107.615782,398.521436
107.618685,396.913324
107.621587,395.311701
107.624490,395.083426
107.627392,394.566694
107.630295,392.747615
107.633197,392.520820
107.636100,391.987550
107.639002,392.667401
107.641905,391.534970
107.644807,391.761194
107.647710,391.895172
107.650612,392.348169
107.653515,391.895172
107.656417,391.837123
107.659320,392.743505
107.662222,391.610854
107.665125,391.015068
107.668027,392.145996
107.670930,392.372574
107.673832,392.826123
107.676735,392.967723
107.679637,393.421960
107.682540,391.608158
107.685442,392.714439
107.688345,392.714439
107.691247,392.034506
107.694150,391.355750
107.697052,392.241621
107.699955,392.015118
107.702857,392.241621
107.705760,392.454259
107.708662,394.044305
107.711565,394.499786
107.714467,394.955793
107.717370,395.877245
107.720272,396.334844
107.723175,395.648643
107.726077,396.696097
107.728980,397.843456
107.731882,399.224669
107.734785,399.686138
107.737687,400.097536
107.740590,400.328708
107.743492,400.328708
107.746395,400.684769
107.749297,399.991037
107.752200,398.376995
107.755102,399.679068
107.758005,399.217607
107.760907,0.000000
107.763810,399.217607
107.766712,396.972254
107.769615,398.350442
107.772517,398.810901
107.775420,395.460971
107.778322,396.146847
107.781224,397.292618
107.784127,398.211620
107.787029,396.655462
107.789932,394.826753
107.792834,394.370895
107.795737,395.433678
107.798639,395.205332
107.801542,393.838026
107.804444,393.383309
107.807347,395.369391
107.810249,394.684861
107.813152,392.185043
107.816054,392.319571
107.818957,392.773058
107.821859,392.773058
107.824762,392.999999
107.827664,393.897257
107.830567,393.897257
107.833469,393.215276
107.836372,393.299571
107.839274,393.981698
107.842177,391.260268
107.845079,391.957190
107.847982,392.410258
107.850884,394.000126
107.853787,395.139687
107.856689,394.847551
107.859592,395.075690
107.862494,394.391669
107.865397,395.259150
107.868299,395.259150
107.871202,390.493589
107.874104,395.487527
107.877007,393.971924
107.879909,0.000000
107.882812,0.000000
107.885714,0.000000
107.888617,0.000000
107.891519,0.000000
107.894422,0.000000
107.897324,0.000000
107.900227,0.000000
107.903129,0.000000
107.906032,0.000000
107.908934,0.000000
107.911837,0.000000
107.914739,0.000000
107.917642,0.000000
107.920544,0.000000
107.923447,0.000000
107.926349,0.000000
107.929252,0.000000
107.932154,0.000000
107.935057,0.000000
107.937959,0.000000
107.940862,0.000000
107.943764,0.000000
107.946667,0.000000
107.949569,0.000000
107.952472,0.000000
107.955374,0.000000
107.958277,0.000000
107.961179,0.000000
107.964082,0.000000
107.966984,0.000000
107.969887,0.000000
107.972789,0.000000
107.975692,0.000000
107.978594,0.000000
107.981497,0.000000
107.984399,0.000000
107.987302,0.000000
107.990204,0.000000
107.993107,0.000000
107.996009,0.000000
107.998912,0.000000
108.001814,0.000000
108.004717,0.000000
108.007619,0.000000
108.010522,0.000000
108.013424,0.000000
108.016327,0.000000
108.019229,0.000000
108.022132,0.000000
108.025034,0.000000
108.027937,0.000000
108.030839,0.000000
108.033741,0.000000
108.036644,0.000000
108.039546,0.000000
108.042449,0.000000
108.045351,0.000000
108.048254,0.000000
108.051156,0.000000
108.054059,0.000000
108.056961,0.000000
108.059864,0.000000
108.062766,0.000000
108.065669,0.000000
108.068571,0.000000
108.071474,0.000000
108.074376,0.000000
108.077279,0.000000
108.080181,0.000000
108.083084,0.000000
108.085986,980.743437
108.088889,984.716962
108.091791,987.565047
108.094694,988.706586
108.097596,991.038837
108.100499,993.331270
108.103401,993.905207
108.106304,994.890072
108.109206,996.040078
108.112109,996.040078
108.115011,997.208986
108.117914,997.785163
108.120816,997.785163
108.123719,997.785163
108.126621,998.002069
108.129524,998.578704
108.132426,999.155672
108.135329,999.732437
108.138231,999.732437
108.141134,1000.310072
108.144036,1000.310072
108.146939,1000.769655
108.149841,1000.769655
108.152744,1001.347889
108.155646,1001.050817
108.158549,1001.050817
108.161451,1001.629214
108.164354,1001.629214
108.167256,1001.136164
108.170159,1000.558052
108.173061,999.980274
108.175964,999.571826
108.178866,998.417742
108.181769,997.264991
108.184671,995.538359
108.187574,994.876569
108.190476,993.727906
108.193379,993.154072
108.196281,991.607120
108.199184,989.318666
108.202086,987.605792
108.204989,986.465524
108.207891,985.588977
108.210794,985.019843
108.213696,0.000000
108.216599,0.000000
108.219501,0.000000
108.222404,0.000000
108.225306,0.000000
108.228209,0.000000
108.231111,0.000000
108.234014,982.531886
108.236916,983.161427
108.239819,984.297876
108.242721,985.435639
108.245624,985.351071
108.248526,985.920396
108.251429,986.490051
108.254331,987.060034
108.257234,987.934455
108.260136,989.647900
108.263039,990.791846
108.265941,992.248295
108.268844,993.969220
108.271746,995.693131
108.274649,997.420032
108.277551,999.073546
108.280454,999.650800
108.283356,1001.384564
108.286259,1002.480950
108.289161,1003.060173
108.292063,1003.639731
108.294966,1004.219623
108.297868,1004.879735
108.300771,1005.460344
108.303673,1006.041289
108.306576,1006.334649
108.309478,1006.334649
108.312381,1006.334649
108.315283,1005.778306
108.318186,1005.778306
108.321088,1006.940898
108.323991,1006.940898
108.326893,1006.668265
108.329796,1006.086959
108.332698,1004.345052
108.335601,1002.735260
108.338503,1000.999157
108.341406,999.266060
108.344308,997.535963
108.347211,994.651219
108.350113,992.929112
108.353016,991.209987
108.355918,989.568290
108.358821,987.854984
108.361723,986.714428
108.364626,985.575189
108.367528,985.342855
108.370431,984.773863
108.373333,984.773863
108.376236,984.461917
108.379138,985.030728
108.382041,985.599869
108.384943,987.879721
108.387846,986.931760
108.390748,987.501999
108.393651,988.072567
108.396553,988.398184
108.399456,989.540686
108.402358,990.112432
108.405261,991.560092
108.408163,993.279824
108.411066,993.853730
108.413968,995.002539
108.416871,996.220977
108.419773,996.220977
108.422676,996.796583
108.425578,997.083088
108.428481,997.659192
108.431383,997.659192
108.434286,998.235629
108.437188,997.630473
108.440091,998.206893
108.442993,998.206893
108.445896,997.813935
108.448798,998.390462
108.451701,997.813935
108.454603,997.813935
108.457506,997.397172
108.460408,997.397172
108.463311,997.397172
108.466213,997.092492
108.469116,997.092492
108.472018,996.516715
108.474921,996.516715
108.477823,996.471879
108.480726,995.896460
108.483628,995.896460
108.486531,995.689118
108.489433,995.114151
108.492336,995.114151
108.495238,995.304142
108.498141,995.304142
108.501043,995.304142
108.503946,995.304142
108.506848,995.340769
108.509751,995.340769
108.512653,995.340769
108.515556,995.337490
108.518458,994.762727
108.521361,994.762727
108.524263,994.762727
108.527166,994.380867
108.530068,993.806656
108.532971,992.086012
108.535873,990.596083
108.538776,989.452362
108.541678,987.168881
108.544580,983.185461
108.547483,980.452004
108.550385,977.059897
108.553288,979.319995
108.556190,969.990807
108.559093,973.358372
108.561995,961.622782
108.564898,975.046535
108.567800,883.933885
108.570703,883.933885
108.573605,884.444613
108.576508,884.251404
108.579410,883.740788
108.582313,883.740788
108.585215,883.368981
108.588118,883.368981
108.591020,883.368981
108.593923,883.368981
108.596825,883.938295
108.599728,884.449026
108.602630,884.449026
108.605533,884.565410
108.608435,884.565410
108.611338,884.565410
108.614240,885.076502
108.617143,885.793802
108.620045,886.305604
108.622948,886.305604
108.625850,886.194616
108.628753,886.706650
108.631655,886.706650
108.634558,887.218979
108.637460,887.376404
108.640363,887.376404
108.643265,887.376404
108.646168,887.646085
108.649070,887.646085
108.651973,887.646085
108.654875,887.646085
108.657778,887.947375
108.660680,887.947375
108.663583,887.947375
108.666485,887.609305
108.669388,888.122156
108.672290,888.122156
108.675193,888.112646
108.678095,887.599800
108.680998,887.599800
108.683900,887.599800
108.686803,887.713826
108.689705,887.713826
108.692608,887.201210
108.695510,887.493914
108.698413,886.981425
108.701315,886.469233
108.704218,885.957336
108.707120,885.470994
108.710023,885.470994
108.712925,884.959674
108.715828,883.993488
108.718730,882.972849
108.721633,882.462971
108.724535,882.462971
108.727438,882.857198
108.730340,883.367303
108.733243,883.367303
108.736145,882.466912
108.739048,881.448034
108.741950,878.905985
108.744853,876.877625
108.747755,803.805850
108.750658,796.411329
108.753560,796.411329
108.756463,795.751296
108.759365,794.832539
108.762268,794.832539
108.765170,795.089983
108.768073,795.089983
108.770975,795.089983
108.773878,795.089983
108.776780,794.863979
108.779683,794.404980
108.782585,793.946246
108.785488,793.608132
108.788390,793.608132
108.791293,793.149858
108.794195,793.149858
108.797098,792.850004
108.800000,792.850004
108.802902,792.392168
108.805805,792.217416
108.808707,792.217416
108.811610,792.217416
108.814512,791.759946
108.817415,791.607899
108.820317,791.607899
108.823220,791.150780
108.826122,790.828972
108.829025,790.828972
108.831927,790.828972
108.834830,790.828972
108.837732,790.878768
108.840635,790.878768
108.843537,790.878768
108.846440,790.579694
108.849342,790.579694
108.852245,791.036483
108.855147,791.395160
108.858050,791.395160
108.860952,790.938164
108.863855,791.395160
108.866757,791.374191
108.869660,791.374191
108.872562,791.374191
108.875465,791.535616
108.878367,791.535616
108.881270,791.535616
108.884172,791.535616
108.887075,791.274896
108.889977,791.274896
108.892880,791.274896
108.895782,791.197690
108.898685,791.654836
108.901587,791.654836
108.904490,791.197690
108.907392,791.361409
108.910295,791.361409
108.913197,791.818649
108.916100,792.028940
108.919002,792.028940
108.921905,792.486566
108.924807,792.486566
108.927710,792.372819
108.930612,792.372819
108.933515,792.830644
108.936417,792.436709
108.939320,792.436709
108.942222,791.521779
108.945125,790.935663
108.948027,789.566263
108.950930,787.744084
108.953832,790.935663
108.956735,790.698814
108.959637,791.612793
108.962540,790.698814
108.965442,790.953472
108.968345,790.953472
108.971247,791.867745
108.974150,791.867745
108.977052,884.228223
108.979955,890.378517
108.982857,893.469687
108.985760,895.161745
108.988662,895.161745
108.991565,896.196474
108.994467,896.714287
108.997370,897.719039
109.000272,898.237732
109.003175,898.756724
109.006077,899.012116
109.008980,899.012116
109.011882,899.012116
109.014785,899.012116
109.017687,898.989911
109.020590,898.470784
109.023492,897.951957
109.026395,897.733303
109.029297,897.214901
109.032200,896.696799
109.035102,896.183774
109.038005,895.149060
109.040907,894.632151
109.043810,894.632151
109.046712,893.762862
109.049615,893.246753
109.052517,892.730943
109.055420,891.996501
109.058322,889.937930
109.061224,888.910427
109.064127,887.371397
109.067029,885.092988
109.069932,883.050350
109.072834,881.012425
109.075737,879.489180
109.078639,878.981313
109.081542,877.966461
109.084444,877.966461
109.087347,877.544863
109.090249,877.038120
109.093152,877.544863
109.096054,878.682213
109.098957,879.697893
109.101859,879.697893
109.104762,880.206174
109.107664,881.008695
109.110567,882.027064
109.113469,883.556826
109.116372,885.415246
109.119274,887.463355
109.122177,889.002545
109.125079,891.576865
109.127982,893.639227
109.130884,894.672196
109.133787,895.189128
109.136689,899.131226
109.139592,900.690653
109.142494,902.252784
109.145397,903.496395
109.148299,904.540758
109.151202,905.063392
109.154104,906.109566
109.157007,907.136498
109.159909,907.660632
109.162812,907.660632
109.165714,908.064683
109.168617,908.064683
109.171519,908.064683
109.174422,908.064683
109.177324,908.838576
109.180227,908.838576
109.183129,908.838576
109.186032,907.908482
109.188934,907.384204
109.191837,906.336558
109.194739,905.290122
109.197642,904.040913
109.200544,902.475686
109.203447,900.913169
109.206349,900.012321
109.209252,897.935251
109.212154,895.862975
109.215057,894.103898
109.217959,892.040464
109.220862,891.010533
109.223764,888.954238
109.226667,887.242953
109.229569,885.706809
109.232472,884.684192
109.235374,883.024779
109.238277,882.514872
109.241179,882.005258
109.244082,882.005258
109.246984,881.976892
109.249887,882.486489
109.252789,882.486489
109.255692,883.008248
109.258594,883.518441
109.261497,884.028929
109.264399,885.050789
109.267302,885.620703
109.270204,887.156697
109.273107,889.208834
109.276009,890.215379
109.278912,892.274591
109.281814,893.305983
109.284717,895.372344
109.287619,896.681744
109.290522,897.199837
109.293424,897.718229
109.296327,898.672957
109.299229,899.711744
109.302132,899.711744
109.305034,900.615170
109.307937,901.135536
109.310839,901.656203
109.313741,901.656203
109.316644,901.239072
109.319546,901.759799
109.322449,901.759799
109.325351,901.539898
109.328254,901.539898
109.331156,901.539898
109.334059,901.539898
109.336961,901.980994
109.339864,901.980994
109.342766,902.502150
109.345669,902.284201
109.348571,901.763172
109.351474,901.242443
109.354376,901.242443
109.357279,900.801974
109.360181,900.281801
109.363084,900.281801
109.365986,899.789291
109.368889,899.269702
109.371791,898.750414
109.374694,898.231425
109.377596,897.445186
109.380499,896.926951
109.383401,896.409015
109.386304,895.320650
109.389206,895.320650
109.392109,894.286932
109.395011,894.430925
109.397914,893.914430
109.400816,891.336429
109.403719,888.765862
109.406621,885.538372
109.409524,880.946754
109.412426,871.331373
109.415329,797.779699
109.418231,797.319017
109.421134,797.319017
109.424036,797.779699
109.426939,797.881561
109.429841,797.881561
109.432744,797.881561
109.435646,797.374323
109.438549,797.374323
109.441451,796.453692
109.444354,795.993775
109.447256,795.792064
109.450159,795.332529
109.453061,794.873260
109.455964,794.458701
109.458866,794.458701
109.461769,793.999936
109.464671,793.541436
109.467574,793.552356
109.470476,793.552356
109.473379,793.552356
109.476281,793.592171
109.479184,793.592171
109.482086,794.050700
109.484989,794.050700
109.487891,793.919182
109.490794,794.377900
109.493696,794.377900
109.496599,794.077814
109.499501,794.077814
109.502404,794.077814
109.505306,794.321574
109.508209,793.862888
109.511111,793.862888
109.514014,793.862888
109.516916,793.337606
109.519819,793.337606
109.522721,793.337606
109.525624,793.760342
109.528526,793.760342
109.531429,794.218969
109.534331,794.677860
109.537234,794.924552
109.540136,794.924552
109.543039,795.383851
109.545941,795.479450
109.548844,795.939070
109.551746,795.939070
109.554649,795.939070
109.557551,795.844648
109.560454,795.844648
109.563356,795.844648
109.566259,795.859626
109.569161,795.400052
109.572063,795.400052
109.574966,795.400052
109.577868,794.776535
109.580771,794.776535
109.583673,794.317587
109.586576,793.697096
109.589478,793.238771
109.592381,792.322914
109.595283,792.101684
109.598186,791.644280
109.601088,790.730265
109.603991,790.273653
109.606893,788.912261
109.609796,788.456699
109.612698,787.546364
109.615601,772.195182
109.618503,766.418411
109.621406,765.533521
109.624308,765.533521
109.627211,756.838887
109.630113,756.838887
109.633016,756.838887
109.635918,756.906243
109.638821,756.906243
109.641723,757.343575
109.644626,757.343575
109.647528,757.645648
109.650431,757.208141
109.653333,757.208141
109.656236,757.330627
109.659138,757.768205
109.662041,757.768205
109.664943,757.768205
109.667846,757.995090
109.670748,757.557382
109.673651,757.557382
109.676553,757.591066
109.679456,757.591066
109.682358,757.153591
109.685261,757.065374
109.688163,757.065374
109.691066,757.065374
109.693968,757.065374
109.696871,756.563339
109.699773,756.563339
109.702676,756.563339
109.705578,756.658341
109.708481,757.095531
109.711383,757.095531
109.714286,756.658341
109.717188,756.813397
109.720091,756.376370
109.722993,756.376370
109.725896,756.547433
109.728798,756.110560
109.731701,756.547433
109.734603,756.547433
109.737506,756.726675
109.740408,756.726675
109.743311,756.726675
109.746213,756.541571
109.749116,756.978692
109.752018,756.978692
109.754921,756.978692
109.757823,757.252709
109.760726,757.252709
109.763628,757.252709
109.766531,757.790955
109.769433,757.790955
109.772336,757.790955
109.775238,757.939297
109.778141,757.939297
109.781043,757.939297
109.783946,757.939297
109.786848,758.484958
109.789751,758.484958
109.792653,758.484958
109.795556,758.413715
109.798458,758.413715
109.801361,757.538067
109.804263,756.663430
109.807166,757.127475
109.810068,757.127475
109.812971,757.127475
109.815873,764.977698
109.818776,764.977698
109.821678,767.190234
109.824580,764.977698
109.827483,785.809734
109.830385,789.905484
109.833288,790.361883
109.836190,795.342862
109.839093,795.802403
109.841995,796.262209
109.844898,797.182619
109.847800,797.735035
109.850703,798.195958
109.853605,798.195958
109.856508,798.360430
109.859410,797.899412
109.862313,797.438661
109.865215,797.063906
109.868118,796.143634
109.871020,795.224424
109.873923,793.389186
109.876825,791.839899
109.879728,790.468933
109.882630,789.100341
109.885533,787.329422
109.888435,785.512405
109.891338,784.152394
109.894240,782.794738
109.897143,781.583359
109.900045,780.680960
109.902948,779.329314
109.905850,778.042987
109.908753,777.593702
109.911655,777.593702
109.914558,776.247401
109.917460,776.186488
109.920363,776.186488
109.923265,776.634960
109.926168,777.598926
109.929070,778.048214
109.931973,778.947570
109.934875,779.847966
109.937778,781.538765
109.940680,783.346591
109.943583,785.158598
109.946485,786.038367
109.949388,787.856601
109.952290,788.767295
109.955193,789.610580
109.958095,791.894361
109.960998,793.267799
109.963900,793.726141
109.966803,794.813405
109.969705,795.732140
109.972608,796.651937
109.975510,797.753149
109.978413,798.214083
109.981315,798.214083
109.984218,799.136749
109.987120,800.649857
109.990023,802.501890
109.992925,803.893725
109.995828,803.087672
109.998730,802.623924
110.001633,801.697232
110.004535,800.309199
110.007438,799.603951
110.010340,799.142215
110.013243,798.680745
110.016145,798.384973
110.019048,797.002675
110.021950,795.622771
110.024853,794.245255
110.027755,792.999650
110.030658,791.626676
110.033560,790.256080
110.036463,790.332285
110.039365,789.419784
110.042268,788.053009
110.045170,785.264363
110.048073,783.452111
110.050975,782.999702
110.053878,782.095668
110.056780,781.229735
110.059683,780.778609
110.062585,780.327744
110.065488,781.031878
110.068390,781.031878
110.071293,781.031878
110.074195,780.580867
110.077098,781.410390
110.080000,781.410390
110.082902,782.313632
110.085805,782.823792
110.088707,783.276099
110.091610,784.634590
110.094512,785.995437
110.097415,787.134280
110.100317,787.134280
110.103220,787.589078
110.106122,787.973026
110.109025,789.339663
110.111927,790.708671
110.114830,791.165534
110.117732,791.421997
110.120635,791.879272
110.123537,791.879272
110.126440,792.907451
110.129342,792.907451
110.132245,793.365585
110.135147,793.263595
110.138050,792.805520
110.140952,792.805520
110.143855,792.805520
110.146757,793.007510
110.149660,793.007510
110.152562,792.549583
110.155465,792.090007
110.158367,791.632610
110.161270,791.632610
110.164172,791.632610
110.167075,791.042967
110.169977,790.586174
110.172880,790.586174
110.175782,790.207787
110.178685,790.207787
110.181587,789.751477
110.184490,789.751477
110.187392,789.273931
110.190295,789.273931
110.193197,789.729965
110.196100,789.564914
110.199002,790.021116
110.201905,790.021116
110.204807,790.021116
110.207710,790.033670
110.210612,790.033670
110.213515,790.490143
110.216417,790.337747
110.219320,790.337747
110.222222,790.794396
110.225125,790.568042
110.228027,790.568042
110.230930,791.024824
110.233832,791.024824
110.236735,791.022536
110.239637,791.022536
110.242540,790.565756
110.245442,789.628637
110.248345,787.351390
110.251247,784.174274
110.254150,781.009977
110.257052,753.697692
110.259955,750.656375
110.262857,750.222904
110.265760,751.222476
110.268662,751.222476
110.271565,751.222476
110.274467,751.656525
110.277370,751.821932
110.280272,751.821932
110.283175,752.256327
110.286077,752.530532
110.288980,752.530532
110.291882,752.530532
110.294785,752.530532
110.297687,752.497010
110.300590,752.497010
110.303492,752.497010
110.306395,751.853892
110.309297,752.288305
110.312200,752.288305
110.315102,752.574785
110.318005,752.574785
110.320907,752.574785
110.323810,752.574785
110.326712,752.592834
110.329615,753.027674
110.332517,753.027674
110.335420,753.728572
110.338322,754.164068
110.341224,754.164068
110.344127,754.599816
110.347029,754.389713
110.349932,754.825592
110.352834,754.825592
110.355737,755.033562
110.358639,755.033562
110.361542,755.469812
110.364444,755.906315
110.367347,756.352291
110.370249,756.352291
110.373152,756.352291
110.376054,756.734926
110.378957,756.734926
110.381859,757.172159
110.384762,757.172159
110.387664,757.094856
110.390567,757.094856
110.393469,757.094856
110.396372,757.439941
110.399274,757.002553
110.402177,757.002553
110.405079,757.323842
110.407982,756.886521
110.410884,756.886521
110.413787,756.449452
110.416689,756.277704
110.419592,755.840987
110.422494,755.840987
110.425397,755.565517
110.428299,754.693157
110.431202,754.693157
110.434104,754.693157
110.437007,754.822986
110.439909,754.387109
110.442812,753.951483
110.445714,753.633515
110.448617,752.763386
110.451519,751.460076
110.454422,749.725839
110.457324,747.876055
110.460227,744.428107
110.463129,751.339974
110.466032,739.868940
110.468934,740.296428
110.471837,745.876308
110.474739,748.465803
110.477642,664.774410
110.480544,665.542831
110.483447,665.158509
110.486349,664.752176
110.489252,665.520572
110.492154,665.905102
110.495057,665.929420
110.497959,665.544876
110.500862,665.544876
110.503764,665.929420
110.506667,665.735828
110.509569,665.735828
110.512472,665.735828
110.515374,665.540373
110.518277,665.924915
110.521179,665.540373
110.524082,665.540373
110.526984,665.591202
110.529887,665.591202
110.532789,665.206852
110.535692,665.402326
110.538594,665.018085
110.541497,665.018085
110.544399,665.402326
110.547302,665.277433
110.550204,665.277433
110.553107,665.277433
110.556009,665.191750
110.558912,665.191750
110.561814,665.191750
110.564717,665.191750
110.567619,665.331803
110.570522,665.716225
110.573424,665.716225
110.576327,665.585344
110.579229,665.585344
110.582132,665.585344
110.585034,665.566586
110.587937,665.566586
110.590839,665.951143
110.593741,665.951143
110.596644,666.364098
110.599546,666.364098
110.602449,666.364098
110.605351,666.511916
110.608254,666.511916
110.611156,666.511916
110.614059,666.897020
110.616961,666.751808
110.619864,666.751808
110.622766,666.751808
110.625669,666.901526
110.628571,666.901526
110.631474,666.901526
110.634376,666.901526
110.637279,666.590984
110.640181,666.976133
110.643084,666.976133
110.645986,666.816775
110.648889,666.816775
110.651791,666.816775
110.654694,666.816775
110.657596,666.694487
110.660499,666.309501
110.663401,666.694487
110.666304,666.667409
110.669206,666.282438
110.672109,666.667409
110.675011,667.484120
110.677914,668.641784
110.680816,667.484120
110.683719,666.713457
110.686621,667.684434
110.689524,666.913540
110.692426,664.606195
110.695329,665.965200
110.698231,664.812170
110.701134,668.277264
110.704036,668.663388
110.706939,669.407995
110.709841,666.706803
110.712744,665.552489
110.715646,666.648756
110.718549,667.419344
110.721451,667.804972
110.724354,665.494542
110.727256,747.206990
110.730159,748.070696
110.733061,748.502923
110.735964,750.318504
110.738866,750.752030
110.741769,751.185807
110.744671,751.619834
110.747574,752.105799
110.750476,752.105799
110.753379,752.105799
110.756281,752.429328
110.759184,752.864074
110.762086,753.299071
110.764989,752.864074
110.767891,752.767084
110.770794,752.767084
110.773696,752.332395
110.776599,752.554150
110.779501,752.554150
110.782404,752.988968
110.785306,752.617328
110.788209,752.182724
110.791111,751.748372
110.794014,751.748372
110.796916,751.603122
110.799819,751.169105
110.802721,750.735338
110.805624,751.292758
110.808526,751.292758
110.811429,750.858920
110.814331,750.858920
110.817234,750.693455
110.820136,750.259962
110.823039,750.259962
110.825941,750.389455
110.828844,750.389455
110.831746,750.389455
110.834649,750.389455
110.837551,750.359668
110.840454,750.359668
110.843356,750.359668
110.846259,750.132367
110.849161,750.565786
110.852063,750.565786
110.854966,750.565786
110.857868,750.730227
110.860771,750.730227
110.863673,750.730227
110.866576,750.582078
110.869478,750.582078
110.872381,750.582078
110.875283,750.697102
110.878186,750.697102
110.881088,750.697102
110.883991,750.697102
110.886893,750.927535
110.889796,750.927535
110.892698,750.927535
110.895601,751.364025
110.898503,751.364025
110.901406,751.364025
110.904308,751.364025
110.907211,751.601817
110.910113,751.601817
110.913016,751.601817
110.915918,751.685128
110.918821,751.685128
110.921723,751.685128
110.924626,751.685128
110.927528,751.666063
110.930431,752.100367
110.933333,752.100367
110.936236,752.165395
110.939138,752.165395
110.942041,752.165395
110.944943,752.165395
110.947846,752.111631
110.950748,752.111631
110.953651,752.111631
110.956553,752.100316
110.959456,752.100316
110.962358,752.100316
110.965261,751.647604
110.968163,751.647604
110.971066,751.647604
110.973968,751.647604
110.976871,751.942568
110.979773,751.508355
110.982676,751.508355
110.985578,751.400669
110.988481,751.400669
110.991383,751.400669
110.994286,751.400669
110.997188,751.346632
111.000091,751.346632
111.002993,751.346632
111.005896,751.517886
111.008798,751.517886
111.011701,751.952105
111.014603,751.952105
111.017506,752.041371
111.020408,751.607101
111.023311,751.607101
111.026213,751.703378
111.029116,751.703378
111.032018,752.137704
111.034921,752.137704
111.037823,752.462233
111.040726,752.462233
111.043628,752.462233
111.046531,752.109754
111.049433,752.109754
111.052336,752.544315
111.055238,752.160014
111.058141,752.160014
111.061043,752.160014
111.063946,752.594604
111.066848,752.546292
111.069751,752.546292
111.072653,752.546292
111.075556,752.465882
111.078458,752.465882
111.081361,752.465882
111.084263,752.031366
111.087166,752.082090
111.090068,752.082090
111.092971,752.082090
111.095873,752.218533
111.098776,752.218533
111.101678,752.218533
111.104580,752.218533
111.107483,752.153356
111.110385,752.153356
111.113288,752.153356
111.116190,752.021154
111.119093,752.021154
111.121995,752.021154
111.124898,752.021154
111.127800,751.723117
111.130703,751.723117
111.133605,751.723117
111.136508,751.528908
111.139410,751.528908
111.142313,751.528908
111.145215,751.636614
111.148118,751.636614
111.151020,751.636614
111.153923,751.636614
111.156825,751.861049
111.159728,751.861049
111.162630,751.861049
111.165533,752.000652
111.168435,752.000652
111.171338,752.000652
111.174240,752.000652
111.177143,751.963771
111.180045,751.963771
111.182948,751.963771
111.185850,751.947099
111.188753,751.947099
111.191655,752.816284
111.194558,753.251253
111.197460,753.615811
111.200363,753.615811
111.203265,752.745703
111.206168,752.434052
111.209070,751.999555
111.211973,753.303800
111.214875,753.303800
111.217778,595.027353
111.220680,594.683751
111.223583,596.403748
111.226485,597.863868
111.229388,597.173588
111.232290,596.828746
111.235193,597.553292
111.238095,597.898552
111.240998,597.898552
111.243900,597.898552
111.246803,597.785013
111.249705,597.785013
111.252608,597.785013
111.255510,596.834966
111.258413,596.490320
111.261315,596.490320
111.264218,595.801625
111.267120,595.024564
111.270023,594.680964
111.272925,593.308545
111.275828,592.922430
111.278730,592.580043
111.281633,592.580043
111.284535,591.895863
111.287438,591.523838
111.290340,590.499693
111.293243,588.456719
111.296145,588.421717
111.299048,588.081929
111.301950,588.081929
111.304853,586.724740
111.307755,586.696626
111.310658,587.714175
111.313560,587.374796
111.316463,586.108396
111.319365,586.108396
111.322268,586.785886
111.325170,587.371091
111.328073,587.710468
111.330975,587.371091
111.333878,586.692925
111.336780,586.746788
111.339683,587.085804
111.342585,588.443829
111.345488,588.327173
111.348390,588.327173
111.351293,589.347550
111.354195,589.007228
111.357098,589.090553
111.360000,589.771490
111.362902,590.112254
111.365805,591.567508
111.368707,591.909309
111.371610,592.593505
111.374512,593.278491
111.377415,594.272193
111.380317,595.646841
111.383220,596.335356
111.386122,597.281586
111.389025,598.317494
111.391927,599.355198
111.394830,599.701499
111.397732,599.366644
111.400635,600.059460
111.403537,600.059460
111.406440,601.229514
111.409342,601.229514
111.412245,601.229514
111.415147,601.986719
111.418050,602.682563
111.420952,602.334540
111.423855,600.944458
111.426757,600.088487
111.429660,599.741962
111.432562,598.703589
111.435465,597.849560
111.438367,596.814463
111.441270,596.125394
111.444172,595.093282
111.447075,594.227246
111.449977,594.227246
111.452880,593.884106
111.455782,593.217307
111.458685,592.190230
111.461587,590.823560
111.464490,589.800627
111.467392,590.553393
111.470295,589.530928
111.473197,588.850269
111.476100,588.454621
111.479002,588.114815
111.481905,587.096572
111.484807,586.757550
111.487710,586.789198
111.490612,587.128238
111.493515,587.806907
111.496417,588.495409
111.499320,588.495409
111.502222,588.835435
111.505125,589.360089
111.508027,588.679627
111.510930,588.339691
111.513832,589.360089
111.516735,590.551071
111.519637,591.575306
111.522540,591.575306
111.525442,591.331125
111.528345,590.989658
111.531247,592.356712
111.534150,592.698970
111.537052,592.712888
111.539955,593.055351
111.542857,593.055351
111.545760,592.868000
111.548662,592.525645
111.551565,592.525645
111.554467,594.926289
111.557370,595.701139
111.560272,595.013355
111.563175,595.357147
111.566077,594.435800
111.568980,594.092539
111.571882,593.749477
111.574785,594.435800
111.577687,594.538704
111.580590,594.882223
111.583492,594.882223
111.586395,594.963845
111.589297,595.307608
111.592200,595.307608
111.595102,595.740989
111.598005,596.085202
111.600907,595.740989
111.603810,594.709543
111.606712,594.403232
111.609615,594.746672
111.612517,595.090311
111.615420,595.854022
111.618322,595.509942
111.621224,594.822380
111.624127,594.822380
111.627029,595.128607
111.629932,595.128607
111.632834,595.472466
111.635737,595.713690
111.638639,595.713690
111.641542,595.025892
111.644444,595.025892
111.647347,595.799928
111.650249,596.833266
111.653152,597.178110
111.656054,596.986663
111.658957,596.297395
111.661859,596.986663
111.664762,595.953059
111.667664,596.083541
111.670567,595.739329
111.673469,595.051501
111.676372,594.983130
111.679274,594.983130
111.682177,595.326905
111.685079,595.609777
111.687982,594.922098
111.690884,594.922098
111.693787,592.179317
111.696689,593.449387
111.699592,592.764203
111.702494,593.449387
111.705397,593.856651
111.708299,0.000000
111.711202,0.000000
111.714104,0.000000
111.717007,0.000000
111.719909,0.000000
111.722812,0.000000
111.725714,0.000000
111.728617,0.000000
111.731519,0.000000
111.734422,0.000000
111.737324,0.000000
111.740227,594.450582
111.743129,598.239657
111.746032,499.688796
111.748934,500.266392
111.751837,499.111866
111.754739,499.400247
111.757642,499.954281
111.760544,499.954281
111.763447,499.377044
111.766349,499.959662
111.769252,499.670957
111.772154,499.094048
111.775057,498.890141
111.777959,499.178395
111.780862,498.314133
111.783764,497.738791
111.786667,497.306953
111.789569,497.019780
111.792472,496.159256
111.795374,495.447497
111.798277,495.161398
111.801179,495.161398
111.804082,494.875464
111.806984,494.787140
111.809887,494.501422
111.812789,493.930481
111.815692,493.360320
111.818594,493.360320
111.821497,493.075427
111.824399,493.075427
111.827302,493.072396
111.830204,493.072396
111.833107,493.072396
111.836009,493.419162
111.838912,493.989512
111.841814,493.989512
111.844717,494.274934
111.847619,494.754927
111.850522,495.040791
111.853424,495.326820
111.856327,495.648684
111.859229,496.508322
111.862132,496.795200
111.865034,497.575012
111.867937,497.000522
111.870839,496.426696
111.873741,497.000522
111.876644,497.766279
111.879546,499.205962
111.882449,500.939080
111.885351,501.615376
111.888254,501.036222
111.891156,502.195200
111.894059,502.485363
111.896961,503.244073
111.899864,504.116884
111.902766,504.408158
111.905669,504.373503
111.908571,504.373503
111.911474,504.082249
111.914376,504.082249
111.917279,503.439217
111.920181,502.857957
111.923084,502.857957
111.925986,502.478811
111.928889,501.029689
111.931791,499.873401
111.934694,498.719782
111.937596,497.635044
111.940499,497.347682
111.943401,497.060486
111.946304,495.711540
111.949206,495.139202
111.952109,494.853281
111.955011,494.539990
111.957914,494.539990
111.960816,493.969005
111.963719,493.683760
111.966621,493.726495
111.969524,494.297199
111.972426,494.011765
111.975329,494.247720
111.978231,494.533291
111.981134,494.819027
111.984036,494.819027
111.986939,495.236684
111.989841,495.522827
111.992744,496.095608
111.995646,496.475214
111.998549,496.762072
112.001451,497.336286
112.004354,497.049096
112.007256,497.473063
112.010159,497.760498
112.013061,497.473063
112.015964,497.624008
112.018866,498.199218
112.021769,498.487072
112.024671,498.775093
112.027574,499.162725
112.030476,499.739713
112.033379,499.739713
112.036281,499.663679
112.039184,499.952379
112.042086,499.952379
112.044989,499.952379
112.047891,500.193755
112.050794,500.193755
112.053696,500.193755
112.056599,499.963868
112.059501,499.675161
112.062404,499.386621
112.065306,499.394072
112.068209,499.682617
112.071111,499.682617
112.074014,499.394072
112.076916,499.113310
112.079819,498.825095
112.082721,498.825095
112.085624,498.910872
112.088526,498.910872
112.091429,498.910872
112.094331,498.622773
112.097234,498.599708
112.100136,498.599708
112.103039,498.887794
112.105941,498.686418
112.108844,498.398448
112.111746,498.398448
112.114649,498.398448
112.117551,498.376475
112.120454,498.376475
112.123356,498.376475
112.126259,498.586489
112.129161,498.586489
112.132063,498.298578
112.134966,498.298578
112.137868,498.453269
112.140771,498.741270
112.143673,499.029437
112.146576,499.230903
112.149478,499.519353
112.152381,499.519353
112.155283,499.511018
112.158186,499.222573
112.161088,498.646181
112.163991,498.070455
112.166893,496.282755
112.169796,494.851502
112.172698,493.424376
112.175601,492.597831
112.178503,492.029089
112.181406,494.022566
112.184308,493.452178
112.187211,441.988741
112.190113,441.733512
112.193016,441.988741
112.195918,442.912341
112.198821,443.680515
112.201723,443.424309
112.204626,443.680515
112.207528,443.365203
112.210431,443.365203
112.213333,442.086561
112.216236,442.136670
112.219138,442.136670
112.222041,442.647741
112.224943,442.903498
112.227846,442.804689
112.230748,442.548989
112.233651,442.804689
112.236553,442.552844
112.239456,442.808547
112.242358,442.297289
112.245261,442.426806
112.248163,442.426806
112.251066,442.682436
112.253968,442.426806
112.256871,442.470881
112.259773,442.726536
112.262676,442.470881
112.265578,442.747109
112.268481,442.491442
112.271383,442.491442
112.274286,442.491442
112.277188,442.377211
112.280091,442.377211
112.282993,442.377211
112.285896,442.443956
112.288798,442.699595
112.291701,442.699595
112.294603,442.443956
112.297506,442.661616
112.300408,442.661616
112.303311,442.661616
112.306213,442.735504
112.309116,442.735504
112.312018,442.735504
112.314921,442.735504
112.317823,442.966774
112.320726,443.222716
112.323628,443.478805
112.326531,443.386579
112.329433,443.130543
112.332336,443.130543
112.335238,443.423583
112.338141,443.679789
112.341043,443.167526
112.343946,443.167526
112.346848,443.076750
112.349751,443.076750
112.352653,443.332755
112.355556,443.355934
112.358458,443.612101
112.361361,444.381489
112.364263,444.638247
112.367166,444.215708
112.370068,445.243251
112.372971,444.215708
112.375873,443.999005
112.378776,444.769064
112.381678,444.769064
112.384580,445.026047
112.387483,388.310636
112.390385,388.759489
112.393288,387.862301
112.396190,387.212951
112.399093,385.873296
112.401995,386.989353
112.404898,386.319332
112.407800,386.006547
112.410703,386.452737
112.413605,386.899442
112.416508,386.192242
112.419410,0.000000
112.422313,386.638646
112.425215,386.869963
112.428118,387.317151
112.431020,387.764856
112.433923,388.213078
112.436825,388.847379
112.439728,389.072051
112.442630,389.296852
112.445533,389.767079
112.448435,390.443079
112.451338,390.668673
112.454240,391.346237
112.457143,391.909569
112.460045,391.909569
112.462948,392.136010
112.465850,392.257458
112.468753,392.030947
112.471655,392.030947
112.474558,392.257458
112.477460,392.162923
112.480363,392.162923
112.483265,392.389510
112.486168,392.192335
112.489070,392.418940
112.491973,392.418940
112.494875,392.645676
112.497778,392.661089
112.500680,392.661089
112.503583,392.661089
112.506485,392.577582
112.509388,392.577582
112.512290,392.804410
112.515193,393.127211
112.518095,393.127211
112.520998,393.127211
112.523900,393.354356
112.526803,393.624757
112.529705,393.624757
112.532608,393.397456
112.535510,393.590203
112.538413,393.362922
112.541315,393.362922
112.544218,393.362922
112.547120,393.760669
112.550023,393.760669
112.552925,393.988180
112.555828,393.867504
112.558730,393.867504
112.561633,393.412753
112.564535,392.958527
112.567438,392.274779
112.570340,392.048258
112.573243,392.955129
112.576145,393.224755
112.579048,392.090715
112.581950,392.317261
112.584853,392.543938
112.587755,392.777404
112.590658,393.231420
112.593560,393.231420
112.596463,391.869022
112.599365,393.229493
112.602268,392.095440
112.605170,392.581782
112.608073,390.771854
112.610975,393.035572
112.613878,394.627973
112.616780,436.562597
112.619683,437.825262
112.622585,439.091578
112.625488,442.284342
112.628390,441.008818
112.631293,440.499639
112.634195,440.499639
112.637098,440.759655
112.640000,440.505136
112.642902,440.759655
112.645805,441.418155
112.648707,441.163256
112.651610,440.399440
112.654512,440.399440
112.657415,440.672945
112.660317,440.672945
112.663220,440.927561
112.666122,441.372105
112.669025,441.627125
112.671927,441.627125
112.674830,441.372105
112.677732,441.524925
112.680635,441.524925
112.683537,441.780034
112.686440,441.998321
112.689342,442.253703
112.692245,441.743087
112.695147,441.388407
112.698050,441.643436
112.700952,441.898613
112.703855,442.153938
112.706757,442.138397
112.709660,442.138397
112.712562,441.627914
112.715465,441.282495
112.718367,441.282495
112.721270,441.537463
112.724172,441.537463
112.727075,441.521383
112.729977,441.776489
112.732880,441.521383
112.735782,441.121020
112.738685,441.121020
112.741587,441.375895
112.744490,441.375895
112.747392,441.429415
112.750295,441.429415
112.753197,441.174509
112.756100,440.912606
112.759002,440.912606
112.761905,441.167360
112.764807,441.167360
112.767710,441.070305
112.770612,441.325151
112.773515,441.325151
112.776417,441.135019
112.779320,441.135019
112.782222,441.389902
112.785125,441.413542
112.788027,441.413542
112.790930,441.413542
112.793832,441.413542
112.796735,441.129723
112.799637,441.129723
112.802540,441.384603
112.805442,441.641829
112.808345,441.641829
112.811247,441.897005
112.814150,441.641829
112.817052,441.291278
112.819955,441.291278
112.822857,441.546251
112.825760,442.005744
112.828662,442.005744
112.831565,442.005744
112.834467,442.005744
112.837370,442.073379
112.840272,442.073379
112.843175,442.073379
112.846077,442.347147
112.848980,442.347147
112.851882,442.347147
112.854785,442.091711
112.857687,441.935225
112.860590,441.935225
112.863492,441.935225
112.866395,442.043883
112.869297,442.043883
112.872200,442.043883
112.875102,441.884539
112.878005,441.884539
112.880907,441.884539
112.883810,441.629370
112.886712,442.158065
112.889615,442.158065
112.892517,441.902738
112.895420,441.742433
112.898322,441.742433
112.901224,441.742433
112.904127,441.997667
112.907029,442.046285
112.909932,442.301695
112.912834,442.301695
112.915737,442.225791
112.918639,442.225791
112.921542,441.970425
112.924444,442.225791
112.927347,442.405279
112.930249,442.405279
112.933152,442.405279
112.936054,442.501674
112.938957,442.501674
112.941859,442.757347
112.944762,443.013167
112.947664,443.062892
112.950567,443.318889
112.953469,443.318889
112.956372,443.627803
112.959274,444.140598
112.962177,444.397217
112.965079,444.397079
112.967982,443.883987
112.970884,443.883987
112.973787,443.627664
112.976689,443.006889
112.979592,442.751072
112.982494,442.239882
112.985397,442.071801
112.988299,442.327226
112.991202,441.816524
112.994104,441.561395
112.997007,441.358154
112.999909,441.358154
113.002812,440.085300
113.005714,434.689450
113.008617,433.435829
113.011519,431.686831
113.014422,434.940609
113.017324,394.734455
113.020227,395.876141
113.023129,395.647540
113.026032,394.987885
113.028934,395.216105
113.031837,395.216105
113.034739,394.759797
113.037642,393.802787
113.040544,392.893960
113.043447,392.213716
113.046349,391.290027
113.049252,390.838252
113.052154,390.386999
113.055057,390.591931
113.057959,389.915673
113.060862,389.690514
113.063764,388.791177
113.066667,389.062965
113.069569,389.962931
113.072472,391.316784
113.075374,390.977141
113.078277,391.203043
113.081179,391.203043
113.084082,391.429076
113.086984,391.710419
113.089887,392.389790
113.092789,392.843358
113.095692,393.232532
113.098594,394.597736
113.101497,394.597736
113.104399,393.914543
113.107302,393.996744
113.110204,394.452170
113.113107,394.908122
113.116009,395.254338
113.118912,395.939855
113.121814,395.939855
113.124717,396.168625
113.127619,396.389169
113.130522,397.765332
113.133424,397.535640
113.136327,396.918981
113.139229,396.460707
113.142132,397.377785
113.145034,396.846193
113.147937,396.388003
113.150839,396.388003
113.153741,396.846193
113.156644,396.683528
113.159546,395.768052
113.162449,395.996723
113.165351,395.552234
113.168254,395.095538
113.171156,395.095538
113.174059,395.552234
113.176961,395.579249
113.179864,394.666322
113.182766,392.846783
113.185669,391.257117
113.188571,387.433936
113.191474,384.980043
113.194376,0.000000
113.197279,375.420015
113.200181,374.553612
113.203084,375.203227
113.205986,376.112086
113.208889,376.546839
113.211791,376.982094
113.214694,377.635921
113.217596,377.024923
113.220499,377.242764
113.223401,376.372154
113.226304,375.202952
113.229206,375.853692
113.232109,377.158562
113.235011,376.495835
113.237914,376.495835
113.240816,376.713370
113.243719,376.713370
113.246621,376.568204
113.249524,376.785781
113.252426,377.003484
113.255329,377.495380
113.258231,377.277393
113.261134,377.277393
113.264036,377.059532
113.266939,377.135435
113.269841,376.917656
113.272744,376.917656
113.275646,376.950858
113.278549,376.950858
113.281451,377.168656
113.284354,377.386581
113.287256,376.863964
113.290159,376.646341
113.293061,376.646341
113.295964,376.587064
113.298866,376.804652
113.301769,377.022365
113.304671,377.240205
113.307574,376.873190
113.310476,377.090944
113.313379,376.873190
113.316281,377.332356
113.319184,377.550375
113.322086,377.550375
113.324989,377.550375
113.327891,377.431929
113.330794,377.213979
113.333696,377.213979
113.336599,377.067199
113.339501,377.067199
113.342404,377.067199
113.345306,377.038193
113.348209,377.038193
113.351111,377.038193
113.354014,377.038193
113.356916,377.112541
113.359819,377.112541
113.362721,376.677135
113.365624,376.538555
113.368526,376.538555
113.371429,376.756115
113.374331,376.756115
113.377234,376.786692
113.380136,376.786692
113.383039,377.222225
113.385941,379.132403
113.388844,377.384480
113.391746,377.384480
113.394649,377.384480
113.397551,379.087486
113.400454,379.087486
113.403356,0.000000
113.406259,387.728480
113.409161,387.728480
113.412063,387.728480
113.414966,394.733796
113.417868,395.757253
113.420771,394.160295
113.423673,395.528720
113.426576,395.245894
113.429478,395.702764
113.432381,396.618089
113.435283,397.015733
113.438186,397.245125
113.441088,397.245125
113.443991,395.185363
113.446893,396.489087
113.449796,396.718175
113.452698,396.947394
113.455601,396.518918
113.458503,396.518918
113.461406,396.061106
113.464308,396.061106
113.467211,395.120335
113.470113,394.436236
113.473016,393.753322
113.475918,393.559696
113.478821,393.332433
113.481723,393.332433
113.484626,392.878300
113.487528,392.390525
113.490431,390.355935
113.493333,389.455063
113.496236,389.828604
113.499138,389.603495
113.502041,389.153667
113.504943,387.359544
113.507846,386.747000
113.510748,386.523671
113.513651,386.747000
113.516553,388.281163
113.519456,388.281163
113.522358,388.954586
113.525261,389.054476
113.528163,388.829814
113.531066,389.279267
113.533968,390.630747
113.536871,390.641758
113.539773,391.545375
113.542676,392.451083
113.545578,392.603109
113.548481,393.284028
113.551383,393.738630
113.554286,394.421518
113.557188,394.870881
113.560091,395.099033
113.562993,395.327317
113.565896,396.391698
113.568798,397.538177
113.571701,397.308616
113.574603,397.079188
113.577506,398.247225
113.580408,399.168435
113.583311,398.937933
113.586213,398.843974
113.589116,399.074422
113.592018,399.074422
113.594921,399.305003
113.597823,398.745917
113.600726,398.515658
113.603628,397.366361
113.606531,396.373428
113.609433,396.373428
113.612336,396.831601
113.615238,396.087138
113.618141,395.629825
113.621043,394.944844
113.623946,394.488849
113.626848,393.561369
113.629751,392.426359
113.632653,391.746925
113.635556,391.447310
113.638458,390.995353
113.641361,390.769570
113.644263,390.995353
113.647166,390.626091
113.650068,390.626091
113.652971,390.626091
113.655873,390.862629
113.658776,391.088466
113.661678,390.636923
113.664580,390.862629
113.667483,391.816756
113.670385,392.496312
113.673288,392.496312
113.676190,393.663602
113.679093,393.663602
113.681995,394.118643
113.684898,394.346360
113.687800,394.693855
113.690703,395.150087
113.693605,395.150087
113.696508,395.830877
113.699410,396.288423
113.702313,396.517394
113.705215,396.389422
113.708118,396.847614
113.711020,397.076908
113.713923,397.076908
113.716825,396.987330
113.719728,396.987330
113.722630,396.987330
113.725533,396.730896
113.728435,396.730896
113.731338,396.730896
113.734240,396.960123
113.737143,396.848745
113.740045,396.848745
113.742948,396.848745
113.745850,396.601283
113.748753,396.372263
113.751655,396.372263
113.754558,396.372263
113.757460,396.373019
113.760363,396.373019
113.763265,396.373019
113.766168,396.288449
113.769070,396.059610
113.771973,395.602328
113.774875,395.373885
113.777778,395.392597
113.780680,395.392597
113.783583,395.392597
113.786485,395.067017
113.789388,394.838883
113.792290,394.383011
113.795193,393.875221
113.798095,393.647775
113.800998,392.739306
113.803900,392.059330
113.806803,391.375972
113.809705,390.247265
113.812608,387.551630
113.815510,377.969365
113.818413,377.097079
113.821315,378.624904
113.824218,379.281580
113.827120,378.476606
113.830023,378.039625
113.832925,378.039625
113.835828,379.314703
113.838730,378.002374
113.841633,378.002374
113.844535,378.002374
113.847438,377.771227
113.850340,377.553081
113.853243,377.989499
113.856145,377.970643
113.859048,377.752382
113.861950,377.534246
113.864853,377.752382
113.867755,378.099842
113.870658,377.663296
113.873560,377.663296
113.876463,377.908589
113.879365,377.908589
113.882268,377.908589
113.885170,377.853864
113.888073,378.072184
113.890975,378.072184
113.893878,378.072184
113.896780,377.952304
113.899683,377.952304
113.902585,377.952304
113.905488,377.926028
113.908390,378.144390
113.911293,377.926028
113.914195,377.707792
113.917098,377.833250
113.920000,377.615068
113.922902,378.051558
113.925805,378.346275
113.928707,378.127796
113.931610,377.473118
113.934512,377.255144
113.937415,377.581201
113.940317,378.017652
113.943220,377.799363
113.946122,377.748854
113.949025,377.967113
113.951927,377.967113
113.954830,377.748854
113.957732,377.534647
113.960635,377.534647
113.963537,377.534647
113.966440,377.477081
113.969342,377.695184
113.972245,377.477081
113.975147,377.220692
113.978050,377.002864
113.980952,377.002864
113.983855,376.785161
113.986757,376.319853
113.989660,375.451374
113.992562,375.885363
113.995465,375.175221
113.998367,376.477735
114.001270,371.723839
114.004172,371.723839
114.007075,333.272728
114.009977,334.429767
114.012880,330.016143
114.015782,0.000000
114.018685,330.716909
114.021587,332.824924
114.024490,332.440652
114.027392,332.111865
114.030295,332.303756
114.033197,333.072429
114.036100,335.690494
114.039002,334.722381
114.041905,334.142853
114.044807,332.794521
114.047710,332.373846
114.050612,332.950305
114.053515,332.950305
114.056417,332.955671
114.059320,332.955671
114.062222,333.148050
114.065125,333.285581
114.068027,333.670830
114.070930,333.478150
114.073832,333.478150
114.076735,333.375013
114.079637,333.375013
114.082540,333.567633
114.085442,333.648344
114.088345,333.841122
114.091247,333.841122
114.094150,333.648344
114.097052,333.808297
114.099955,333.808297
114.102857,333.808297
114.105760,334.143526
114.108662,334.143526
114.111565,334.336591
114.114467,334.529767
114.117370,334.382088
114.120272,334.188997
114.123175,334.188997
114.126077,334.167578
114.128980,334.360657
114.131882,334.360657
114.134785,334.360657
114.137687,334.380837
114.140590,334.380837
114.143492,334.574039
114.146395,334.480227
114.149297,334.287080
114.152200,334.480227
114.155102,334.635067
114.158005,334.828415
114.160907,334.635067
114.163810,334.828415
114.166712,334.736591
114.169615,334.736591
114.172517,334.736591
114.175420,334.661483
114.178322,334.661483
114.181224,334.661483
114.184127,334.661483
114.187029,334.752730
114.189932,334.559425
114.192834,334.366232
114.195737,334.550386
114.198639,334.550386
114.201542,334.743686
114.204444,334.743686
114.207347,334.731503
114.210249,334.731503
114.213152,334.924908
114.216054,335.008416
114.218957,334.814964
114.221859,335.008416
114.224762,335.395657
114.227664,335.056907
114.230567,334.863426
114.233469,335.250499
114.236372,335.613657
114.239274,335.226165
114.242177,335.032587
114.245079,0.000000
114.247982,334.444947
114.250884,334.058804
114.253787,334.831536
114.256689,335.937956
114.259592,337.493912
114.262494,335.162671
114.265397,376.953571
114.268299,376.735897
114.271202,375.649411
114.274104,377.171371
114.277007,376.044591
114.279909,378.441529
114.282812,378.660188
114.285714,379.120236
114.288617,379.558466
114.291519,378.682512
114.294422,378.682512
114.297324,378.703575
114.300227,378.484890
114.303129,377.829594
114.306032,377.946993
114.308934,377.292628
114.311837,376.639396
114.314739,376.421903
114.317642,0.000000
114.320544,0.000000
114.323447,0.000000
114.326349,0.000000
114.329252,372.940923
114.332154,373.156404
114.335057,371.874980
114.337959,371.445621
114.340862,371.016758
114.343764,370.374392
114.346667,370.347005
114.349569,369.065702
114.352472,367.576450
114.355374,367.174811
114.358277,367.174811
114.361179,367.174811
114.364082,366.962784
114.366984,366.863966
114.369887,366.652119
114.372789,367.288029
114.375692,367.895286
114.378594,368.107852
114.381497,368.959345
114.384399,369.172526
114.387302,368.986305
114.390204,368.773232
114.393107,368.560281
114.396009,369.799049
114.398912,370.654454
114.401814,371.941273
114.404717,372.801634
114.407619,374.647109
114.410522,375.513729
114.413424,375.730697
114.416327,376.165012
114.419229,377.907286
114.422132,378.125637
114.425034,377.819950
114.427937,378.256677
114.430839,378.693909
114.433741,378.912714
114.436644,379.631352
114.439546,380.070173
114.442449,379.850699
114.445351,380.662351
114.448254,380.662351
114.451156,380.882293
114.454059,381.102363
114.456961,381.275117
114.459864,380.395202
114.462766,380.175540
114.465669,380.135685
114.468571,380.355324
114.471474,379.916174
114.474376,379.258399
114.477279,378.684063
114.480181,378.465390
114.483084,377.591958
114.485986,376.613695
114.488889,375.744537
114.491791,375.310711
114.494694,375.093985
114.497596,374.999102
114.500499,373.485908
114.503401,371.549340
114.506304,371.283665
114.509206,371.498189
114.512109,371.069265
114.515011,370.591930
114.517914,370.377930
114.520816,370.377930
114.523719,369.736670
114.526621,369.997246
114.529524,369.143358
114.532426,369.570055
114.535329,369.909609
114.538231,369.269159
114.541134,369.482519
114.544036,369.055922
114.546939,369.587651
114.549841,370.228653
114.552744,370.870767
114.555646,371.491877
114.558549,372.136182
114.561451,372.566339
114.564354,373.212507
114.567256,373.728605
114.570159,373.728605
114.573061,373.512794
114.575964,374.550159
114.578866,375.850503
114.581769,376.719906
114.584671,376.067666
114.587574,376.472522
114.590476,376.690044
114.593379,377.343364
114.596281,377.208992
114.599184,377.645012
114.602086,377.645012
114.604989,377.645012
114.607891,377.799729
114.610794,377.799729
114.613696,378.236432
114.616599,378.714756
114.619501,378.496065
114.622404,378.496065
114.625306,378.390182
114.628209,378.390182
114.631111,378.827568
114.634014,379.046451
114.636916,378.265348
114.639819,377.828611
114.642721,377.828611
114.645624,377.347523
114.648526,377.347523
114.651429,377.565551
114.654331,377.565551
114.657234,377.638921
114.660136,377.420851
114.663039,376.549830
114.665941,376.585880
114.668844,376.585880
114.671746,377.021181
114.674649,377.021181
114.677551,376.919488
114.680454,377.137268
114.683356,377.355174
114.686259,377.462696
114.689161,377.680790
114.692063,377.899010
114.694966,378.335828
114.697868,378.364177
114.700771,378.364177
114.703673,378.582791
114.706576,378.489871
114.709478,378.271310
114.712381,377.834566
114.715283,377.709202
114.718186,377.273107
114.721088,376.402427
114.723991,375.533757
114.726893,375.344392
114.729796,374.261919
114.732698,372.751699
114.735601,375.832273
114.738503,373.236210
114.741406,378.446393
114.744308,379.321801
114.747211,291.752136
114.750113,289.402333
114.753016,0.000000
114.755918,0.000000
114.758821,291.675635
114.761723,292.181508
114.764626,292.519245
114.767528,293.208900
114.770431,293.717432
114.773333,293.547824
114.776236,291.842934
114.779138,294.042659
114.782041,293.533563
114.784943,293.364060
114.787846,294.219969
114.790748,294.560061
114.793651,294.900547
114.796553,295.171906
114.799456,294.831107
114.802358,295.171906
114.805261,295.504638
114.808163,295.675378
114.811066,294.993011
114.813968,293.802657
114.816871,294.786157
114.819773,295.468045
114.822676,295.126904
114.825578,294.820633
114.828481,295.673339
114.831383,295.331961
114.834286,294.990978
114.837188,295.329026
114.840091,294.817703
114.842993,295.499664
114.845896,295.216207
114.848798,294.534900
114.851701,295.045732
114.854603,295.216207
114.857506,295.101955
114.860408,294.761237
114.863311,294.931547
114.866213,295.421468
114.869116,295.933838
114.872018,295.250875
114.874921,295.080380
114.877823,294.737923
114.880726,294.908219
114.883628,295.249107
114.886531,295.728303
114.889433,295.728303
114.892336,295.216289
114.895238,295.108881
114.898141,295.108881
114.901043,295.279392
114.903946,295.450002
114.906848,295.223138
114.909751,294.882279
114.912653,295.052659
114.915556,295.198190
114.918458,295.368752
114.921361,295.368752
114.924263,295.710173
114.927166,295.905839
114.930068,295.393518
114.932971,295.222941
114.935873,295.261560
114.938776,295.091059
114.941678,295.261560
114.944580,295.261560
114.947483,295.053694
114.950385,294.883313
114.953288,295.053694
114.956190,295.173342
114.959093,295.173342
114.961995,295.343890
114.964898,295.343890
114.967800,295.267999
114.970703,295.097495
114.973605,294.756781
114.976508,295.182291
114.979410,295.523496
114.982313,295.182291
114.985215,295.191125
114.988118,295.361683
114.991020,295.020665
114.993923,295.020665
114.996825,294.636209
114.999728,294.976783
115.002630,294.976783
115.005533,295.024311
115.008435,295.024311
115.011338,294.853947
115.014240,295.024311
115.017143,295.173361
115.020045,295.002911
115.022948,294.832560
115.025850,294.786190
115.028753,295.126937
115.031655,294.956515
115.034558,294.956515
115.037460,295.011736
115.040363,295.011736
115.043265,295.182191
115.046168,295.213443
115.049070,295.042970
115.051973,295.042970
115.054875,295.042970
115.057778,294.909301
115.060680,294.739004
115.063583,294.739004
115.066485,294.963119
115.069388,295.133545
115.072290,294.963119
115.075193,295.137814
115.078095,295.137814
115.080998,295.137814
115.083900,294.967385
115.086803,294.877013
115.089705,294.877013
115.092608,295.047390
115.095510,295.176887
115.098413,295.006435
115.101315,295.176887
115.104218,295.176887
115.107120,295.144034
115.110023,294.973602
115.112925,294.973602
115.115828,295.273965
115.118730,295.273965
115.121633,294.933048
115.124535,294.762737
115.127438,294.794859
115.130340,294.965188
115.133243,294.965188
115.136145,295.196475
115.139048,295.367036
115.141950,295.196475
115.144853,295.196475
115.147755,294.934983
115.150658,294.764671
115.153560,294.934983
115.156463,295.304856
115.159365,295.134331
115.162268,294.963904
115.165170,294.811259
115.168073,294.981598
115.170975,294.811259
115.173878,294.641018
115.176780,294.659986
115.179683,294.659986
115.182585,294.659986
115.185488,294.641482
115.188390,294.131350
115.191293,294.301296
115.194195,294.641482
115.197098,293.533136
115.200000,294.212126
115.202902,297.115398
115.205805,296.545602
115.208707,295.178432
115.211610,294.497212
115.214512,293.817564
115.217415,293.352116
115.220317,294.540645
115.223220,0.000000
115.226122,295.529328
115.229025,294.336809
115.231927,294.506874
115.234830,295.188116
115.237732,294.116557
115.240635,294.967227
115.243537,295.308184
115.246440,295.873975
115.249342,296.901175
115.252245,298.104083
115.255147,298.041662
115.258050,298.041662
115.260952,297.353834
115.263855,297.182126
115.266757,297.537314
115.269660,296.850651
115.272562,296.850651
115.275465,296.450290
115.278367,295.424650
115.281270,294.572661
115.284172,294.402558
115.287075,293.960002
115.289977,0.000000
115.292880,293.620602
115.295782,293.666027
115.298685,293.666027
115.301587,293.666027
115.304490,294.005480
115.307392,587.612957
115.310295,587.612957
115.313197,588.292187
115.316100,588.263612
115.319002,588.263612
115.321905,588.603505
115.324807,588.943594
115.327710,590.007138
115.330612,591.030429
115.333515,591.713608
115.336417,593.106032
115.339320,595.165147
115.342222,596.541860
115.345125,597.752016
115.348027,599.480887
115.350930,601.214758
115.353832,602.257487
115.356735,602.846745
115.359637,603.543584
115.362540,604.241227
115.365442,604.649673
115.368345,604.999034
115.371247,604.999034
115.374150,604.649673
115.377052,604.526576
115.379955,604.526576
115.382857,604.875865
115.385760,604.797073
115.388662,604.797073
115.391565,605.146519
115.394467,605.496166
115.397370,605.175741
115.400272,605.175741
115.403175,604.826278
115.406077,604.584025
115.408980,604.584025
115.411882,604.234905
115.414785,603.885986
115.417687,603.819603
115.420590,603.819603
115.423492,603.122446
115.426395,602.909204
115.429297,602.213098
115.432200,601.865347
115.435102,602.147830
115.438005,601.452604
115.440907,600.411268
115.443810,599.371736
115.446712,597.339497
115.449615,595.960942
115.452517,594.585570
115.455420,592.150062
115.458322,592.492200
115.461224,590.783484
115.464127,588.739528
115.467029,582.404929
115.469932,579.385093
115.472834,576.048081
115.475737,573.578579
115.478639,573.909986
115.481542,574.905359
115.484444,574.905359
115.487347,575.026202
115.490249,574.694150
115.493152,574.694150
115.496054,574.900370
115.498957,574.900370
115.501859,575.232542
115.504762,575.232542
115.507664,575.398265
115.510567,575.398265
115.513469,575.398265
115.516372,575.519004
115.519274,575.186667
115.522177,575.186667
115.525079,575.180274
115.527982,575.180274
115.530884,575.180274
115.533787,575.180274
115.536689,575.166885
115.539592,575.499211
115.542494,575.499211
115.545397,575.301907
115.548299,575.634311
115.551202,575.634311
115.554104,575.634311
115.557007,575.739205
115.559909,576.071861
115.562812,576.071861
115.565714,575.810060
115.568617,575.810060
115.571519,575.477555
115.574422,575.477555
115.577324,575.598820
115.580227,575.598820
115.583129,575.266437
115.586032,575.436088
115.588934,575.436088
115.591837,575.436088
115.594739,575.436088
115.597642,575.381084
115.600544,575.381084
115.603447,575.381084
115.606349,575.333044
115.609252,575.333044
115.612154,575.000815
115.615057,574.778359
115.617959,574.446450
115.620862,574.446450
115.623764,574.114733
115.626667,573.393769
115.629569,572.401014
115.632472,571.080013
115.635374,569.686957
115.638277,569.357988
115.641179,571.334656
115.644082,574.644364
115.646984,574.955063
115.649887,574.623052
115.652789,570.324314
115.655692,572.094086
115.658594,573.086309
115.661497,575.740658
115.664399,577.072440
115.667302,584.861225
115.670204,591.656985
115.673107,592.683137
115.676009,598.099310
115.678912,599.136635
115.681814,600.175760
115.684717,600.522535
115.687619,600.205733
115.690522,600.552526
115.693424,601.246712
115.696327,601.183151
115.699229,600.835994
115.702132,600.835994
115.705034,601.142640
115.707937,601.142640
115.710839,601.489974
115.713741,601.489974
115.716644,601.299773
115.719546,600.952549
115.722449,601.299773
115.725351,601.213200
115.728254,601.213200
115.731156,601.560575
115.734059,601.560575
115.736961,601.545573
115.739864,601.545573
115.742766,601.545573
115.745669,601.517932
115.748571,601.517932
115.751474,601.170582
115.754376,601.517932
115.757279,601.388030
115.760181,601.040755
115.763084,601.040755
115.765986,601.004335
115.768889,601.004335
115.771791,601.351589
115.774694,601.004335
115.777596,600.621364
115.780499,600.274532
115.783401,600.274532
115.786304,599.862084
115.789206,598.823502
115.792109,599.169496
115.795011,598.313662
115.797914,596.932860
115.800816,594.867629
115.803719,594.524119
115.806621,593.613308
115.809524,598.433153
115.812426,595.674184
115.815329,600.020095
115.818231,600.366781
115.821134,600.020095
115.824036,598.981240
115.826939,599.856647
115.829841,601.591605
115.832744,600.897021
115.835646,646.560824
115.838549,647.682200
115.841451,648.805520
115.844354,649.930789
115.847256,651.261232
115.850159,652.767704
115.853061,654.277661
115.855964,655.676147
115.858866,657.572551
115.861769,660.999911
115.864671,664.061447
115.867574,665.058230
115.870476,664.290368
115.873379,664.290368
115.876281,664.938840
115.879184,664.554868
115.882086,664.554868
115.884989,664.938840
115.887891,665.190777
115.890794,665.190777
115.893696,665.190777
115.896599,665.323136
115.899501,665.707552
115.902404,666.092191
115.905306,666.293816
115.908209,665.909061
115.911111,665.909061
115.914014,666.293816
115.916916,666.378849
115.919819,666.378849
115.922721,666.378849
115.925624,666.330868
115.928526,666.330868
115.931429,666.715867
115.934331,667.101089
115.937234,666.940795
115.940136,666.940795
115.943039,666.940795
115.945941,667.135340
115.948844,667.520804
115.951746,667.520804
115.954649,667.520804
115.957551,667.344364
115.960454,667.729949
115.963356,667.729949
115.966259,667.849475
115.969161,667.849475
115.972063,667.849475
115.974966,667.849475
115.977868,667.829866
115.980771,667.829866
115.983673,667.829866
115.986576,667.865094
115.989478,667.865094
115.992381,667.865094
115.995283,667.982243
115.998186,667.982243
116.001088,667.596513
116.003991,667.596513
116.006893,667.753913
116.009796,667.753913
116.012698,667.753913
116.015601,667.622346
116.018503,667.236824
116.021406,667.236824
116.024308,667.236824
116.027211,667.484016
116.030113,667.098574
116.033016,0.000000
116.035918,0.000000
116.038821,0.000000
116.041723,0.000000
116.044626,0.000000
116.047528,0.000000
116.050431,0.000000
116.053333,0.000000
116.056236,0.000000
116.059138,0.000000
116.062041,0.000000
116.064943,667.415109
116.067846,666.673897
116.070748,667.830157
116.073651,665.519640
116.076553,666.885234
116.079456,666.885234
116.082358,666.885234
116.085261,667.767197
116.088163,667.381591
116.091066,667.767197
116.093968,668.153026
116.096871,751.795067
116.099773,752.229446
116.102676,752.664076
116.105578,753.066201
116.108481,753.066201
116.111383,753.936680
116.114286,753.501315
116.117188,753.562934
116.120091,753.562934
116.122993,753.562934
116.125896,753.011657
116.128798,752.576826
116.131701,751.707917
116.134603,751.273839
116.137506,750.390380
116.140408,749.523996
116.143311,748.226294
116.146213,746.477181
116.149116,743.894567
116.152018,743.035682
116.154921,742.606612
116.157823,742.244052
116.160726,741.815439
116.163628,740.531084
116.166531,739.204294
116.169433,737.498341
116.172336,737.924460
116.175238,737.543631
116.178141,737.543631
116.181043,736.692080
116.183946,737.117733
116.186848,736.844917
116.189751,736.844917
116.192653,736.844917
116.195556,737.034567
116.198458,737.460418
116.201361,737.460418
116.204263,738.312858
116.207166,737.873484
116.210068,738.299820
116.212971,739.153230
116.215873,739.505530
116.218776,740.788107
116.221678,741.216126
116.224580,742.072908
116.227483,743.210195
116.230385,744.499197
116.233288,745.359773
116.236190,746.326330
116.239093,747.620736
116.241995,748.052704
116.244898,749.350104
116.247800,749.568082
116.250703,750.868110
116.253605,751.736049
116.256508,752.719159
116.259410,753.589237
116.262313,753.589237
116.265215,754.049794
116.268118,754.485476
116.271020,754.921410
116.273923,754.921410
116.276825,755.029099
116.279728,753.721866
116.282630,753.721866
116.285533,753.924694
116.288435,753.924694
116.291338,753.489336
116.294240,752.619374
116.297143,751.581883
116.300045,750.280618
116.302948,748.981607
116.305850,748.385175
116.308753,744.934879
116.311655,741.928921
116.314558,741.072306
116.317460,741.894325
116.320363,741.037750
116.323265,740.609833
116.326168,739.589217
116.329070,738.735304
116.331973,737.882376
116.334875,737.456281
116.337778,737.464839
116.340680,737.038986
116.343583,736.613378
116.346485,737.214486
116.349388,737.214486
116.352290,737.214486
116.355193,737.252825
116.358095,737.678802
116.360998,738.105025
116.363900,739.385173
116.366803,739.123639
116.369705,740.405553
116.372608,740.833352
116.375510,741.498786
116.378413,741.498786
116.381315,742.784820
116.384218,743.213993
116.387120,743.924398
116.390023,745.214639
116.392925,747.370014
116.395828,748.814975
116.398730,750.113697
116.401633,750.980763
116.404535,751.848832
116.407438,752.282148
116.410340,753.586884
116.413243,754.457965
116.416145,754.859290
116.419048,754.859290
116.421950,755.295440
116.424853,755.295440
116.427755,755.231410
116.430658,755.231410
116.433560,755.231410
116.436463,755.760965
116.439365,755.324546
116.442268,755.324546
116.445170,754.663890
116.448073,754.228105
116.450975,752.922259
116.453878,752.052951
116.456780,751.183090
116.459683,750.315791
116.462585,747.719895
116.465488,746.678500
116.468390,745.816401
116.471293,745.385725
116.474195,744.955297
116.477098,744.611280
116.480000,744.181300
116.482902,744.181300
116.485805,744.586284
116.488707,744.586284
116.491610,745.016498
116.494512,745.877672
116.497415,745.963564
116.500317,745.963564
116.503220,745.532803
116.506122,746.027940
116.509025,746.027940
116.511927,746.458987
116.514830,746.890284
116.517732,748.090669
116.520635,748.522908
116.523537,749.388135
116.526440,749.840703
116.529342,750.273953
116.532245,750.707453
116.535147,751.699891
116.538050,753.003617
116.540952,753.874024
116.543855,755.181520
116.546757,755.726121
116.549660,757.036830
116.552562,754.853576
116.555465,986.898052
116.558367,988.038820
116.561270,989.180907
116.564172,989.752445
116.567075,989.614292
116.569977,989.614292
116.572880,989.042833
116.575782,989.575085
116.578685,990.146851
116.581587,990.146851
116.584490,991.291374
116.587392,991.713356
116.590295,992.859690
116.593197,992.859690
116.596100,993.069065
116.599002,992.495611
116.601905,992.495611
116.604807,992.495611
116.607710,992.838870
116.610612,992.838870
116.613515,993.412522
116.616417,994.025715
116.619320,993.451709
116.622222,994.600053
116.625125,994.668564
116.628027,995.243273
116.630930,995.818314
116.633832,996.969393
116.636735,997.329003
116.639637,997.329003
116.642540,996.753089
116.645442,996.099624
116.648345,995.524420
116.651247,995.524420
116.654150,995.524420
116.657052,995.110950
116.659955,995.110950
116.662857,994.536317
116.665760,994.518758
116.668662,994.518758
116.671565,995.093381
116.674467,995.093381
116.677370,994.995251
116.680272,994.995251
116.683175,994.420686
116.686077,994.355614
116.688980,994.355614
116.691882,994.355614
116.694785,994.355614
116.697687,994.404815
116.700590,994.404815
116.703492,994.404815
116.706395,994.394963
116.709297,994.394963
116.712200,994.394963
116.715102,994.422184
116.718005,994.422184
116.720907,994.422184
116.723810,994.422184
116.726712,994.219651
116.729615,994.219651
116.732517,994.219651
116.735420,994.282803
116.738322,993.708648
116.741224,993.708648
116.744127,993.708648
116.747029,993.474672
116.749932,993.474672
116.752834,994.048692
116.755737,994.168370
116.758639,994.168370
116.761542,994.168370
116.764444,994.168370
116.767347,994.488526
116.770249,994.488526
116.773152,994.488526
116.776054,994.467903
116.778957,994.467903
116.781859,995.042496
116.784762,995.042496
116.787664,995.175451
116.790567,995.175451
116.793469,994.600781
116.796372,995.048457
116.799274,994.473861
116.802177,994.473861
116.805079,994.849461
116.807982,994.849461
116.810884,994.849461
116.813787,994.849461
116.816689,995.143048
116.819592,995.143048
116.822494,995.143048
116.825397,995.614305
116.828299,995.614305
116.831202,995.614305
116.834104,995.614305
116.837007,995.294995
116.839909,995.294995
116.842812,995.294995
116.845714,995.750917
116.848617,995.750917
116.851519,995.750917
116.854422,995.750917
116.857324,995.850911
116.860227,996.426303
116.863129,996.426303
116.866032,997.254043
116.868934,997.254043
116.871837,997.254043
116.874739,997.254043
116.877642,997.463670
116.880544,997.463670
116.883447,997.463670
116.886349,998.257110
116.889252,998.257110
116.892154,998.257110
116.895057,998.579127
116.897959,999.733397
116.900862,999.733397
116.903764,999.733397
116.906667,999.431784
116.909569,1000.587040
116.912472,1000.009245
116.915374,999.250608
116.918277,999.250608
116.921179,998.673585
116.924082,999.250608
116.926984,998.901754
116.929887,1000.056397
116.932789,998.324932
116.935692,998.442489
116.938594,998.442489
116.941497,996.713818
116.944399,996.713818
116.947302,995.501169
116.950204,995.501169
116.953107,995.501169
116.956009,995.441491
116.958912,996.592135
116.961814,998.320594
116.964717,994.292176
116.967619,992.765389
116.970522,995.636753
116.973424,995.061816
116.976327,996.225748
116.979229,997.377298
116.982132,997.377298
116.985034,593.512315
116.987937,602.145150
116.990839,599.715377
116.993741,596.950496
116.996644,592.658678
116.999546,595.747698
117.002449,0.000000
117.005351,595.814886
117.008254,597.193103
117.011156,597.883406
117.014059,599.266407
117.016961,598.895959
117.019864,596.823936
117.022766,595.446572
117.025669,593.499195
117.028571,592.129504
117.031474,591.104310
117.034376,590.421834
117.037279,588.583476
117.040181,588.243595
117.043084,586.886032
117.045986,586.829663
117.048889,586.829663
117.051791,587.847443
117.054694,587.847443
117.057596,588.312248
117.060499,587.972524
117.063401,589.673110
117.066304,589.472435
117.069206,589.813026
117.072109,591.177359
117.075011,593.170965
117.077914,593.856619
117.080816,593.856619
117.083719,595.918340
117.086621,596.598795
117.089524,597.978824
117.092426,599.708351
117.095329,600.815453
117.098231,601.162598
117.101134,601.857490
117.104036,600.468509
117.106939,602.993846
117.109841,603.690855
117.112744,602.993846
117.115646,602.598704
117.118549,602.946879
117.121451,603.295255
117.124354,603.295255
117.127256,603.159019
117.130159,602.810721
117.133061,602.810721
117.135964,603.052106
117.138866,603.052106
117.141769,602.703870
117.144671,602.703870
117.147574,602.379076
117.150476,602.031229
117.153379,602.031229
117.156281,601.987440
117.159184,601.639819
117.162086,601.292398
117.164989,600.945178
117.167891,600.114475
117.170794,599.767936
117.173696,599.421596
117.176599,598.679615
117.179501,597.988392
117.182404,597.643080
117.185306,597.399299
117.188209,596.709554
117.191111,597.744470
117.194014,597.744470
117.196916,597.621294
117.199819,596.586592
117.202721,595.553681
117.205624,588.279566
117.208526,580.180548
117.211429,577.505729
117.214331,577.505729
117.217234,568.535632
117.220136,568.864126
117.223039,568.864126
117.225941,568.860891
117.228844,569.518445
117.231746,570.176758
117.234649,570.176758
117.237551,569.998381
117.240454,569.998381
117.243356,569.998381
117.246259,569.743948
117.249161,569.743948
117.252063,569.743948
117.254966,569.743948
117.257868,569.859407
117.260771,569.859407
117.263673,569.859407
117.266576,569.999081
117.269478,569.999081
117.272381,569.999081
117.275283,569.978029
117.278186,569.978029
117.281088,570.307356
117.283991,570.307356
117.286893,570.145866
117.289796,570.145866
117.292698,570.475290
117.295601,570.448962
117.298503,570.778561
117.301406,570.448962
117.304308,570.448962
117.307211,570.373188
117.310113,570.702744
117.313016,570.702744
117.315918,570.592197
117.318821,570.921879
117.321723,570.921879
117.324626,571.251752
117.327528,571.269488
117.330431,571.269488
117.333333,570.939605
117.336236,571.036885
117.339138,571.366824
117.342041,571.366824
117.344943,571.366824
117.347846,0.000000
117.350748,571.445558
117.353651,571.115574
117.356553,571.321562
117.359456,571.321562
117.362358,571.321562
117.365261,571.053445
117.368163,571.053445
117.371066,571.383394
117.373968,571.053445
117.376871,571.060669
117.379773,571.060669
117.382676,570.730907
117.385578,570.471476
117.388481,570.471476
117.391383,570.142054
117.394286,570.142054
117.397188,569.944342
117.400091,569.615224
117.402993,569.286297
117.405896,570.056860
117.408798,569.727677
117.411701,568.412846
117.414603,570.056860
117.417506,568.674997
117.420408,569.661290
117.423311,570.319769
117.426213,569.356182
117.429116,571.002924
117.432018,571.662953
117.434921,571.332843
117.437823,574.868961
117.440726,572.880066
117.443628,575.201115
117.446531,590.346346
117.449433,591.711913
117.452336,592.395880
117.455238,591.804387
117.458141,592.146326
117.461043,592.830795
117.463946,593.516056
117.466848,593.912422
117.469751,593.912422
117.472653,594.255578
117.475556,594.494367
117.478458,595.181550
117.481361,595.181550
117.484263,595.181550
117.487166,595.382696
117.490068,595.726702
117.492971,596.070907
117.495873,596.657476
117.498776,597.002219
117.501678,597.002219
117.504580,597.002219
117.507483,596.830278
117.510385,596.830278
117.513288,596.830278
117.516190,596.771095
117.519093,596.771095
117.521995,596.771095
117.524898,597.115904
117.527800,596.961297
117.530703,596.961297
117.533605,596.961297
117.536508,597.034036
117.539410,597.034036
117.542313,597.034036
117.545215,597.127188
117.548118,596.782374
117.551020,596.782374
117.553923,596.782374
117.556825,596.921068
117.559728,596.921068
117.562630,596.921068
117.565533,596.840102
117.568435,596.495454
117.571338,595.806753
117.574240,595.118847
117.577143,595.407387
117.580045,594.376518
117.582948,593.347434
117.585850,593.030214
117.588753,592.345515
117.591655,593.372861
117.594558,593.715706
117.597460,595.611849
117.600363,597.334530
117.603265,594.580626
117.606168,592.406434
117.609070,592.064345
117.611973,595.838209
117.614875,593.776766
117.617778,651.842747
117.620680,653.350565
117.623583,654.105781
117.626485,655.082865
117.629388,655.840084
117.632290,657.357148
117.635193,658.699646
117.638095,659.461045
117.640998,660.223325
117.643900,660.223325
117.646803,660.553381
117.649705,660.935042
117.652608,661.316924
117.655510,661.923640
117.658413,662.688766
117.661315,663.454776
117.664218,663.838113
117.667120,664.158138
117.670023,664.925847
117.672925,665.310034
117.675828,665.377786
117.678730,665.762234
117.681633,666.146905
117.684535,666.531797
117.687438,666.847978
117.690340,666.847978
117.693243,666.847978
117.696145,666.766727
117.699048,666.766727
117.701950,667.151978
117.704853,667.151978
117.707755,667.074092
117.710658,667.459521
117.713560,667.459521
117.716463,667.603380
117.719365,667.603380
117.722268,667.603380
117.725170,667.656319
117.728073,667.656319
117.730975,667.656319
117.733878,667.656319
117.736780,667.717749
117.739683,668.103550
117.742585,668.103550
117.745488,667.776293
117.748390,667.776293
117.751293,668.162127
117.754195,668.162127
117.757098,667.873785
117.760000,667.873785
117.762902,668.259676
117.765805,668.018308
117.768707,668.018308
117.771610,668.018308
117.774512,668.018308
117.777415,668.131971
117.780317,668.131971
117.783220,668.131971
117.786122,668.471637
117.789025,668.085624
117.791927,668.085624
117.794830,668.085624
117.797732,668.094368
117.800635,668.094368
117.803537,668.094368
117.806440,668.177080
117.809342,668.177080
117.812245,668.177080
117.815147,668.192484
117.818050,668.192484
117.820952,667.806632
117.823855,667.806632
117.826757,668.047432
117.829660,668.047432
117.832562,668.047432
117.835465,667.818041
117.838367,667.818041
117.841270,667.432406
117.844172,667.432406
117.847075,667.458667
117.849977,667.458667
117.852880,667.073239
117.855782,667.367726
117.858685,667.753324
117.861587,668.139145
117.864490,668.911456
117.867392,668.466583
117.870295,666.923880
117.873197,666.538761
117.876100,667.016041
117.879002,667.787053
117.881905,667.401436
117.884807,667.787053
117.887710,667.563791
117.890612,669.107975
117.893515,667.178303
117.896417,666.261620
117.899320,667.417164
117.902222,668.188640
117.905125,668.868849
117.908027,667.325218
117.910930,0.000000
117.913832,668.096588
117.916735,667.501410
117.919637,667.501410
117.922540,666.730727
117.925442,746.545264
117.928345,746.114167
117.931247,746.545264
117.934150,746.545264
117.937052,746.144404
117.939955,745.713538
117.942857,745.713538
117.945760,745.357029
117.948662,745.357029
117.951565,744.926618
117.954467,744.496456
117.957370,744.429851
117.960272,744.429851
117.963175,743.999976
117.966077,743.360710
117.968980,742.931452
117.971882,742.931452
117.974785,742.502442
117.977687,742.189552
117.980590,741.332636
117.983492,741.760970
117.986395,741.560340
117.989297,741.560340
117.992200,741.560340
117.995102,741.377445
117.998005,741.805806
118.000907,742.234413
118.003810,742.234413
118.006712,742.151174
118.009615,742.579981
118.012517,743.009036
118.015420,743.222536
118.018322,743.222536
118.021224,0.000000
118.024127,0.000000
118.027029,0.000000
118.029932,0.000000
118.032834,0.000000
118.035737,0.000000
118.038639,0.000000
118.041542,0.000000
118.044444,0.000000
118.047347,0.000000
118.050249,0.000000
118.053152,0.000000
118.056054,0.000000
118.058957,0.000000
118.061859,0.000000
118.064762,0.000000
118.067664,744.981119
118.070567,744.981119
118.073469,744.981119
118.076372,745.257379
118.079274,745.257379
118.082177,745.257379
118.085079,745.236878
118.087982,745.667468
118.090884,745.667468
118.093787,745.667468
118.096689,745.747297
118.099592,745.747297
118.102494,745.747297
118.105397,745.639254
118.108299,745.639254
118.111202,746.070076
118.114104,746.070076
118.117007,746.346706
118.119909,746.346706
118.122812,746.346706
118.125714,746.608829
118.128617,747.040212
118.131519,747.040212
118.134422,747.040212
118.137324,747.735967
118.140227,747.304182
118.143129,747.304182
118.146032,747.571907
118.148934,748.003846
118.151837,748.436035
118.154739,748.436035
118.157642,748.590043
118.160544,749.022570
118.163447,749.022570
118.166349,749.504253
118.169252,749.504253
118.172154,749.504253
118.175057,749.968781
118.177959,749.535707
118.180862,749.535707
118.183764,749.535707
118.186667,749.853597
118.189569,749.853597
118.192472,750.286854
118.195374,749.949529
118.198277,749.949529
118.201179,749.516466
118.204082,749.516466
118.206984,749.256526
118.209887,749.256526
118.212789,749.256526
118.215692,749.555147
118.218594,749.122312
118.221497,748.257392
118.224399,746.961884
118.227302,746.049579
118.230204,744.327828
118.233107,743.468443
118.236009,742.558332
118.238912,742.558332
118.241814,740.416834
118.244717,739.134900
118.247619,738.231178
118.250522,738.231178
118.253424,738.231178
118.256327,737.757683
118.259229,737.757683
118.262132,737.331660
118.265034,737.046232
118.267937,737.472089
118.270839,737.472089
118.273741,737.898193
118.276644,737.707669
118.279546,738.133909
118.282449,738.560395
118.285351,738.731581
118.288254,739.158412
118.291156,739.158412
118.294059,740.012815
118.296961,741.075906
118.299864,741.932525
118.302766,742.790135
118.305669,743.650883
118.308571,744.510479
118.311474,745.371068
118.314376,745.801736
118.317279,746.217647
118.320181,747.080210
118.323084,747.943769
118.325986,749.271377
118.328889,749.704298
118.331791,751.004563
118.334694,751.004563
118.337596,751.568313
118.340499,751.568313
118.343401,751.568313
118.346304,752.629933
118.349206,752.629933
118.352109,753.935272
118.355011,753.288873
118.357914,752.419142
118.360816,752.419142
118.363719,752.419142
118.366621,752.244618
118.369524,751.810230
118.372426,751.376093
118.375329,750.258455
118.378231,749.825214
118.381134,749.392223
118.384036,746.799523
118.386939,744.567384
118.389841,742.849054
118.392744,742.849054
118.395646,742.848496
118.398549,742.419534
118.401451,741.134133
118.404354,740.278436
118.407256,738.125428
118.410159,737.699193
118.413061,738.125428
118.415964,737.813769
118.418866,737.387715
118.421769,736.961906
118.424671,736.961906
118.427574,737.370159
118.430476,736.944360
118.433379,736.518807
118.436281,736.960273
118.439184,737.386081
118.442086,737.812135
118.444989,738.238435
118.447891,738.206329
118.450794,738.632857
118.453696,738.632857
118.456599,738.983413
118.459501,740.265084
118.462404,740.692802
118.465306,741.540328
118.468209,741.968782
118.471111,742.826433
118.474014,743.255630
118.476916,743.854450
118.479819,745.144569
118.482721,746.005891
118.485624,747.445225
118.488526,747.877091
118.491429,750.473533
118.494331,750.907148
118.497234,750.366023
118.500136,750.799577
118.503039,750.799577
118.505941,750.928921
118.508844,751.796930
118.511746,752.231310
118.514649,752.665941
118.517551,753.195440
118.520454,753.630629
118.523356,754.501760
118.526259,754.540630
118.529161,754.540630
118.532063,754.976596
118.534966,754.976596
118.537868,754.034755
118.540771,752.729243
118.543673,752.294575
118.546576,751.982307
118.549478,751.114085
118.552381,749.380646
118.555283,748.393581
118.558186,746.235254
118.561088,744.513075
118.563991,743.224049
118.566893,743.062708
118.569796,741.776193
118.572698,740.919755
118.575601,741.119452
118.578503,740.691489
118.581406,739.409080
118.584308,738.128891
118.587211,738.006279
118.590113,737.580113
118.593016,737.580113
118.595918,737.124664
118.598821,738.403111
118.601723,738.403111
118.604626,738.829753
118.607528,737.787838
118.610431,737.787838
118.613333,738.214124
118.616236,738.965446
118.619138,739.819626
118.622041,740.247086
118.624943,740.247086
118.627846,740.535055
118.630748,740.962928
118.633651,742.248032
118.636553,743.512381
118.639456,743.512381
118.642358,744.371816
118.645261,745.884009
118.648163,747.177648
118.651066,748.473530
118.653968,749.338701
118.656871,748.857315
118.659773,749.289997
118.662676,749.722929
118.665578,750.362007
118.668481,750.795559
118.671383,751.229361
118.674286,751.663413
118.677188,752.075796
118.680091,752.510338
118.682993,752.510338
118.685896,752.832258
118.688798,752.832258
118.691701,752.832258
118.694603,753.267237
118.697506,752.887349
118.700408,752.452590
118.703311,752.018082
118.706213,751.600443
118.709116,750.732662
118.712018,749.000103
118.714921,746.840027
118.717823,744.245545
118.720726,742.527958
118.723628,741.670651
118.726531,741.440445
118.729433,740.584394
118.732336,740.584394
118.735238,739.417011
118.738141,738.136809
118.741043,737.284572
118.743946,736.858823
118.746848,737.377493
118.749751,737.377493
118.752653,737.803542
118.755556,737.532250
118.758458,737.532250
118.761361,738.811404
118.764263,738.811404
118.767166,739.401329
118.770068,739.828548
118.772971,740.256013
118.775873,740.399271
118.778776,740.827066
118.781678,741.255108
118.784580,742.111935
118.787483,742.796866
118.790385,743.226047
118.793288,744.085151
118.796190,745.076303
118.799093,745.506800
118.801995,745.937546
118.804898,746.368541
118.807800,746.328654
118.810703,746.759875
118.813605,746.328654
118.816508,746.326694
118.819410,746.326694
118.822313,746.326694
118.825215,746.049903
118.828118,746.480963
118.831020,746.049903
118.833923,746.049903
118.836825,746.142745
118.839728,745.711881
118.842630,745.281265
118.845533,745.406003
118.848435,745.406003
118.851338,744.975564
118.854240,744.975564
118.857143,744.863178
118.860045,744.863178
118.862948,744.863178
118.865850,745.012022
118.868753,745.012022
118.871655,745.012022
118.874558,745.442483
118.877460,745.510371
118.880363,745.941119
118.883265,745.941119
118.886168,746.432615
118.889070,746.863896
118.891973,746.432615
118.894875,746.432615
118.897778,747.020412
118.900680,746.589041
118.903583,747.452033
118.906485,748.052060
118.909388,747.620093
118.912290,744.603300
118.915193,744.466452
118.918095,748.779102
118.920998,746.188523
118.923900,743.177507
118.926803,974.403865
118.929705,977.786750
118.932608,980.048529
118.935510,982.255374
118.938413,982.822910
118.941315,983.958968
118.944218,985.096339
118.947120,986.230574
118.950023,987.370571
118.952925,987.370571
118.955828,988.037020
118.958730,988.607897
118.961633,989.750642
118.964535,990.322509
118.967438,990.973341
118.970340,991.545915
118.973243,992.118819
118.976145,992.386237
118.979048,992.959627
118.981950,993.533349
118.984853,993.533349
118.987755,993.914225
118.990658,993.914225
118.993560,993.914225
118.996463,993.452889
118.999365,992.879214
119.002268,992.305870
119.005170,991.872190
119.008073,990.726996
119.010975,989.583124
119.013878,987.869792
119.016780,986.404872
119.019683,985.265990
119.022585,984.128423
119.025488,982.190532
119.028390,981.056516
119.031293,979.923810
119.034195,977.662319
119.037098,976.165743
119.040000,974.475641
119.042902,972.226723
119.045805,970.744093
119.048707,969.063379
119.051610,967.385574
119.054512,967.385574
119.057415,967.666839
119.060317,967.108054
119.063220,967.108054
119.066122,967.407893
119.069025,967.966851
119.071927,969.085737
119.074830,970.205915
119.077732,971.212299
119.080635,971.773455
119.083537,974.021324
119.086440,976.870045
119.089342,979.129704
119.092245,981.394589
119.095147,985.814121
119.098050,988.094469
119.100952,990.952323
119.103855,992.671001
119.106757,994.431714
119.109660,995.006287
119.112562,996.731996
119.115465,999.204544
119.118367,999.781874
119.121270,1001.515866
119.124172,1002.094531
119.127075,1002.252358
119.129977,1002.252358
119.132880,1002.252358
119.135782,1001.910026
119.138685,1001.331467
119.141587,1000.753242
119.144490,1000.175351
119.147392,998.885345
119.150295,998.308532
119.153197,997.732053
119.156100,996.735925
119.159002,995.585115
119.161905,993.861391
119.164807,992.140652
119.167710,989.626928
119.170612,987.343043
119.173515,986.203079
119.176417,985.237679
119.179320,983.531871
119.182222,982.963925
119.185125,980.359742
119.188027,980.926184
119.190930,980.359742
119.193832,979.227840
119.196735,979.039670
119.199637,979.039670
119.202540,979.605349
119.205442,979.747084
119.208345,980.879587
119.211247,980.879587
119.214150,982.580795
119.217052,983.254759
119.219955,984.391316
119.222857,986.098615
119.225760,987.048520
119.228662,988.189462
119.231565,988.760428
119.234467,989.331723
119.237370,990.195531
119.240272,990.767655
119.243175,991.912896
119.246077,992.736846
119.248980,993.884363
119.251882,994.458619
119.254785,994.458619
119.257687,994.479660
119.260590,993.905392
119.263492,993.905392
119.266395,994.362186
119.269297,993.787985
119.272200,993.787985
119.275102,993.903599
119.278005,993.329664
119.280907,992.756060
119.283810,992.182787
119.286712,992.376077
119.289615,991.803023
119.292517,991.803023
119.295420,991.288483
119.298322,990.716058
119.301224,990.716058
119.304127,990.716058
119.307029,990.250014
119.309932,989.678189
119.312834,989.106693
119.315737,989.087297
119.318639,988.516143
119.321542,987.945319
119.324444,986.804658
119.327347,985.635636
119.330249,985.066475
119.333152,983.929138
119.336054,983.429031
119.338957,982.293585
119.341859,978.895108
119.344762,973.257087
119.347664,953.831042
119.350567,946.148785
119.353469,942.875358
119.356372,891.182933
119.359274,889.639968
119.362177,889.639968
119.365079,885.840568
119.367982,885.840568
119.370884,885.840568
119.373787,884.817796
119.376689,884.872561
119.379592,884.872561
119.382494,884.361587
119.385397,884.422597
119.388299,883.911882
119.391202,883.911882
119.394104,883.911882
119.397007,883.719569
119.399909,883.719569
119.402812,883.719569
119.405714,883.819656
119.408617,883.819656
119.411519,884.330318
119.414422,884.330318
119.417324,884.263653
119.420227,884.263653
119.423129,884.263653
119.426032,884.616877
119.428934,885.128000
119.431837,885.128000
119.434739,885.128000
119.437642,884.909449
119.440544,885.420741
119.443447,885.420741
119.446349,885.282699
119.449252,885.794206
119.452154,885.794206
119.455057,885.355426
119.457959,885.355426
119.460862,885.355426
119.463764,885.355426
119.466667,885.450886
119.469569,885.450886
119.472472,885.450886
119.475374,885.498129
119.478277,884.986793
119.481179,884.986793
119.484082,884.475752
119.486984,884.485290
119.489887,883.974538
119.492789,883.464082
119.495692,883.136084
119.498594,882.626112
119.501497,881.607051
119.504399,881.607051
119.507302,880.981888
119.510204,879.964726
119.513107,879.456585
119.516009,879.907432
119.518912,878.891510
119.521814,879.399324
119.524717,878.891510
119.527619,875.462610
119.530522,874.957069
119.533424,871.929947
119.536327,870.160083
119.539229,868.653516
119.542132,878.746783
119.545034,781.062430
119.547937,780.160633
119.550839,781.062430
119.553741,782.417082
119.556644,782.300118
119.559546,782.300118
119.562449,782.300118
119.565351,782.123193
119.568254,782.123193
119.571156,781.671551
119.574059,782.123193
119.576961,782.108445
119.579864,782.108445
119.582766,781.656812
119.585669,781.685895
119.588571,782.137545
119.591474,782.137545
119.594376,781.685895
119.597279,781.599681
119.600181,782.051281
119.603084,782.051281
119.605986,782.182403
119.608889,782.634340
119.611791,782.634340
119.614694,782.634340
119.617596,782.518040
119.620499,782.518040
119.623401,782.518040
119.626304,782.722773
119.629206,782.722773
119.632109,782.722773
119.635011,782.753959
119.637914,783.206226
119.640816,783.206226
119.643719,783.658754
119.646621,783.678340
119.649524,783.678340
119.652426,784.131141
119.655329,783.791613
119.658231,784.244479
119.661134,784.244479
119.664036,783.791613
119.666939,783.917186
119.669841,783.917186
119.672744,783.917186
119.675646,784.013235
119.678549,784.466230
119.681451,785.373004
119.684354,784.919486
119.687256,784.733640
119.690159,785.187051
119.693061,785.187051
119.695964,785.176525
119.698866,785.176525
119.701769,785.176525
119.704671,785.630192
119.707574,785.508873
119.710476,785.508873
119.713379,785.055276
119.716281,784.526399
119.719184,784.073370
119.722086,784.073370
119.724989,783.620602
119.727891,783.244454
119.730794,782.792164
119.733696,782.340137
119.736599,781.611165
119.739501,782.966768
119.742404,785.231333
119.745306,786.617938
119.748209,783.443781
119.751111,782.539234
119.754014,783.443781
119.756916,782.489306
119.759819,784.299330
119.762721,784.752490
119.765624,784.852526
119.768526,783.946353
119.771429,783.946353
119.774331,783.946353
119.777234,783.620888
119.780136,783.168382
119.783039,782.716137
119.785941,780.179653
119.788844,768.994372
119.791746,780.179653
119.794649,765.891330
119.797551,0.000000
119.800454,0.000000
119.803356,0.000000
119.806259,0.000000
119.809161,0.000000
119.812063,0.000000
119.814966,0.000000
119.817868,0.000000
119.820771,0.000000
119.823673,0.000000
119.826576,0.000000
119.829478,0.000000
119.832381,0.000000
119.835283,0.000000
119.838186,0.000000
119.841088,767.388647
119.843991,762.087906
119.846893,729.358796
119.849796,728.937623
119.852698,723.902483
119.855601,718.983696
119.858503,718.153573
119.861406,718.153573
119.864308,717.738871
119.867211,720.043557
119.870113,721.709135
119.873016,721.292379
119.875918,724.061628
119.878821,729.097875
119.881723,736.718003
119.884626,736.718003
119.887528,742.008652
119.890431,743.295570
119.893333,743.295570
119.896236,743.690274
119.899138,744.980108
119.902041,746.272180
119.904943,747.134805
119.907846,748.132821
119.910748,748.997598
119.913651,751.163914
119.916553,752.531694
119.919456,753.836862
119.922358,755.144294
119.925261,755.282009
119.928163,756.591948
119.931066,757.466502
119.933968,757.904158
119.936871,759.145118
119.939773,760.901143
119.942676,761.780679
119.945578,761.864885
119.948481,761.424942
119.951383,760.985252
119.954286,760.106635
119.957188,759.050825
119.960091,758.174441
119.962993,756.861762
119.965896,756.028880
119.968798,754.719916
119.971701,754.719916
119.974603,753.413219
119.977506,752.058223
119.980408,750.322606
119.983311,748.590994
119.986213,747.502655
119.989116,744.916492
119.992018,744.056428
119.994921,743.197356
119.997823,743.085292
120.000726,743.514639
120.003628,743.085292
120.006531,742.494251
120.009433,741.636984
120.012336,740.780706
120.015238,740.570189
120.018141,740.998083
120.021043,740.998083
120.023946,741.426224
120.026848,741.099337
120.029751,741.527536
120.032653,741.099337
120.035556,741.722711
120.038458,742.151271
120.041361,743.009133
120.044263,743.438436
120.047166,744.226531
120.050068,745.086792
120.052971,745.948048
120.055873,746.988659
120.058776,748.284214
120.061678,749.582016
120.064580,750.015117
120.067483,751.456454
120.070385,752.325073
120.073288,753.194695
120.076190,753.648337
120.079093,754.955442
120.081995,755.828105
120.084898,756.701776
120.087800,757.041881
120.090703,756.604722
120.093605,757.041881
120.096508,758.518782
120.099410,758.957046
120.102313,758.518782
120.105215,758.707242
120.108118,758.707242
120.111020,758.269123
120.113923,757.393641
120.116825,756.495904
120.119728,756.059061
120.122630,755.186132
120.125533,753.913954
120.128435,753.043501
120.131338,751.739706
120.134240,750.438169
120.137143,749.530057
120.140045,749.530057
120.142948,748.664666
120.145850,748.066098
120.148753,747.634123
120.151655,747.202397
120.154558,746.770921
120.157460,746.872482
120.160363,747.304017
120.163265,747.304017
120.166168,747.262576
120.169070,747.694337
120.171973,748.126347
120.174875,748.126347
120.177778,748.520178
120.180680,748.952665
120.183583,748.952665
120.186485,749.498636
120.189388,749.498636
120.192290,749.498636
120.195193,748.956363
120.198095,749.389102
120.200998,748.956363
120.203900,749.822091
120.206803,750.585748
120.209705,751.019428
120.212608,750.585748
120.215510,747.999139
120.218413,744.550623
120.221315,743.690981
120.224218,740.262327
120.227120,740.803819
120.230023,739.948503
120.232925,734.412969
120.235828,656.474091
120.238730,661.422172
120.241633,662.186718
120.244535,659.133825
120.247438,663.058726
120.250340,662.675839
120.253243,661.910728
120.256145,664.511456
120.259048,665.279573
120.261950,666.048578
120.264853,665.663965
120.267755,665.949055
120.270658,665.949055
120.273560,665.949055
120.276463,665.568473
120.279365,665.953031
120.282268,665.953031
120.285170,665.687130
120.288073,665.687130
120.290975,665.302725
120.293878,665.687130
120.296780,665.903226
120.299683,665.903226
120.302585,665.903226
120.305488,665.834284
120.308390,666.218996
120.311293,666.218996
120.314195,666.218996
120.317098,666.256371
120.320000,666.641327
120.322902,666.641327
120.325805,666.585098
120.328707,666.200175
120.331610,666.585098
120.334512,666.970244
120.337415,666.779867
120.340317,666.779867
120.343220,666.779867
120.346122,666.764782
120.349025,666.764782
120.351927,666.764782
120.354830,666.764782
120.357732,666.817911
120.360635,666.817911
120.363537,666.817911
120.366440,666.814817
120.369342,666.814817
120.372245,666.814817
120.375147,666.729446
120.378050,666.729446
120.380952,666.729446
120.383855,666.729446
120.386757,666.595954
120.389660,666.595954
120.392562,666.595954
120.395465,666.725171
120.398367,666.725171
120.401270,666.725171
120.404172,666.725171
120.407075,666.970234
120.409977,666.970234
120.412880,666.970234
120.415782,667.314830
120.418685,667.314830
120.421587,666.929485
120.424490,666.929485
120.427392,667.109528
120.430295,667.109528
120.433197,0.000000
120.436100,0.000000
120.439002,666.571582
120.441905,666.571582
120.444807,666.186667
120.447710,667.373481
120.450612,667.373481
120.453515,666.988103
120.456417,667.517483
120.459320,666.361765
120.462222,666.746782
120.465125,666.848144
120.468027,667.233442
120.470930,666.848144
120.473832,666.463069
120.476735,591.126708
120.479637,591.468254
120.482540,591.468254
120.485442,591.280462
120.488345,591.622098
120.491247,591.622098
120.494150,591.280462
120.497052,591.686557
120.499955,591.686557
120.502857,591.344884
120.505760,591.832586
120.508662,592.174541
120.511565,592.516693
120.514467,592.516693
120.517370,592.687250
120.520272,593.372345
120.523175,593.029699
120.526077,593.110570
120.528980,593.110570
120.531882,593.453263
120.534785,593.796154
120.537687,593.525967
120.540590,593.525967
120.543492,593.525967
120.546395,594.117316
120.549297,594.117316
120.552200,593.774240
120.555102,593.498665
120.558005,593.841582
120.560907,593.841582
120.563810,594.184698
120.566712,594.028634
120.569615,594.028634
120.572517,593.685609
120.575420,593.751014
120.578322,594.094077
120.581224,594.094077
120.584127,594.094077
120.587029,594.147781
120.589932,594.147781
120.592834,594.147781
120.595737,593.553553
120.598639,593.896502
120.601542,594.239649
120.604444,593.896502
120.607347,593.789163
120.610249,593.446276
120.613152,593.446276
120.616054,593.967255
120.618957,593.624265
120.621859,593.624265
120.624762,593.624265
120.627664,593.855298
120.630567,593.855298
120.633469,593.512372
120.636372,593.721647
120.639274,593.721647
120.642177,594.064693
120.645079,594.027766
120.647982,594.027766
120.650884,594.027766
120.653787,593.684741
120.656689,593.452885
120.659592,593.110192
120.662494,592.425400
120.665397,595.845995
120.668299,594.814367
120.671202,592.414175
120.674104,593.441640
120.677007,593.228415
120.679909,592.885852
120.682812,593.228415
120.685714,593.371907
120.688617,595.431945
120.691519,595.775979
120.694422,594.744472
120.697324,651.947711
120.700227,656.861674
120.703129,659.904044
120.706032,665.120125
120.708934,666.273689
120.711837,666.658655
120.714739,667.043844
120.717642,666.677157
120.720544,666.677157
120.723447,667.447778
120.726349,667.570250
120.729252,667.570250
120.732154,667.184757
120.735057,666.793646
120.737959,667.178913
120.740862,667.564402
120.743764,667.178913
120.746667,667.152342
120.749569,666.767091
120.752472,667.152342
120.755374,667.006737
120.758277,666.621570
120.761179,666.621570
120.764082,666.621570
120.766984,666.905676
120.769887,666.905676
120.772789,666.905676
120.775692,667.347545
120.778594,667.347545
120.781497,667.347545
120.784399,666.962181
120.787302,666.814270
120.790204,667.199548
120.793107,667.199548
120.796009,666.959180
120.798912,666.959180
120.801814,666.959180
120.804717,666.959180
120.807619,666.802123
120.810522,666.802123
120.813424,666.802123
120.816327,666.919662
120.819229,666.919662
120.822132,666.919662
120.825034,667.169016
120.827937,666.783755
120.830839,666.783755
120.833741,666.783755
120.836644,666.725318
120.839546,666.340313
120.842449,666.340313
120.845351,665.975221
120.848254,666.360014
120.851156,665.975221
120.854059,665.975221
120.856961,665.823160
120.859864,665.823160
120.862766,666.207866
120.865669,666.302158
120.868571,665.917398
120.871474,665.532860
120.874376,665.532860
120.877279,665.345686
120.880181,665.730116
120.883084,665.345686
120.885986,665.408079
120.888889,665.792545
120.891791,665.408079
120.894694,665.792545
120.897596,665.799724
120.900499,665.415254
120.903401,665.799724
120.906304,665.606305
120.909206,665.606305
120.912109,665.990885
120.915011,666.124691
120.917914,666.124691
120.920816,666.124691
120.923719,665.740034
120.926621,665.703418
120.929524,666.088055
120.932426,666.088055
120.935329,665.895764
120.938231,665.895764
120.941134,665.895764
120.944036,666.280511
120.946939,666.065239
120.949841,666.065239
120.952744,666.450084
120.955646,666.184784
120.958549,666.184784
120.961451,666.184784
120.964354,666.184784
120.967256,666.225035
120.970159,666.225035
120.973061,666.225035
120.975964,666.181209
120.978866,665.796519
120.981769,666.181209
120.984671,666.181209
120.987574,666.232878
120.990476,665.848158
120.993379,666.232878
120.996281,666.485544
120.999184,666.485544
121.002086,666.485544
121.004989,666.870633
121.007891,667.086510
121.010794,667.086510
121.013696,667.086510
121.016599,666.868567
121.019501,666.868567
121.022404,667.253877
121.025306,667.523487
121.028209,667.523487
121.031111,667.909176
121.034014,667.909176
121.036916,667.643996
121.039819,667.643996
121.042721,667.643996
121.045624,668.036153
121.048526,668.422137
121.051429,668.422137
121.054331,668.422137
121.057234,668.360137
121.060136,668.746308
121.063039,668.746308
121.065941,669.153957
121.068844,669.153957
121.071746,669.153957
121.074649,669.540587
121.077551,669.682170
121.080454,669.682170
121.083356,669.682170
121.086259,669.502398
121.089161,669.502398
121.092063,669.502398
121.094966,669.889229
121.097868,669.812470
121.100771,669.812470
121.103673,669.812470
121.106576,669.938138
121.109478,669.938138
121.112381,669.938138
121.115283,669.990407
121.118186,669.990407
121.121088,669.603517
121.123991,669.216850
121.126893,668.834445
121.129796,668.448222
121.132698,667.676447
121.135601,667.042321
121.138503,666.657134
121.141406,666.272169
121.144308,666.657134
121.147211,666.968424
121.150113,666.583280
121.153016,665.813657
121.155918,665.261985
121.158821,661.812525
121.161723,660.666684
121.164626,661.430357
121.167528,665.098384
121.170431,663.946854
121.173333,658.979886
121.176236,594.674521
121.179138,592.274893
121.182041,591.591065
121.184943,591.932880
121.187846,592.600316
121.190748,591.916112
121.193651,591.232699
121.196553,590.721512
121.199456,591.062825
121.202358,591.062825
121.205261,590.754419
121.208163,590.413285
121.211066,590.754419
121.213968,591.437280
121.216871,592.238823
121.219773,592.238823
121.222676,591.896831
121.225578,592.276976
121.228481,593.304203
121.231383,593.304203
121.234286,593.647008
121.237188,593.458138
121.240091,593.801032
121.242993,593.115442
121.245896,592.988468
121.248798,593.673911
121.251701,594.360147
121.254603,594.360147
121.257506,594.192808
121.260408,594.192808
121.263311,594.536127
121.266213,594.680353
121.269116,594.680353
121.272018,594.680353
121.274921,594.336951
121.277823,594.514361
121.280726,595.201567
121.283628,595.201567
121.286531,595.180788
121.289433,595.524677
121.292336,595.180788
121.295238,595.340410
121.298141,594.996628
121.301043,594.996628
121.303946,594.996628
121.306848,595.079003
121.309751,594.735371
121.312653,594.735371
121.315556,594.700782
121.318458,594.700782
121.321361,594.700782
121.324263,594.700782
121.327166,594.828449
121.330068,594.484961
121.332971,594.484961
121.335873,594.460429
121.338776,594.460429
121.341678,594.117155
121.344580,594.117155
121.347483,593.974268
121.350385,593.974268
121.353288,593.631274
121.356190,593.256455
121.359093,593.256455
121.361995,592.913876
121.364898,593.256455
121.367800,593.465288
121.370703,593.122588
121.373605,592.780086
121.376508,592.084989
121.379410,592.084989
121.382313,592.769387
121.385215,593.013933
121.388118,593.013933
121.391020,592.671494
121.393923,591.645362
121.396825,590.739217
121.399728,589.716431
121.402630,0.000000
121.405533,0.000000
121.408435,0.000000
121.411338,0.000000
121.414240,0.000000
121.417143,0.000000
121.420045,0.000000
121.422948,0.000000
121.425850,0.000000
121.428753,575.358526
121.431655,575.358526
121.434558,575.358526
121.437460,573.581064
121.440363,573.581064
121.443265,573.581064
121.446168,571.872931
121.449070,571.542699
121.451973,571.542699
121.454875,571.212659
121.457778,571.210022
121.460680,571.210022
121.463583,571.540061
121.466485,571.925408
121.469388,571.595146
121.472290,571.595146
121.475193,571.523022
121.478095,571.523022
121.480998,571.853242
121.483900,571.523022
121.486803,571.476206
121.489705,571.476206
121.492608,571.806399
121.495510,571.647537
121.498413,571.647537
121.501315,571.647537
121.504218,571.647537
121.507120,571.787396
121.510023,571.787396
121.512925,571.787396
121.515828,571.692385
121.518730,571.692385
121.521633,571.362258
121.524535,571.362258
121.527438,571.196345
121.530340,571.526377
121.533243,571.526377
121.536145,571.165607
121.539048,571.165607
121.541950,571.165607
121.544853,570.835784
121.547755,570.776968
121.550658,570.776968
121.553560,570.776968
121.556463,570.981031
121.559365,571.310938
121.562268,571.641035
121.565170,571.689670
121.568073,571.359545
121.570975,571.029610
121.573878,571.029610
121.576780,570.870775
121.579683,570.870775
121.582585,570.870775
121.585488,570.821069
121.588390,570.821069
121.591293,570.821069
121.594195,570.491445
121.597098,570.592665
121.600000,570.592665
121.602902,570.592665
121.605805,570.598359
121.608707,570.268864
121.611610,570.598359
121.614512,570.598359
121.617415,570.410432
121.620317,570.410432
121.623220,570.410432
121.626122,570.227642
121.629025,570.557113
121.631927,570.557113
121.634830,570.557113
121.637732,570.564967
121.640635,570.235491
121.643537,570.235491
121.646440,570.166907
121.649342,570.496344
121.652245,570.166907
121.655147,570.102332
121.658050,569.773123
121.660952,569.773123
121.663855,570.102332
121.666757,570.199375
121.669660,569.870111
121.672562,569.870111
121.675465,569.382062
121.678367,569.053269
121.681270,569.053269
121.684172,568.396253
121.687075,568.212766
121.689977,567.884648
121.692880,567.884648
121.695782,568.109502
121.698685,567.781444
121.701587,568.109502
121.704490,567.453575
121.707392,566.369154
121.710295,565.715237
121.713197,565.715237
121.716100,565.581946
121.719002,568.201538
121.721905,564.928938
121.724807,565.581946
121.727710,568.369154
121.730612,567.712927
121.733515,567.712927
121.736417,490.692419
121.739320,490.692419
121.742222,494.105455
121.745125,496.490271
121.748027,497.926264
121.750930,498.213960
121.753832,498.213960
121.756735,498.396600
121.759637,498.972703
121.762540,499.549472
121.765442,499.249560
121.768345,499.249560
121.771247,499.249560
121.774150,499.249560
121.777052,499.313901
121.779955,499.313901
121.782857,499.313901
121.785760,499.203522
121.788662,499.203522
121.791565,499.491956
121.794467,499.203522
121.797370,498.973053
121.800272,498.684918
121.803175,498.684918
121.806077,498.532457
121.808980,498.532457
121.811882,498.244576
121.814785,498.244576
121.817687,498.098578
121.820590,498.098578
121.823492,498.098578
121.826395,497.965917
121.829297,497.965917
121.832200,497.965917
121.835102,498.525841
121.838005,498.525841
121.840907,498.525841
121.843810,498.525841
121.846712,498.450068
121.849615,498.738068
121.852517,498.738068
121.855420,498.561737
121.858322,498.273840
121.861224,498.273840
121.864127,498.273840
121.867029,498.592752
121.869932,498.592752
121.872834,498.304837
121.875737,498.353845
121.878639,498.353845
121.881542,498.641789
121.884444,498.641789
121.887347,498.386032
121.890249,498.386032
121.893152,498.386032
121.896054,498.272515
121.898957,498.560412
121.901859,498.272515
121.904762,498.272515
121.907664,498.091294
121.910567,498.091294
121.913469,498.091294
121.916372,497.876245
121.919274,497.876245
121.922177,497.876245
121.925079,498.011362
121.927982,497.723783
121.930884,497.723783
121.933787,497.723783
121.936689,497.648747
121.939592,497.648747
121.942494,497.648747
121.945397,497.552635
121.948299,497.552635
121.951202,497.552635
121.954104,497.552635
121.957007,497.419632
121.959909,497.419632
121.962812,497.419632
121.965714,497.368376
121.968617,497.368376
121.971519,497.368376
121.974422,497.368376
121.977324,497.412334
121.980227,497.125100
121.983129,0.000000
121.986032,496.870481
121.988934,496.870481
121.991837,497.157567
121.994739,496.870481
121.997642,496.657697
122.000544,496.657697
122.003447,496.657697
122.006349,496.946332
122.009252,496.659368
122.012154,496.372569
122.015057,496.321067
122.017959,496.321067
122.020862,496.607836
122.023764,496.607836
122.026667,496.429438
122.029569,496.716270
122.032472,496.716270
122.035374,496.766916
122.038277,496.766916
122.041179,496.766916
122.044082,496.766916
122.046984,496.471612
122.049887,496.471612
122.052789,496.471612
122.055692,496.369529
122.058594,496.656326
122.061497,496.943289
122.064399,496.943289
122.067302,496.890019
122.070204,496.890019
122.073107,496.890019
122.076009,496.647882
122.078912,496.934840
122.081814,496.934840
122.084717,497.221964
122.087619,497.311867
122.090522,497.311867
122.093424,497.599209
122.096327,497.632439
122.099229,497.632439
122.102132,497.919965
122.105034,497.951509
122.107937,497.951509
122.110839,497.951509
122.113741,498.239221
122.116644,498.396281
122.119546,498.396281
122.122449,498.108480
122.125351,498.010236
122.128254,498.010236
122.131156,498.297981
122.134059,498.297981
122.136961,498.565658
122.139864,498.565658
122.142766,498.853724
122.145669,498.646205
122.148571,498.646205
122.151474,498.646205
122.154376,498.646205
122.157279,498.878439
122.160181,498.590359
122.163084,498.590359
122.165986,498.546814
122.168889,498.258925
122.171791,498.258925
122.174694,497.971203
122.177596,497.694918
122.180499,497.407521
122.183401,497.407521
122.186304,497.095967
122.189206,496.522031
122.192109,495.948757
122.195011,495.810931
122.197914,495.524622
122.200816,494.952500
122.203719,494.666687
122.206621,494.327189
122.209524,494.041737
122.212426,493.756449
122.215329,493.502013
122.218231,492.932227
122.221134,492.647580
122.224036,492.647580
122.226939,492.561493
122.229841,492.277060
122.232744,492.277060
122.235646,492.423657
122.238549,492.423657
122.241451,492.423657
122.244354,492.708174
122.247256,492.583198
122.250159,492.583198
122.253061,492.583198
122.255964,492.825838
122.258866,493.110588
122.261769,493.680580
122.264671,494.251232
122.267574,494.399295
122.270476,494.684954
122.273379,494.970778
122.276281,495.774879
122.279184,496.634736
122.282086,496.921687
122.284989,496.921687
122.287891,497.510351
122.290794,497.510351
122.293696,497.797808
122.296599,498.203538
122.299501,498.203538
122.302404,498.203538
122.305306,498.684681
122.308209,499.549585
122.311111,500.415989
122.314014,500.994426
122.316916,501.888070
122.319819,501.598252
122.322721,501.308601
122.325624,501.498298
122.328526,501.498298
122.331429,501.498298
122.334331,500.919279
122.337234,500.406413
122.340136,499.251563
122.343039,498.963268
122.345941,498.556106
122.348844,498.268212
122.351746,497.692922
122.354649,497.405526
122.357551,496.884898
122.360454,496.311205
122.363356,495.738175
122.366259,495.228793
122.369161,494.657013
122.372063,494.085893
122.374966,493.230448
122.377868,492.629028
122.380771,492.629028
122.383673,492.344557
122.386576,491.781881
122.389478,491.781881
122.392381,492.350338
122.395283,491.880572
122.398186,491.596533
122.401088,491.312657
122.403991,491.028946
122.406893,491.238655
122.409796,491.522488
122.412698,492.090645
122.415601,491.538783
122.418503,492.391293
122.421406,491.822789
122.424308,492.391293
122.427211,492.982718
122.430113,492.982718
122.433016,493.267558
122.435918,493.442946
122.438821,494.298758
122.441723,494.870125
122.444626,495.442151
122.447528,496.141914
122.450431,496.715410
122.453333,497.002407
122.456236,497.851717
122.459138,497.851717
122.462041,497.851717
122.464943,498.139371
122.467846,498.600489
122.470748,498.600489
122.473651,498.888575
122.476553,498.929291
122.479456,499.506010
122.482358,500.083395
122.485261,500.335273
122.488163,500.913617
122.491066,501.492630
122.493968,501.492630
122.496871,501.112873
122.499773,500.534299
122.502676,501.112873
122.505578,500.428409
122.508481,499.561983
122.511383,498.697058
122.514286,498.697058
122.517188,498.776956
122.520091,498.776956
122.522993,498.201079
122.525896,497.478301
122.528798,497.191029
122.531701,496.903923
122.534603,496.330209
122.537506,495.774642
122.540408,494.916274
122.543311,494.344855
122.546213,493.380750
122.549116,493.380750
122.552018,493.665820
122.554921,493.380750
122.557823,493.229158
122.560726,492.944340
122.563628,492.375197
122.566531,492.899249
122.569433,492.614621
122.572336,492.045859
122.575238,492.901524
122.578141,493.471275
122.581043,494.041685
122.583946,494.327137
122.586848,494.415577
122.589751,494.130073
122.592653,494.130073
122.595556,493.644342
122.598458,494.500504
122.601361,495.072103
122.604263,495.072103
122.607166,495.155392
122.610068,495.727748
122.612971,496.300766
122.615873,496.552348
122.618776,496.839251
122.621678,497.126319
122.624580,497.413554
122.627483,497.790877
122.630385,497.790877
122.633288,498.078496
122.636190,497.584434
122.639093,498.159598
122.641995,498.159598
122.644898,499.023591
122.647800,499.295840
122.650703,500.450792
122.653605,501.318759
122.656508,502.062166
122.659410,502.062166
122.662313,502.352252
122.665215,502.434127
122.668118,502.434127
122.671020,502.143993
122.673923,500.985133
122.676825,500.303528
122.679728,499.725888
122.682630,499.437318
122.685533,498.792068
122.688435,498.504038
122.691338,498.504038
122.694240,498.504038
122.697143,498.040728
122.700045,497.465701
122.702948,496.891338
122.705850,496.805278
122.708753,496.518395
122.711655,496.518395
122.714558,496.231678
122.717460,494.779950
122.720363,494.208688
122.723265,493.923305
122.726168,494.461468
122.729070,494.461468
122.731973,494.175939
122.734875,494.461468
122.737778,493.964356
122.740680,493.679114
122.743583,493.964356
122.746485,494.387613
122.749388,494.673265
122.752290,494.959082
122.755193,494.479719
122.758095,494.479719
122.760998,494.765424
122.763900,495.337330
122.766803,495.560848
122.769705,496.133674
122.772608,495.847178
122.775510,496.050072
122.778413,496.336684
122.781315,496.623462
122.784218,496.910406
122.787120,496.863371
122.790023,497.150453
122.792925,497.150453
122.795828,497.478123
122.798730,496.903745
122.801633,498.053164
122.804535,498.628870
122.807438,499.170096
122.810340,499.170096
122.813243,500.035841
122.816145,500.284264
122.819048,500.284264
122.821950,499.706647
122.824853,500.862549
122.827755,499.141485
122.830658,498.853253
122.833560,499.429884
122.836463,500.159190
122.839365,500.159190
122.842268,501.026652
122.845170,499.461556
122.848073,498.308886
122.850975,495.152744
122.853878,494.010019
122.856780,472.204011
122.859683,473.022988
122.862585,478.242927
122.865488,480.921193
122.868390,0.000000
122.871293,485.106161
122.874195,486.228290
122.877098,487.747447
122.880000,489.440784
122.882902,490.289655
122.885805,491.428598
122.888707,492.565352
122.891610,493.419643
122.894512,494.275415
122.897415,495.427839
122.900317,496.000510
122.903220,495.427839
122.906122,494.701849
122.909025,495.273681
122.911927,496.706155
122.914830,497.855117
122.917732,498.129764
122.920635,498.129764
122.923537,498.417579
122.926440,499.217789
122.929342,499.506232
122.932245,499.794842
122.935147,500.580825
122.938050,501.159453
122.940952,502.028649
122.943855,502.899352
122.946757,503.008938
122.949660,503.008938
122.952562,502.718473
122.955465,502.512969
122.958367,502.803316
122.961270,502.803316
122.964172,502.803316
122.967075,502.476638
122.969977,502.186480
122.972880,502.186480
122.975782,502.162370
122.978685,501.292943
122.981587,500.425020
122.984490,499.270128
122.987392,498.717510
122.990295,499.005663
122.993197,498.429522
122.996100,497.905855
122.999002,497.330984
123.001905,497.043798
123.004807,496.183232
123.007710,495.420071
123.010612,494.562317
123.013515,494.276729
123.016417,494.069374
123.019320,493.498932
123.022222,493.498932
123.025125,493.259125
123.028027,493.259125
123.030930,492.405112
123.033832,492.405112
123.036735,492.896495
123.039637,493.466240
123.042540,493.466240
123.045442,493.194240
123.048345,493.194240
123.051247,493.194240
123.054150,493.479203
123.057052,493.707214
123.059955,494.277897
123.062857,494.563485
123.065760,495.092600
123.068662,495.092600
123.071565,495.092600
123.074467,495.378659
123.077370,495.804062
123.080272,496.663970
123.083175,496.663970
123.086077,497.010097
123.088980,497.872097
123.091882,497.872097
123.094785,498.159762
123.097687,498.615929
123.100590,499.769308
123.103492,499.192285
123.106395,498.969617
123.109297,499.257916
123.112200,499.257916
123.115102,500.076851
123.118005,500.944169
123.120907,500.944169
123.123810,501.233609
123.126712,501.809788
123.129615,501.520015
123.132517,501.520015
123.135420,499.557386
123.138322,498.692468
123.141224,498.116689
123.144127,498.692468
123.147029,499.307347
123.149932,499.595842
123.152834,499.019019
123.155737,499.013399
123.158639,499.013399
123.161542,499.878873
123.164444,496.999782
123.167347,498.544451
123.170249,498.544451
123.173152,497.968842
123.176054,496.941141
123.178957,496.654179
123.181859,496.654179
123.184762,497.515562
123.187664,497.186839
123.190567,496.899736
123.193469,496.612798
123.196372,496.790402
123.199274,496.790402
123.202177,497.077443
123.205079,496.797009
123.207982,497.084053
123.210884,497.946181
123.213787,497.946181
123.216689,497.533904
123.219592,497.533904
123.222494,497.533904
123.225397,497.709245
123.228299,497.421840
123.231202,497.134600
123.234104,497.421840
123.237007,497.759761
123.239909,497.759761
123.242812,498.335128
123.245714,498.461795
123.248617,498.461795
123.251519,498.461795
123.254422,497.598775
123.257324,498.397501
123.260227,498.973605
123.263129,499.550375
123.266032,498.912368
123.268934,498.336335
123.271837,498.048567
123.274739,497.186262
123.277642,497.647826
123.280544,497.360456
123.283447,497.360456
123.286349,497.656761
123.289252,497.944302
123.292154,498.232009
123.295057,498.470027
123.297959,499.046215
123.300862,499.911746
123.303764,499.623069
123.306667,499.313321
123.309569,498.736825
123.312472,498.448827
123.315374,498.145158
123.318277,498.432981
123.321179,0.000000
123.324082,0.000000
123.326984,0.000000
123.329887,0.000000
123.332789,0.000000
123.335692,0.000000
123.338594,0.000000
123.341497,0.000000
123.344399,0.000000
123.347302,0.000000
123.350204,0.000000
123.353107,0.000000
123.356009,0.000000
123.358912,0.000000
123.361814,500.438380
123.364717,496.981599
123.367619,495.233258
123.370522,497.814483
123.373424,497.814483
123.376327,499.881933
123.379229,503.649722
123.382132,508.326010
123.385034,507.446397
123.387937,507.153369
123.390839,509.502338
123.393741,510.091278
123.396644,511.664420
123.399546,513.737451
123.402449,515.521018
123.405351,517.063262
123.408254,519.458130
123.411156,520.960553
123.414059,521.261558
123.416961,521.231688
123.419864,521.231688
123.422766,520.930700
123.425669,520.352594
123.428571,519.451672
123.431474,518.851924
123.434376,517.953601
123.437279,516.822742
123.440181,516.226030
123.443084,515.630006
123.445986,515.003831
123.448889,514.706439
123.451791,514.706439
123.454694,514.706439
123.457596,514.530271
123.460499,514.827562
123.463401,515.422657
123.466304,516.135715
123.469206,516.433933
123.472109,516.732323
123.475011,517.117173
123.477914,518.014046
123.480816,518.612825
123.483719,519.212296
123.486621,520.086851
123.489524,520.688026
123.492426,521.591092
123.495329,521.998466
123.498231,522.903805
123.501134,523.508236
123.504036,523.508236
123.506939,524.140920
123.509841,525.049975
123.512744,524.443763
123.515646,524.655781
123.518549,525.262237
123.521451,526.781447
123.524354,526.477254
123.527256,527.695894
123.530159,529.222143
123.533061,530.752805
123.535964,531.558775
123.538866,531.865904
123.541769,531.865904
123.544671,532.173211
123.547574,531.878215
123.550476,530.650734
123.553379,530.038056
123.556281,530.045134
123.559184,529.127431
123.562086,528.516512
123.564989,527.601456
123.567891,526.806954
123.570794,526.806954
123.573696,526.806954
123.576599,526.261598
123.579501,525.957706
123.582404,525.350446
123.585306,524.945304
123.588209,524.036430
123.591111,522.827047
123.594014,521.620454
123.596916,521.002884
123.599819,519.500339
123.602721,519.200351
123.605624,518.643954
123.608526,518.344460
123.611429,517.447016
123.614331,517.148213
123.617234,516.937874
123.620136,516.937874
123.623039,516.639365
123.625941,517.150402
123.628844,517.449206
123.631746,517.449206
123.634649,518.047332
123.637551,518.498803
123.640454,518.498803
123.643356,518.498803
123.646259,518.977569
123.649161,519.877668
123.652063,520.178048
123.654966,520.779329
123.657868,521.645242
123.660771,522.549968
123.663673,523.153990
123.666576,523.383007
123.669478,524.290747
123.672381,524.896782
123.675283,524.838424
123.678186,525.445092
123.681088,526.052460
123.683991,526.052460
123.686893,525.993747
123.689796,526.906015
123.692698,526.601750
123.695601,526.831950
123.698503,526.831950
123.701406,526.831950
123.704308,527.136348
123.707211,526.656666
123.710113,526.656666
123.713016,526.656666
123.715918,526.397317
123.718821,526.397317
123.721723,526.701463
123.724626,526.701463
123.727528,526.550973
123.730431,526.550973
123.733333,526.550973
123.736236,526.403752
123.739138,526.403752
123.742041,526.099777
123.744943,525.795978
123.747846,525.691889
123.750748,525.995628
123.753651,525.691889
123.756553,525.658123
123.759456,525.354579
123.762358,525.354579
123.765261,525.495351
123.768163,525.495351
123.771066,525.495351
123.773968,525.798977
123.776871,525.653497
123.779773,525.653497
123.782676,525.653497
123.785578,525.549201
123.788481,525.245720
123.791383,525.245720
123.794286,525.245720
123.797188,525.605124
123.800091,525.605124
123.802993,525.605124
123.805896,525.474825
123.808798,525.474825
123.811701,525.171387
123.814603,525.171387
123.817506,525.331870
123.820408,525.331870
123.823311,525.635401
123.826213,525.807552
123.829116,525.807552
123.832018,526.111358
123.834921,525.807552
123.837823,525.567932
123.840726,525.264440
123.843628,525.264440
123.846531,525.456669
123.849433,525.456669
123.852336,524.546910
123.855238,524.410331
123.858141,523.502385
123.861043,522.596010
123.863946,522.294233
123.866848,520.777567
123.869751,521.078467
123.872653,522.887520
123.875556,524.045580
123.878458,523.742967
123.881361,522.836175
123.884263,521.328344
123.887166,528.464711
123.890068,522.394776
123.892971,526.636362
123.895873,593.111409
123.898776,593.111409
123.901678,594.483371
123.904580,594.826858
123.907483,595.066211
123.910385,594.722587
123.913288,595.410034
123.916190,596.269177
123.919093,596.613695
123.921995,596.958412
123.924898,596.613695
123.927800,596.178975
123.930703,595.834708
123.933605,595.490640
123.936508,594.961250
123.939410,593.931153
123.942313,592.902840
123.945215,592.460471
123.948118,592.460471
123.951020,590.751846
123.953923,590.751846
123.956825,591.127063
123.959728,591.127063
123.962630,590.103605
123.965533,590.006176
123.968435,588.984659
123.971338,588.304630
123.974240,586.946927
123.977143,586.138659
123.980045,584.110773
123.982948,584.448266
123.985850,583.057946
123.988753,582.721256
123.991655,583.057946
123.994558,582.384760
123.997460,582.590894
124.000363,582.590894
124.003265,582.590894
124.006168,583.009979
124.009070,583.683888
124.011973,584.696212
124.014875,585.372070
124.017778,585.204503
124.020680,585.542628
124.023583,586.219465
124.026485,587.635625
124.029388,587.296292
124.032290,587.975155
124.035193,589.330904
124.038095,589.671414
124.040998,590.012120
124.043900,590.694122
124.046803,592.008849
124.049705,593.035612
124.052608,594.064155
124.055510,594.380691
124.058413,595.411567
124.061315,597.133669
124.064218,598.169320
124.067120,598.604025
124.070023,599.295959
124.072925,599.642226
124.075828,599.357282
124.078730,599.011180
124.081633,599.357282
124.084535,599.703585
124.087438,600.210409
124.090340,600.210409
124.093243,599.863814
124.096145,599.851903
124.099048,599.851903
124.101950,600.545280
124.104853,599.851903
124.107755,599.305327
124.110658,598.613382
124.113560,597.922236
124.116463,597.259393
124.119365,596.225318
124.122268,594.849335
124.125170,592.915820
124.128073,592.231253
124.130975,591.889265
124.133878,591.547475
124.136780,588.973070
124.139683,588.632964
124.142585,588.632964
124.145488,588.363934
124.148390,588.024179
124.151293,587.684621
124.154195,587.345260
124.157098,586.721763
124.160000,587.060764
124.162902,587.739356
124.165805,587.975434
124.168707,587.635904
124.171610,587.635904
124.174512,587.975434
124.177415,588.368130
124.180317,588.708083
124.183220,588.708083
124.186122,589.143400
124.189025,590.165193
124.191927,590.506185
124.194830,590.506185
124.197732,590.921891
124.200635,591.946769
124.203537,592.631008
124.206440,593.310609
124.209342,592.967999
124.212245,593.310609
124.215147,593.965605
124.218050,594.652178
124.220952,594.995762
124.223855,595.339544
124.226757,595.486945
124.229660,595.831011
124.232562,596.175276
124.235465,596.041123
124.238367,595.352947
124.241270,595.352947
124.244172,595.352947
124.247075,595.371824
124.249977,595.028023
124.252880,595.028023
124.255782,594.567121
124.258685,594.223784
124.261587,594.223784
124.264490,594.223784
124.267392,593.953502
124.270295,593.953502
124.273197,593.953502
124.276100,594.011424
124.279002,594.354638
124.281905,594.354638
124.284807,594.698050
124.287710,594.537397
124.290612,594.194078
124.293515,593.508035
124.296417,593.408370
124.299320,593.408370
124.302222,593.408370
124.305125,593.237283
124.308027,593.237283
124.310930,593.237283
124.313832,592.894715
124.316735,592.451121
124.319637,591.425370
124.322540,592.109006
124.325442,592.510260
124.328345,594.223970
124.331247,595.254575
124.334150,595.598507
124.337052,594.296291
124.339955,594.983246
124.342857,595.327021
124.345760,594.200715
124.348662,0.000000
124.351565,0.000000
124.354467,0.000000
124.357370,784.152214
124.360272,784.152214
124.363175,784.605289
124.366077,785.644354
124.368980,785.644354
124.371882,786.098291
124.374785,786.098291
124.377687,786.424777
124.380590,786.879165
124.383492,787.333816
124.386395,787.346872
124.389297,786.892214
124.392200,786.437819
124.395102,786.050878
124.398005,785.596968
124.400907,784.689935
124.403810,783.783949
124.406712,782.486507
124.409615,781.583065
124.412517,780.680666
124.415420,780.306132
124.418322,779.405208
124.421224,778.055771
124.424127,777.157445
124.427029,775.633520
124.429932,774.290613
124.432834,773.396634
124.435737,773.674122
124.438639,774.121143
124.441542,772.334608
124.444444,772.334608
124.447347,771.817597
124.450249,0.000000
124.453152,773.156215
124.456054,774.063167
124.458957,774.957917
124.461859,775.853701
124.464762,776.750520
124.467664,777.035812
124.470567,777.933998
124.473469,779.283224
124.476372,780.358759
124.479274,781.260786
124.482177,781.712190
124.485079,782.844718
124.487982,783.749619
124.490884,784.202461
124.493787,786.016448
124.496689,786.862700
124.499592,786.862700
124.502494,787.317341
124.505397,787.756827
124.508299,788.667405
124.511202,790.035246
124.514104,791.862725
124.517007,793.007941
124.519909,794.383311
124.522812,793.924589
124.525714,794.389195
124.528617,794.389195
124.531519,794.848185
124.534422,794.848185
124.537324,795.370111
124.540227,794.910820
124.543129,793.534538
124.546032,791.795414
124.548934,790.424525
124.551837,789.968090
124.554739,790.424525
124.557642,790.108655
124.560544,789.652403
124.563447,787.830024
124.566349,787.220817
124.569252,786.311909
124.572154,785.857848
124.575057,785.257250
124.577959,786.164938
124.580862,782.992610
124.583764,781.185601
124.586667,781.158343
124.589569,780.256435
124.592472,779.355568
124.595374,778.985862
124.598277,779.435952
124.601179,779.886302
124.604082,779.435952
124.606984,779.266271
124.609887,780.617807
124.612789,781.068840
124.615692,781.375013
124.618594,781.375013
124.621497,781.375013
124.624399,782.730206
124.627302,782.962537
124.630204,783.414924
124.633107,784.773656
124.636009,785.216039
124.638912,785.216039
124.641814,785.669728
124.644717,785.669728
124.647619,785.615839
124.650522,786.523943
124.653424,786.978388
124.656327,786.957505
124.659229,787.412201
124.662132,786.957505
124.665034,786.666345
124.667937,787.575662
124.670839,788.941610
124.673741,787.120872
124.676644,788.044955
124.679546,784.865039
124.682449,784.865039
124.685351,785.410283
124.688254,785.410283
124.691156,784.503465
124.694059,783.597694
124.696961,783.213314
124.699864,785.025013
124.702766,785.932433
124.705669,785.808079
124.708571,785.808079
124.711474,785.808079
124.714376,785.808079
124.717279,786.677528
124.720181,786.677528
124.723084,786.677528
124.725986,786.779758
124.728889,787.689207
124.731791,787.689207
124.734694,788.599707
124.737596,787.322569
124.740499,786.867925
124.743401,785.051973
124.746304,0.000000
124.749206,0.000000
124.752109,0.000000
124.755011,0.000000
124.757914,0.000000
124.760816,0.000000
124.763719,0.000000
124.766621,0.000000
124.769524,0.000000
124.772426,0.000000
124.775329,786.917221
124.778231,783.289280
124.781134,783.289280
124.784036,782.836965
124.786939,781.639444
124.789841,782.542951
124.792744,783.447503
124.795646,785.167133
124.798549,786.074718
124.801451,787.438062
124.804354,784.260596
124.807256,474.188047
124.810159,476.934991
124.813061,477.486286
124.815964,479.200542
124.818866,479.200542
124.821769,479.200542
124.824671,485.609353
124.827574,489.336128
124.830476,497.027543
124.833379,495.880491
124.836281,496.754685
124.839184,495.322071
124.842086,496.467831
124.844989,497.616242
124.847891,498.586390
124.850794,498.298478
124.853696,497.723153
124.856599,497.134058
124.859501,496.846985
124.862404,496.846985
124.865306,496.139474
124.868209,495.852975
124.871111,495.566642
124.874014,494.994472
124.876916,494.389975
124.879819,493.534004
124.882721,492.964181
124.885624,492.413476
124.888526,491.844946
124.891429,491.277073
124.894331,491.277073
124.897234,491.524031
124.900136,491.240197
124.903039,490.673022
124.905941,490.497887
124.908844,490.497887
124.911746,490.497887
124.914649,491.064860
124.917551,491.229313
124.920454,491.229313
124.923356,491.513140
124.926259,491.774691
124.929161,492.343140
124.932063,492.912246
124.934966,493.482009
124.937868,494.083853
124.940771,494.654971
124.943673,494.940777
124.946576,495.818063
124.949478,496.391185
124.952381,497.826891
124.955283,498.811795
124.958186,498.235877
124.961088,498.523753
124.963991,498.523753
124.966893,500.067192
124.969796,500.645226
124.972698,501.223928
124.975601,500.757415
124.978503,500.757415
124.981406,501.046747
124.984308,500.468250
124.987211,500.597735
124.990113,500.019756
124.993016,500.886975
124.995918,500.096417
124.998821,499.230567
125.001723,499.230567
125.004626,498.942283
125.007528,498.826923
125.010431,498.826923
125.013333,498.538872
125.016236,498.172683
125.019138,498.460522
125.022041,497.885010
125.024943,497.597503
125.027846,497.366727
125.030748,497.654101
125.033651,497.654101
125.036553,497.311934
125.039456,496.164226
125.042358,495.019166
125.045261,493.502431
125.048163,490.660066
125.051066,489.245028
125.053968,490.093560
125.056871,440.808980
125.059773,441.318517
125.062676,440.808980
125.065578,441.987099
125.068481,442.753668
125.071383,443.009486
125.074286,442.753668
125.077188,442.322857
125.080091,442.067435
125.082993,442.067435
125.085896,443.065464
125.088798,442.809613
125.091701,442.809613
125.094603,442.809613
125.097506,442.438615
125.100408,442.183127
125.103311,442.950036
125.106213,442.893271
125.109116,442.893271
125.112018,442.893271
125.114921,442.637519
125.117823,442.876335
125.120726,442.876335
125.123628,442.876335
125.126531,442.713359
125.129433,442.713359
125.132336,442.969154
125.135238,443.289096
125.138141,443.289096
125.141043,443.289096
125.143946,443.289096
125.146848,443.101828
125.149751,443.101828
125.152653,443.357847
125.155556,443.437877
125.158458,443.437877
125.161361,443.437877
125.164263,443.437877
125.167166,443.399751
125.170068,443.399751
125.172971,443.399751
125.175873,443.441973
125.178776,443.441973
125.181678,443.185905
125.184580,443.185905
125.187483,443.426216
125.190385,443.426216
125.193288,443.170157
125.196190,443.015476
125.199093,442.759654
125.201995,443.015476
125.204898,443.015476
125.207800,442.970601
125.210703,443.226545
125.213605,443.226545
125.216508,443.383827
125.219410,443.127793
125.222313,443.383827
125.225215,443.558729
125.228118,443.558729
125.231020,443.558729
125.233923,443.558729
125.236825,443.440127
125.239728,443.184060
125.242630,443.184060
125.245533,443.451082
125.248435,443.451082
125.251338,443.195009
125.254240,443.195009
125.257143,442.864647
125.260045,443.376560
125.262948,444.145539
125.265850,444.386016
125.268753,446.702218
125.271655,443.872937
125.274558,443.872937
125.277460,441.600855
125.280363,442.366755
125.283265,443.390020
125.286168,443.934161
125.289070,444.961052
125.291973,442.142800
125.294875,442.653878
125.297778,490.629278
125.300680,492.048319
125.303583,495.470786
125.306485,497.319736
125.309388,497.607082
125.312290,498.470117
125.315193,498.862971
125.318095,498.862971
125.320998,498.286995
125.323900,497.137037
125.326803,496.657362
125.329705,496.370564
125.332608,496.657362
125.335510,496.395116
125.338413,496.108470
125.341315,496.108470
125.344218,496.108470
125.347120,496.081301
125.350023,496.081301
125.352925,496.367932
125.355828,496.545548
125.358730,497.119511
125.361633,497.119511
125.364535,497.119511
125.367438,497.141135
125.370340,497.715787
125.373243,498.291103
125.376145,498.827049
125.379048,499.115266
125.381950,499.403649
125.384853,499.692199
125.387755,499.889735
125.390658,500.178566
125.393560,500.178566
125.396463,500.438339
125.399365,500.727487
125.402268,500.727487
125.405170,500.496924
125.408073,500.786106
125.410975,500.786106
125.413878,500.786106
125.416780,500.913275
125.419683,501.202698
125.422585,500.913275
125.425488,501.239333
125.428390,500.949890
125.431293,500.949890
125.434195,500.660613
125.437098,499.706455
125.440000,499.706455
125.442902,499.995180
125.445805,499.805662
125.448707,500.094445
125.451610,499.805662
125.454512,500.383394
125.457415,499.439479
125.460317,499.728050
125.463220,500.305692
125.466122,501.581074
125.469025,502.741312
125.471927,502.160858
125.474830,501.001960
125.477732,500.244739
125.480635,501.981463
125.483537,499.667168
125.486440,499.225809
125.489342,497.498619
125.492245,496.637266
125.495147,501.933771
125.498050,501.933771
125.500952,501.933771
125.503855,501.933771
125.506757,514.002912
125.509660,517.279206
125.512562,519.374986
125.515465,523.971917
125.518367,523.971917
125.521270,522.460810
125.524172,523.064729
125.527075,523.303739
125.529977,523.303739
125.532880,523.606099
125.535782,524.025598
125.538685,523.722996
125.541587,523.722996
125.544490,523.722996
125.547392,523.488774
125.550295,524.093882
125.553197,524.093882
125.556100,523.866686
125.559002,523.866686
125.561905,524.169371
125.564807,523.866686
125.567710,523.904262
125.570612,523.904262
125.573515,523.904262
125.576417,523.733527
125.579320,523.733527
125.582222,523.733527
125.585125,524.216767
125.588027,524.216767
125.590930,523.914055
125.593832,523.914055
125.596735,523.596408
125.599637,523.898936
125.602540,523.898936
125.605442,523.884374
125.608345,523.581854
125.611247,523.581854
125.614150,523.581854
125.617052,523.853673
125.619955,523.551170
125.622857,523.551170
125.625760,523.645815
125.628662,523.645815
125.631565,523.343433
125.634467,523.343433
125.637370,523.480045
125.640272,523.177758
125.643175,523.480045
125.646077,523.493392
125.648980,523.493392
125.651882,523.191098
125.654785,522.888978
125.657687,523.185575
125.660590,523.185575
125.663492,523.185575
125.666395,522.867521
125.669297,522.867521
125.672200,522.867521
125.675102,522.818742
125.678005,522.818742
125.680907,522.818742
125.683810,523.120822
125.686712,522.974925
125.689615,522.672931
125.692517,522.974925
125.695420,523.178124
125.698322,523.178124
125.701224,523.178124
125.704127,522.876011
125.707029,521.389314
125.709932,521.389314
125.712834,521.088234
125.715737,521.834858
125.718639,522.438054
125.721542,519.729153
125.724444,521.834858
125.727347,523.185789
125.730249,523.790546
125.733152,522.581730
125.736054,587.271460
125.738957,584.563950
125.741859,586.593409
125.744762,588.290006
125.747664,590.155223
125.750567,590.496208
125.753469,591.178770
125.756372,591.517979
125.759274,592.201722
125.762177,592.543890
125.765079,592.607182
125.767982,593.292184
125.770884,593.977978
125.773787,593.977978
125.776689,594.501651
125.779592,594.501651
125.782494,594.501651
125.785397,593.935022
125.788299,593.592051
125.791202,593.249277
125.794104,593.249277
125.797007,592.465212
125.799909,591.781165
125.802812,590.756574
125.805714,590.934753
125.808617,590.252473
125.811519,589.230529
125.814422,589.230529
125.817324,588.514937
125.820227,587.835450
125.823129,586.817691
125.826032,586.094155
125.828934,585.755712
125.831837,585.417464
125.834739,584.403891
125.837642,583.990596
125.840544,584.665638
125.843447,585.003452
125.846349,585.636256
125.849252,584.960093
125.852154,584.960093
125.855057,584.899595
125.857959,584.899595
125.860862,585.575688
125.863764,586.252563
125.866667,586.657194
125.869569,587.335319
125.872472,587.674675
125.875374,588.217428
125.878277,589.578071
125.881179,590.600617
125.884082,591.624937
125.886984,592.621971
125.889887,593.649797
125.892789,594.679405
125.895692,594.838568
125.898594,595.870238
125.901497,597.593666
125.904399,599.322079
125.907302,599.946201
125.910204,600.292844
125.913107,600.639687
125.916009,601.223953
125.918912,601.571334
125.921814,601.571334
125.924717,601.571334
125.927619,601.807584
125.930522,602.155302
125.933424,602.155302
125.936327,601.961531
125.939229,601.613925
125.942132,601.266520
125.945034,601.445736
125.947937,601.098428
125.950839,600.057706
125.953741,600.057706
125.956644,599.497751
125.959546,598.459800
125.962449,597.423646
125.965351,595.998471
125.968254,594.966579
125.971156,593.936473
125.974059,592.908151
125.976961,592.549069
125.979864,592.206898
125.982766,591.523149
125.985669,589.891197
125.988571,588.869879
125.991474,588.529832
125.994376,588.189982
125.997279,585.114039
126.000181,584.438479
126.003084,584.776161
126.005986,585.027493
126.008889,585.365516
126.011791,584.689666
126.014694,584.689666
126.017596,584.904497
126.020499,585.242448
126.023401,585.580595
126.026304,585.625497
126.029206,586.980144
126.032109,587.319295
126.035011,587.907072
126.037914,588.586641
126.040816,589.266996
126.043719,590.630066
126.046621,592.152506
126.049524,593.179517
126.052426,593.522250
126.055329,593.608488
126.058231,594.294648
126.061134,595.669348
126.064036,596.357889
126.066939,598.099271
126.069841,599.482771
126.072744,600.522497
126.075646,600.921370
126.078549,601.268576
126.081451,601.615983
126.084354,601.963590
126.087256,602.862597
126.090159,603.559453
126.093061,603.559453
126.095964,603.503770
126.098866,603.155273
126.101769,602.458883
126.104671,602.110990
126.107574,601.488111
126.110476,601.488111
126.113379,601.488111
126.116281,601.085073
126.119184,601.085073
126.122086,600.737973
126.124989,599.697875
126.127891,598.516923
126.130794,598.516923
126.133696,597.480670
126.136599,597.511182
126.139501,596.476671
126.142404,594.069771
126.145306,592.460380
126.148209,592.118260
126.151111,591.093086
126.154014,589.388405
126.156916,588.625196
126.159819,586.588707
126.162721,585.234964
126.165624,585.487247
126.168526,584.811256
126.171429,583.461615
126.174331,583.798733
126.177234,584.461395
126.180136,584.461395
126.183039,584.123894
126.185941,584.153068
126.188844,585.504308
126.191746,585.842606
126.194649,586.181100
126.197551,586.792342
126.200454,587.131384
126.203356,589.169757
126.206259,589.035761
126.209161,589.035761
126.212063,590.057367
126.214966,591.763983
126.217868,593.454621
126.220771,595.171063
126.223673,595.859029
126.226576,596.719716
126.229478,598.100025
126.232381,599.483527
126.235283,600.507751
126.238186,601.549254
126.241088,602.244592
126.243991,602.940735
126.246893,603.169773
126.249796,603.169773
126.252698,603.518278
126.255601,603.522130
126.258503,603.522130
126.261406,603.870838
126.264308,604.219749
126.267211,603.736217
126.270113,603.039157
126.273016,602.342901
126.275918,602.588295
126.278821,602.588295
126.281723,602.240327
126.284626,602.588295
126.287528,602.736346
126.290431,602.040439
126.293333,601.345336
126.296236,600.082546
126.299138,599.043583
126.302041,597.661096
126.304943,596.971050
126.307846,596.066721
126.310748,594.691104
126.313651,592.633629
126.316553,592.308802
126.319456,591.966770
126.322358,590.941858
126.325261,589.377280
126.328163,588.356852
126.331066,586.999028
126.333968,585.982717
126.336871,585.974007
126.339773,586.312577
126.342676,586.312577
126.345578,587.193353
126.348481,586.854274
126.351383,587.193353
126.354286,587.532627
126.357188,588.066102
126.360091,589.086026
126.362993,589.426394
126.365896,589.670682
126.368798,590.693389
126.371701,591.376179
126.374603,592.059758
126.377506,593.276371
126.380408,593.619160
126.383311,593.962147
126.386213,594.852351
126.389116,595.539949
126.392018,596.917529
126.394921,598.643986
126.397823,599.486551
126.400726,599.832928
126.403628,600.179505
126.406531,601.423658
126.409433,602.118851
126.412336,602.466749
126.415238,602.685226
126.418141,603.033451
126.421043,603.033451
126.423946,603.033451
126.426848,603.482842
126.429751,602.786074
126.432653,602.786074
126.435556,602.864064
126.438458,602.515936
126.441361,602.168010
126.444263,601.820285
126.447166,601.749766
126.450068,601.402282
126.452971,601.402282
126.455873,601.284505
126.458776,600.937290
126.461678,599.896847
126.464580,599.204219
126.467483,598.496814
126.470385,597.805803
126.473288,596.770781
126.476190,596.453440
126.479093,595.420760
126.481995,595.764788
126.484898,595.764788
126.487800,594.189091
126.490703,593.503053
126.493605,594.189091
126.496508,591.418250
126.499410,591.759965
126.502313,592.443988
126.505215,593.624032
126.508118,592.254052
126.511020,591.912052
126.513923,592.596251
126.516825,592.822317
126.519728,592.137858
126.522630,592.479989
126.525533,593.673555
126.528435,594.016573
126.531338,594.703205
126.534240,593.673555
126.537143,593.906374
126.540045,594.249526
126.542948,594.249526
126.545850,594.914411
126.548753,594.227535
126.551655,597.324733
126.554558,597.324733
126.557460,594.797224
126.560363,594.110484
126.563265,593.767412
126.566168,595.710829
126.569070,595.366833
126.571973,595.710829
126.574875,594.679435
126.577778,594.616754
126.580680,595.304079
126.583583,595.648040
126.586485,595.114210
126.589388,595.802110
126.592290,595.458061
126.595193,595.778028
126.598095,595.778028
126.600998,594.746518
126.603900,594.403078
126.606803,595.193961
126.609705,595.881954
126.612608,595.537858
126.615510,595.706774
126.618413,596.050967
126.621315,597.084740
126.624218,596.739950
126.627120,596.869290
126.630023,596.869290
126.632925,596.524624
126.635828,595.556859
126.638730,596.245271
126.641633,596.589775
126.644535,0.000000
126.647438,0.000000
126.650340,0.000000
126.653243,0.000000
126.656145,0.000000
126.659048,0.000000
126.661950,0.000000
126.664853,0.000000
126.667755,0.000000
126.670658,0.000000
126.673560,0.000000
126.676463,0.000000
126.679365,594.783756
126.682268,593.753967
126.685170,790.270720
126.688073,791.184204
126.690975,791.641342
126.693878,792.556411
126.696780,793.155797
126.699683,793.155797
126.702585,792.697784
126.705488,792.598676
126.708390,792.140985
126.711293,791.226396
126.714195,790.769498
126.717098,790.627194
126.720000,790.170642
126.722902,789.714353
126.725805,788.560463
126.728707,787.650008
126.731610,787.195175
126.734512,785.832251
126.737415,784.407580
126.740317,782.597306
126.743220,782.597306
126.746122,780.741388
126.749025,779.389638
126.751927,778.489771
126.754830,777.141919
126.757732,774.841333
126.760635,773.499798
126.763537,772.606732
126.766440,772.176393
126.769342,772.622548
126.772245,773.068961
126.775147,772.537244
126.778050,772.537244
126.780952,773.430230
126.783855,774.324248
126.786757,775.293273
126.789660,776.189444
126.792562,777.535644
126.795465,779.172790
126.798367,780.524164
126.801270,781.877882
126.804172,782.781665
126.807075,783.964148
126.809977,785.323832
126.812880,787.140413
126.815782,788.742133
126.818685,789.197860
126.821587,789.197860
126.824490,790.566622
126.827392,794.318582
126.830295,795.236745
126.833197,797.076256
126.836100,801.715317
126.839002,802.178540
126.841905,803.105788
126.844807,804.034108
126.847710,804.174666
126.850612,804.174666
126.853515,804.174666
126.856417,803.960760
126.859320,803.032524
126.862222,802.105360
126.865125,800.773187
126.868027,799.386755
126.870930,796.161073
126.873832,796.621087
126.876735,795.261687
126.879637,795.261687
126.882540,793.426364
126.885442,791.409287
126.888345,790.952283
126.891247,788.671219
126.894150,787.760637
126.897052,785.351834
126.899955,783.086921
126.902857,781.731110
126.905760,780.928923
126.908662,779.576848
126.911565,779.126677
126.914467,778.676765
126.917370,777.223177
126.920272,775.429483
126.923175,775.877518
126.926077,775.562550
126.928980,776.459033
126.931882,776.907663
126.934785,776.907663
126.937687,777.545953
126.940590,777.995211
126.943492,778.444729
126.946395,779.585010
126.949297,780.486142
126.952200,781.839794
126.955102,782.682850
126.958005,784.493322
126.960907,786.762302
126.963810,787.671731
126.966712,788.448992
126.969615,788.904549
126.972517,789.360370
126.975420,790.726956
126.978322,791.640967
126.981224,792.098369
126.984127,792.556035
126.987029,792.903100
126.989932,792.903100
126.992834,793.361231
126.995737,793.897666
126.998639,794.356371
127.001542,794.815342
127.004444,794.815342
127.007347,0.000000
127.010249,0.000000
127.013152,0.000000
127.016054,0.000000
127.018957,0.000000
127.021859,0.000000
127.024762,0.000000
127.027664,792.392765
127.030567,791.935193
127.033469,791.020842
127.036372,790.626170
127.039274,789.713330
127.042177,788.801544
127.045079,788.236102
127.047982,787.326022
127.050884,787.326022
127.053787,787.326022
127.056689,786.844821
127.059592,787.299452
127.062494,787.299452
127.065397,787.986690
127.068299,787.986690
127.071202,787.986690
127.074104,787.986690
127.077007,788.553940
127.079909,789.465440
127.082812,789.465440
127.085714,789.733553
127.088617,790.189853
127.091519,790.646417
127.094422,791.103244
127.097324,791.261395
127.100227,791.718577
127.103129,791.718577
127.106032,791.760004
127.108934,791.302797
127.111837,790.845855
127.114739,790.389176
127.117642,789.623286
127.120544,788.711604
127.123447,787.800975
127.126349,785.735100
127.129252,785.281373
127.132154,786.189089
127.135057,788.441173
127.137959,789.808622
127.140862,792.550639
127.143764,788.441173
127.146667,765.439842
127.149569,760.152563
127.152472,760.152563
127.155374,757.901272
127.158277,757.463618
127.161179,757.026216
127.164082,757.463618
127.166984,757.706671
127.169887,758.144466
127.172789,758.582514
127.175692,758.846860
127.178594,758.846860
127.181497,758.846860
127.184399,758.846860
127.187302,759.015877
127.190204,759.015877
127.193107,759.015877
127.196009,758.716370
127.198912,758.716370
127.201814,758.716370
127.204717,759.154748
127.207619,759.244797
127.210522,759.244797
127.213424,759.244797
127.216327,759.604770
127.219229,760.043662
127.222132,760.043662
127.225034,760.711713
127.227937,760.272436
127.230839,760.711713
127.233741,761.151244
127.236644,760.994758
127.239546,760.994758
127.242449,760.994758
127.245351,761.165311
127.248254,761.165311
127.251156,761.165311
127.254059,761.165311
127.256961,761.063975
127.259864,761.063975
127.262766,760.624494
127.265669,760.587337
127.268571,760.587337
127.271474,760.587337
127.274376,760.587337
127.277279,760.393690
127.280181,759.954596
127.283084,759.515756
127.285986,759.245121
127.288889,759.683805
127.291791,760.122742
127.294694,760.122742
127.297596,759.158199
127.300499,0.000000
127.303401,757.843818
127.306304,763.582925
127.309206,763.582925
127.312109,770.227611
127.315011,761.023929
127.317914,761.023929
127.320816,761.463641
127.323719,761.463641
127.326621,765.827269
127.329524,770.708711
127.332426,774.725753
127.335329,776.061333
127.338231,768.922044
127.341134,774.270320
127.344036,773.823213
127.346939,662.335324
127.349841,663.867413
127.352744,663.484059
127.355646,663.827069
127.358549,664.978391
127.361451,665.747048
127.364354,665.747048
127.367256,665.768824
127.370159,666.538395
127.373061,666.923514
127.375964,667.079586
127.378866,667.079586
127.381769,666.694377
127.384671,666.694377
127.387574,666.851939
127.390476,666.851939
127.393379,666.851939
127.396281,667.026711
127.399184,667.026711
127.402086,0.000000
127.404989,0.000000
127.407891,0.000000
127.410794,0.000000
127.413696,0.000000
127.416599,0.000000
127.419501,0.000000
127.422404,0.000000
127.425306,0.000000
127.428209,0.000000
127.431111,0.000000
127.434014,0.000000
127.436916,0.000000
127.439819,0.000000
127.442721,0.000000
127.445624,0.000000
127.448526,0.000000
127.451429,0.000000
127.454331,0.000000
127.457234,0.000000
127.460136,0.000000
127.463039,0.000000
127.465941,0.000000
127.468844,667.153902
127.471746,667.539377
127.474649,667.539377
127.477551,667.594454
127.480454,667.594454
127.483356,667.594454
127.486259,667.668319
127.489161,667.668319
127.492063,667.282770
127.494966,667.282770
127.497868,667.261840
127.500771,667.261840
127.503673,667.261840
127.506576,667.562203
127.509478,667.562203
127.512381,667.562203
127.515283,667.441062
127.518186,667.441062
127.521088,667.441062
127.523991,667.441062
127.526893,667.400147
127.529796,667.400147
127.532698,667.400147
127.535601,667.907758
127.538503,667.907758
127.541406,667.907758
127.544308,668.293668
127.547211,668.165871
127.550113,667.780035
127.553016,666.623862
127.555918,666.130850
127.558821,666.515733
127.561723,668.057492
127.564626,669.602817
127.567528,668.718899
127.570431,666.020488
127.573333,665.635891
127.576236,598.740334
127.579138,599.086280
127.582041,599.778771
127.584943,600.472063
127.587846,600.153736
127.590748,600.153736
127.593651,600.153736
127.596553,600.112284
127.599456,600.112284
127.602358,600.112284
127.605261,599.473847
127.608163,599.127677
127.611066,598.781707
127.613968,598.781707
127.616871,597.711031
127.619773,596.676173
127.622676,595.987264
127.625578,595.707091
127.628481,595.019300
127.631383,593.646101
127.634286,592.618281
127.637188,591.632391
127.640091,590.608058
127.642993,589.585498
127.645896,589.208299
127.648798,588.188163
127.651701,588.188163
127.654603,587.169793
127.657506,582.380281
127.660408,581.707877
127.663311,582.043982
127.666213,583.719623
127.669116,583.045673
127.672018,585.407909
127.674921,582.036207
127.677823,583.425163
127.680726,583.425163
127.683628,584.774720
127.686531,585.020339
127.689433,585.696571
127.692336,586.712386
127.695238,587.170067
127.698141,588.188437
127.701043,587.848784
127.703946,588.188437
127.706848,589.229457
127.709751,592.300603
127.712653,593.327872
127.715556,594.895102
127.718458,596.960428
127.721361,598.341294
127.724263,599.379039
127.727166,600.468008
127.730068,601.509442
127.732971,601.856988
127.735873,602.045680
127.738776,602.393536
127.741678,602.393536
127.744580,603.089850
127.747483,603.166779
127.750385,602.818477
127.753288,603.166779
127.756190,603.296705
127.759093,602.948328
127.761995,602.948328
127.764898,602.948328
127.767800,602.475785
127.770703,601.780180
127.773605,601.085377
127.776508,600.641391
127.779410,599.947904
127.782313,598.217686
127.785215,596.551688
127.788118,595.174952
127.791020,594.487776
127.793923,594.144485
127.796825,593.065917
127.799728,592.039102
127.802630,590.672780
127.805533,589.925638
127.808435,589.584982
127.811338,588.904260
127.814240,588.224324
127.817143,588.523468
127.820045,589.203750
127.822948,588.863511
127.825850,588.189561
127.828753,587.849908
127.831655,588.529411
127.834558,589.209700
127.837460,589.569346
127.840363,589.569346
127.843265,590.591878
127.846168,591.524304
127.849070,592.208055
127.851973,591.866081
127.854875,592.208055
127.857778,593.391809
127.860680,595.795962
127.863583,595.795962
127.866485,596.089813
127.869388,596.434227
127.872290,597.468665
127.875193,598.339607
127.878095,597.648777
127.880998,597.994092
127.883900,597.648777
127.886803,598.622863
127.889705,597.586427
127.892608,597.241347
127.895510,598.133963
127.898413,598.479559
127.901315,597.788567
127.904218,598.133963
127.907120,596.900570
127.910023,597.245453
127.912925,598.281298
127.915828,597.828995
127.918730,597.828995
127.921633,598.520033
127.924535,599.558088
127.927438,599.138937
127.930340,598.447185
127.933243,597.756231
127.936145,598.749617
127.939048,598.058314
127.941950,597.367809
127.944853,597.712962
127.947755,596.816504
127.950658,596.816504
127.953560,596.471869
127.956463,594.869042
127.959365,594.525532
127.962268,593.496190
127.965170,591.015986
127.968073,589.992720
127.970975,588.631121
127.973878,595.126827
127.976780,595.864259
127.979683,595.520174
127.982585,594.832599
127.985488,587.985300
127.988390,587.645764
127.991293,585.951025
127.994195,0.000000
127.997098,510.105349
128.000000,510.400083
128.002902,513.950196
128.005805,515.979727
128.008707,518.669086
128.011610,521.071392
128.014512,521.372461
128.017415,523.545208
128.020317,523.545208
128.023220,523.242884
128.026122,523.153297
128.029025,523.153297
128.031927,523.455570
128.034830,523.758017
128.037732,523.316742
128.040635,523.316742
128.043537,523.316742
128.046440,523.938122
128.049342,523.635571
128.052245,523.635571
128.055147,523.353276
128.058050,523.655664
128.060952,523.655664
128.063855,523.958227
128.066757,524.013978
128.069660,524.013978
128.072562,524.013978
128.075465,524.154724
128.078367,524.457575
128.081270,524.154724
128.084172,524.154724
128.087075,524.443118
128.089977,524.443118
128.092880,524.746136
128.095782,524.791364
128.098685,525.094583
128.101587,525.094583
128.104490,525.397977
128.107392,525.149669
128.110295,525.149669
128.113197,525.149669
128.116100,525.427894
128.119002,525.427894
128.121905,525.427894
128.124807,525.731481
128.127710,525.991326
128.130612,525.687589
128.133515,525.687589
128.136417,525.831211
128.139320,525.831211
128.142222,525.831211
128.145125,525.650137
128.148027,525.346598
128.150930,525.346598
128.153832,524.740044
128.156735,524.288865
128.159637,524.288865
128.162540,523.986111
128.165442,522.767415
128.168345,522.465540
128.171247,520.657946
128.174150,519.756496
128.177052,522.625848
128.179955,522.927815
128.182857,524.440273
128.185760,524.050545
128.188662,523.143221
128.191565,522.539211
128.194467,524.353336
128.197370,526.956262
128.200272,523.618676
128.203175,528.175197
128.206077,488.337368
128.208980,488.337368
128.211882,488.337368
128.214785,493.441200
128.217687,496.926513
128.220590,498.075984
128.223492,498.651717
128.226395,499.556101
128.229297,500.422516
128.232200,500.133544
128.235102,499.940680
128.238005,499.651986
128.240907,499.363459
128.243810,499.363459
128.246712,499.192444
128.249615,499.480872
128.252517,499.480872
128.255420,499.541483
128.258322,499.830113
128.261224,499.830113
128.264127,499.830113
128.267029,499.861572
128.269932,499.861572
128.272834,499.861572
128.275737,500.130546
128.278639,500.130546
128.281542,500.130546
128.284444,500.130546
128.287347,500.166342
128.290249,0.000000
128.293152,0.000000
128.296054,0.000000
128.298957,0.000000
128.301859,0.000000
128.304762,0.000000
128.307664,0.000000
128.310567,0.000000
128.313469,0.000000
128.316372,0.000000
128.319274,0.000000
128.322177,0.000000
128.325079,0.000000
128.327982,0.000000
128.330884,0.000000
128.333787,0.000000
128.336689,0.000000
128.339592,0.000000
128.342494,0.000000
128.345397,0.000000
128.348299,0.000000
128.351202,499.800210
128.354104,499.800210
128.357007,500.061783
128.359909,500.061783
128.362812,499.773019
128.365714,499.915287
128.368617,499.915287
128.371519,499.626608
128.374422,499.626608
128.377324,499.656736
128.380227,499.656736
128.383129,499.945433
128.386032,499.814719
128.388934,499.814719
128.391837,499.526098
128.394739,498.373280
128.397642,498.483388
128.400544,499.347942
128.403447,499.636460
128.406349,499.947588
128.409252,501.104048
128.412154,501.393580
128.415057,492.369168
128.417959,499.242386
128.420862,492.369168
128.423764,492.653654
128.426667,497.528214
128.429569,498.679077
128.432472,498.967209
128.435374,498.944386
128.438277,499.521122
128.441179,499.521122
128.444082,498.944386
128.446984,497.867905
128.449887,497.293077
128.452789,496.718914
128.455692,496.027112
128.458594,495.740678
128.461497,495.168306
128.464399,494.310988
128.467302,494.259112
128.470204,493.973699
128.473107,493.118449
128.476009,492.799997
128.478912,492.799997
128.481814,492.515427
128.484717,491.946779
128.487619,491.536768
128.490522,491.252927
128.493424,490.969250
128.496327,490.998991
128.499229,490.998991
128.502132,491.282685
128.505034,491.737133
128.507937,492.021254
128.510839,492.021254
128.513741,492.021254
128.516644,492.658144
128.519546,493.512595
128.522449,493.512595
128.525351,494.729888
128.528254,495.301753
128.531156,496.447466
128.534059,497.308490
128.536961,498.777760
128.539864,500.220368
128.542766,501.087936
128.545669,501.993666
128.548571,503.736462
128.551474,503.736462
128.554376,503.445576
128.557279,503.560778
128.560181,503.851730
128.563084,504.142850
128.565986,503.989850
128.568889,503.989850
128.571791,503.407954
128.574694,503.407954
128.577596,503.368155
128.580499,503.368155
128.583401,503.368155
128.586304,503.312150
128.589206,501.860625
128.592109,500.991720
128.595011,500.013855
128.597914,499.725119
128.600816,499.148148
128.603719,498.571842
128.606621,497.745804
128.609524,495.737303
128.612426,494.307623
128.615329,493.728599
128.618231,493.443493
128.621134,493.158551
128.624036,492.304713
128.626939,491.175268
128.629841,490.891636
128.632744,491.175268
128.635646,490.750057
128.638549,490.466670
128.641451,490.466670
128.644354,490.466670
128.647256,490.816502
128.650159,491.667759
128.653061,491.667759
128.655964,491.194301
128.658866,491.762079
128.661769,492.046214
128.664671,492.614977
128.667574,493.118875
128.670476,493.403794
128.673379,493.974126
128.676281,494.803046
128.679184,495.374996
128.682086,495.661218
128.684989,496.234159
128.687891,497.187432
128.690794,498.625441
128.693696,499.201808
128.696599,499.208204
128.699501,499.208204
128.702404,499.208204
128.705306,499.868921
128.708209,499.868921
128.711111,500.446726
128.714014,500.446726
128.716916,500.417043
128.719819,500.417043
128.722721,500.417043
128.725624,500.315594
128.728526,500.026684
128.731429,500.026684
128.734331,499.449364
128.737234,499.197048
128.740136,499.197048
128.743039,498.908783
128.745941,498.648732
128.748844,498.360785
128.751746,497.210656
128.754649,496.349802
128.757551,496.421007
128.760454,496.134345
128.763356,495.561520
128.766259,495.018797
128.769161,494.732946
128.772063,494.447259
128.774966,494.447259
128.777868,494.235173
128.780771,494.520737
128.783673,494.235173
128.786576,493.890237
128.789478,493.890237
128.792381,493.605037
128.795283,493.707052
128.798186,493.707052
128.801088,493.707052
128.803991,493.707052
128.806893,494.154794
128.809796,494.440312
128.812698,494.440312
128.815601,493.948435
128.818503,491.387256
128.821406,493.093229
128.824308,493.948435
128.827211,495.273930
128.830113,494.702098
128.833016,493.560413
128.835918,493.682710
128.838821,495.110582
128.841723,494.824678
128.844626,493.682710
128.847528,495.234096
128.850431,496.666455
128.853333,497.240558
128.856236,439.932642
128.859138,438.157427
128.862041,440.441165
128.864943,443.248572
128.867846,442.551004
128.870748,443.318551
128.873651,443.062554
128.876553,442.814856
128.879456,443.070709
128.882358,443.582860
128.885261,443.255610
128.888163,442.999649
128.891066,442.743837
128.893968,443.255610
128.896871,443.592854
128.899773,443.849157
128.902676,443.592854
128.905578,443.411857
128.908481,443.411857
128.911383,443.411857
128.914286,443.411857
128.917188,443.351193
128.920091,443.351193
128.922993,443.351193
128.925896,443.656119
128.928798,443.399927
128.931701,443.399927
128.934603,443.399927
128.937506,443.231532
128.940408,443.231532
128.943311,443.231532
128.946213,443.574325
128.949116,443.318181
128.952018,443.062184
128.954921,443.318181
128.957823,443.596305
128.960726,443.084139
128.963628,443.084139
128.966531,443.439975
128.969433,443.439975
128.972336,443.183908
128.975238,443.152870
128.978141,443.408919
128.981043,443.152870
128.983946,443.408919
128.986848,443.681211
128.989751,443.681211
128.992653,443.681211
128.995556,443.745999
128.998458,443.233659
129.001361,443.233659
129.004263,443.233659
129.007166,443.570814
129.010068,443.314671
129.012971,443.570814
129.015873,443.785876
129.018776,443.273491
129.021678,442.761697
129.024580,443.785876
129.027483,444.465728
129.030385,443.439980
129.033288,442.927993
129.036190,442.824398
129.039093,442.313123
129.041995,443.592420
129.044898,444.361773
129.047800,440.627333
129.050703,442.923944
129.053605,442.668175
129.056508,397.955954
129.059410,394.978857
129.062313,394.978857
129.065215,392.362569
129.068118,389.877459
129.071020,391.683245
129.073923,392.135996
129.076825,393.153621
129.079728,393.153621
129.082630,393.153621
129.085533,393.240183
129.088435,392.786157
129.091338,392.559340
129.094240,393.013104
129.097143,392.562774
129.100045,392.562774
129.102948,393.016542
129.105850,393.171195
129.108753,393.398365
129.111655,393.398365
129.114558,393.398365
129.117460,393.187372
129.120363,393.187372
129.123265,393.414552
129.126168,393.315812
129.129070,393.088690
129.131973,393.315812
129.134875,393.315812
129.137778,393.469638
129.140680,393.696981
129.143583,393.696981
129.146485,393.657619
129.149388,393.203111
129.152290,393.203111
129.155193,393.508526
129.158095,393.735891
129.160998,393.508526
129.163900,393.281292
129.166803,393.255427
129.169705,393.482645
129.172608,393.709996
129.175510,393.430576
129.178413,393.657896
129.181315,393.430576
129.184218,393.657896
129.187120,393.763251
129.190023,393.535871
129.192925,393.535871
129.195828,393.729890
129.198730,393.729890
129.201633,393.502529
129.204535,393.957383
129.207438,393.641717
129.210340,393.869159
129.213243,393.869159
129.216145,393.941339
129.219048,393.713856
129.221950,393.941339
129.224853,394.168955
129.227755,394.090111
129.230658,393.862541
129.233560,394.317812
129.236463,393.570350
129.239365,394.025283
129.242268,393.115942
129.245170,392.514574
129.248073,392.061385
129.250975,394.332574
129.253878,393.649839
129.256780,394.018553
129.259683,393.791024
129.262585,393.336362
129.265488,0.000000
129.268390,0.000000
129.271293,0.000000
129.274195,0.000000
129.277098,0.000000
129.280000,0.000000
129.282902,0.000000
129.285805,0.000000
129.288707,0.000000
129.291610,0.000000
129.294512,0.000000
129.297415,0.000000
129.300317,0.000000
129.303220,0.000000
129.306122,0.000000
129.309025,0.000000
129.311927,0.000000
129.314830,0.000000
129.317732,0.000000
129.320635,0.000000
129.323537,0.000000
129.326440,0.000000
129.329342,0.000000
129.332245,0.000000
129.335147,0.000000
129.338050,0.000000
129.340952,0.000000
129.343855,0.000000
129.346757,370.952744
129.349660,369.455877
129.352562,369.455877
129.355465,369.439470
129.358367,368.799834
129.361270,367.948709
129.364172,367.099549
129.367075,366.797548
129.369977,367.433710
129.372880,366.797548
129.375782,366.791253
129.378685,367.003181
129.381587,366.579447
129.384490,366.367764
129.387392,366.357591
129.390295,366.781068
129.393197,366.992990
129.396100,367.034239
129.399002,367.246307
129.401905,367.458498
129.404807,367.034239
129.407710,367.701385
129.410612,368.126416
129.413515,369.191144
129.416417,370.851129
129.419320,371.279801
129.422222,371.923738
129.425125,373.972530
129.428027,374.404810
129.430930,374.837589
129.433832,375.487696
129.436735,375.678833
129.439637,376.330399
129.442540,376.547839
129.445442,377.173533
129.448345,376.738056
129.451247,376.955732
129.454150,377.827691
129.457052,377.762350
129.459955,377.326194
129.462857,377.762350
129.465760,377.789765
129.468662,378.226457
129.471565,378.226457
129.474467,378.008048
129.477370,377.981144
129.480272,377.544735
129.483175,377.544735
129.486077,377.164176
129.488980,376.293748
129.491882,375.859287
129.494785,374.991870
129.497687,374.210944
129.500590,373.563048
129.503492,372.700930
129.506395,371.728836
129.509297,372.158522
129.512200,372.373552
129.515102,371.496071
129.518005,371.067149
129.520907,369.783355
129.523810,369.997012
129.526712,369.860066
129.529615,368.367609
129.532517,366.669316
129.535420,366.303748
129.538322,366.303748
129.541224,365.669542
129.544127,366.303748
129.547029,366.914702
129.549932,367.126701
129.552834,366.702825
129.555737,366.323505
129.558639,366.535163
129.561542,366.958845
129.564444,367.807681
129.567347,368.312757
129.570249,368.312757
129.573152,369.378024
129.576054,370.192500
129.578957,371.263203
129.581859,372.121995
129.584762,373.629664
129.587664,374.629799
129.590567,374.629799
129.593469,375.496379
129.596372,375.017464
129.599274,376.102122
129.602177,376.754422
129.605079,377.460234
129.607982,376.806711
129.610884,376.154321
129.613787,377.242267
129.616689,378.028835
129.619592,378.028835
129.622494,378.028835
129.625397,377.964696
129.628299,378.183080
129.631202,378.620227
129.634104,378.401590
129.637007,378.631335
129.639909,377.975785
129.642812,377.539382
129.645714,377.698767
129.648617,377.044832
129.651519,377.262684
129.654422,376.609504
129.657324,376.176770
129.660227,375.525470
129.663129,374.658823
129.666032,374.093120
129.668934,373.445428
129.671837,373.229779
129.674739,373.014256
129.677642,372.873634
129.680544,372.873634
129.683447,372.658316
129.686349,372.822698
129.689252,372.822698
129.692154,372.822698
129.695057,372.426798
129.697959,371.996802
129.700862,371.996802
129.703764,372.211738
129.706667,373.026217
129.709569,372.810811
129.712472,373.026217
129.715374,372.697606
129.718277,372.912947
129.721179,373.344002
129.724082,373.775555
129.726984,374.151247
129.729887,374.583733
129.732789,374.800164
129.735692,374.898343
129.738594,375.331693
129.741497,375.331693
129.744399,375.548556
129.747302,375.399221
129.750204,375.399221
129.753107,375.182444
129.756009,375.149295
129.758912,375.149295
129.761814,375.366052
129.764717,374.716156
129.767619,375.159807
129.770522,375.376570
129.773424,375.376570
129.776327,375.618271
129.779229,375.401368
129.782132,374.102578
129.785034,373.383937
129.787937,374.463871
129.790839,373.815536
129.793741,373.815536
129.796644,373.693287
129.799546,373.693287
129.802449,373.477495
129.805351,373.131677
129.808254,371.840739
129.811156,371.196946
129.814059,370.554268
129.816961,369.686466
129.819864,367.557229
129.822766,368.620310
129.825669,294.276972
129.828571,293.428293
129.831474,290.225574
129.834376,292.244252
129.837279,293.653429
129.840181,293.992867
129.843084,0.000000
129.845986,294.790752
129.848889,293.601214
129.851791,294.620524
129.854694,295.302029
129.857596,294.701738
129.860499,293.512559
129.863401,294.021618
129.866304,294.690226
129.869206,295.030862
129.872109,295.542555
129.875011,295.356385
129.877914,294.845015
129.880816,294.504593
129.883719,294.504593
129.886621,294.908948
129.889524,295.079343
129.892426,295.249837
129.895329,295.531720
129.898231,295.190506
129.901134,295.190506
129.904036,295.531720
129.906939,295.797741
129.909841,295.626931
129.912744,295.115092
129.915646,295.226575
129.918549,0.000000
129.921451,0.000000
129.924354,0.000000
129.927256,0.000000
129.930159,0.000000
129.933061,0.000000
129.935964,0.000000
129.938866,0.000000
129.941769,0.000000
129.944671,0.000000
129.947574,0.000000
129.950476,0.000000
129.953379,0.000000
129.956281,0.000000
129.959184,0.000000
129.962086,0.000000
129.964989,0.000000
129.967891,0.000000
129.970794,295.384734
129.973696,295.384734
129.976599,295.278405
129.979501,294.937483
129.982404,295.107895
129.985306,295.311508
129.988209,294.970548
129.991111,294.970548
129.994014,295.140979
129.996916,295.032993
129.999819,295.032993
130.002721,295.032993
130.005624,295.601051
130.008526,295.430354
130.011429,295.259756
130.014331,294.918856
130.017234,295.146723
130.020136,295.317256
130.023039,294.976289
130.025941,294.748876
130.028844,294.919179
130.031746,294.919179
130.034649,295.089580
130.037551,295.195759
130.040454,294.854932
130.043356,295.025296
130.046259,295.391734
130.049161,295.050681
130.052063,294.880302
130.054966,295.050681
130.057868,295.119169
130.060771,294.948751
130.063673,295.119169
130.066576,294.993328
130.069478,295.163772
130.072381,294.993328
130.075283,295.149793
130.078186,295.149793
130.081088,294.979357
130.083991,295.490961
130.086893,295.368278
130.089796,295.027252
130.092698,295.027252
130.095601,295.110237
130.098503,295.110237
130.101406,294.939824
130.104308,294.769509
130.107211,295.082931
130.110113,295.253427
130.113016,295.082931
130.115918,294.974721
130.118821,294.974721
130.121723,295.145154
130.124626,295.145154
130.127528,295.002255
130.130431,295.172704
130.133333,295.172704
130.136236,295.598736
130.139138,295.598736
130.142041,295.428041
130.144943,295.257444
130.147846,295.081731
130.150748,295.081731
130.153651,295.081731
130.156553,295.082096
130.159456,295.252592
130.162358,295.593878
130.165261,295.103783
130.168163,295.103783
130.171066,295.786406
130.173968,295.615602
130.176871,294.988959
130.179773,294.818616
130.182676,294.988959
130.185578,295.232581
130.188481,295.232581
130.191383,295.232581
130.194286,295.232581
130.197188,294.681134
130.200091,295.021760
130.202993,295.021760
130.205896,295.273392
130.208798,294.762165
130.211701,294.762165
130.214603,294.932475
130.217506,295.323382
130.220408,296.177542
130.223311,296.177542
130.226213,295.481554
130.229116,295.652280
130.232018,295.652280
130.234921,295.140398
130.237823,295.130393
130.240726,295.813077
130.243628,296.668654
130.246531,296.274351
130.249433,295.932279
130.252336,295.590602
130.255238,295.515728
130.258141,295.857318
130.261043,295.174532
130.263946,294.833730
130.266848,294.467149
130.269751,292.771143
130.272653,293.617922
130.275556,292.722279
130.278458,292.046728
130.281361,0.000000
130.284263,0.000000
130.287166,0.000000
130.290068,0.000000
130.292971,0.000000
130.295873,0.000000
130.298776,0.000000
130.301678,0.000000
130.304580,290.541610
130.307483,494.034889
130.310385,494.320337
130.313288,494.320337
130.316190,494.960152
130.319093,494.674334
130.321995,494.388682
130.324898,493.247720
130.327800,492.292301
130.330703,491.156177
130.333605,490.022676
130.336508,489.119549
130.339410,487.990748
130.342313,486.864551
130.345215,487.089786
130.348118,487.089786
130.351020,487.371221
130.353923,488.498590
130.356825,489.774491
130.359728,490.057478
130.362630,490.907419
130.365533,491.367942
130.368435,492.220156
130.371338,491.935920
130.374240,491.935920
130.377143,492.150504
130.380045,491.582277
130.382948,491.866309
130.385850,492.251328
130.388753,492.535745
130.391655,492.251328
130.394558,492.251328
130.397460,493.494648
130.400363,493.779784
130.403265,494.636181
130.406168,496.031689
130.409070,497.179091
130.411973,498.905171
130.414875,500.059220
130.417778,500.720753
130.420680,499.853821
130.423583,501.010064
130.426485,501.944574
130.429388,502.234592
130.432290,501.365040
130.435193,501.766427
130.438095,502.636675
130.440998,503.799355
130.443900,503.508434
130.446803,503.959350
130.449705,504.250532
130.452608,504.250532
130.455510,504.157884
130.458413,503.575794
130.461315,502.703919
130.464218,502.413630
130.467120,501.901381
130.470023,501.901381
130.472925,500.453924
130.475828,499.084493
130.478730,498.508261
130.481633,498.508261
130.484535,497.932695
130.487438,498.294572
130.490340,498.006829
130.493243,497.144596
130.496145,496.068901
130.499048,496.642313
130.501950,496.929268
130.504853,496.642313
130.507755,499.074529
130.510658,498.786336
130.513560,498.786336
130.516463,495.556365
130.519365,494.698375
130.522268,494.984206
130.525170,0.000000
130.528073,493.622363
130.530975,493.907573
130.533878,494.764191
130.536780,494.836616
130.539683,494.550870
130.542585,494.265288
130.545488,493.967886
130.548390,494.253295
130.551293,495.396583
130.554195,495.396583
130.557098,495.617968
130.560000,497.051438
130.562902,496.764412
130.565805,496.795325
130.568707,497.944493
130.571610,498.232200
130.574512,498.808113
130.577415,500.976479
130.580317,499.531690
130.583220,497.515982
130.586122,494.931448
130.589025,496.076305
130.591927,494.931448
130.594830,494.931448
130.597732,498.598276
130.600635,498.598276
130.603537,492.871387
130.606440,492.643766
130.609342,493.783331
130.612245,0.000000
130.615147,0.000000
130.618050,0.000000
130.620952,0.000000
130.623855,0.000000
130.626757,0.000000
130.629660,0.000000
130.632562,0.000000
130.635465,0.000000
130.638367,0.000000
130.641270,0.000000
130.644172,0.000000
130.647075,0.000000
130.649977,0.000000
130.652880,0.000000
130.655782,0.000000
130.658685,0.000000
130.661587,0.000000
130.664490,0.000000
130.667392,0.000000
130.670295,0.000000
130.673197,0.000000
130.676100,0.000000
130.679002,0.000000
130.681905,0.000000
130.684807,0.000000
130.687710,0.000000
130.690612,0.000000
130.693515,0.000000
130.696417,0.000000
130.699320,0.000000
130.702222,0.000000
130.705125,0.000000
130.708027,0.000000
130.710930,0.000000
130.713832,0.000000
130.716735,0.000000
130.719637,0.000000
130.722540,0.000000
130.725442,0.000000
130.728345,0.000000
130.731247,0.000000
130.734150,0.000000
130.737052,495.051273
130.739955,495.051273
130.742857,495.051273
130.745760,517.489195
130.748662,519.886037
130.751565,521.992378
130.754467,521.992378
130.757370,522.355932
130.760272,522.355932
130.763175,520.248124
130.766077,518.872374
130.768980,519.772291
130.771882,520.974608
130.774785,521.275622
130.777687,521.342167
130.780590,521.041115
130.783492,521.041115
130.786395,520.707449
130.789297,520.406763
130.792200,520.106251
130.795102,519.625022
130.798005,518.725360
130.800907,518.425819
130.803810,518.425819
130.806712,517.646041
130.809615,517.347124
130.812517,517.048379
130.815420,516.603267
130.818322,516.304951
130.821224,515.708837
130.824127,515.708837
130.827029,516.003508
130.829932,516.301650
130.832834,516.599963
130.835737,516.939284
130.838639,517.237966
130.841542,517.536820
130.844444,518.135048
130.847347,518.981915
130.850249,519.581813
130.853152,520.182404
130.856054,520.770861
130.858957,521.372827
130.861859,521.975488
130.864762,522.277080
130.867664,522.992525
130.870567,523.899587
130.873469,523.294704
130.876372,523.223292
130.879274,523.828092
130.882177,526.254294
130.885079,528.950759
130.887982,530.174308
130.890884,530.480637
130.893787,530.480637
130.896689,530.273027
130.899592,530.579413
130.902494,530.885976
130.905397,530.805354
130.908299,530.192498
130.911202,529.886335
130.914104,529.580349
130.917007,528.798767
130.919909,528.493409
130.922812,527.883222
130.925714,527.478395
130.928617,526.565136
130.931519,525.653458
130.934422,525.349916
130.937324,524.794197
130.940227,523.885585
130.943129,523.280718
130.946032,522.418465
130.948934,521.513966
130.951837,520.611034
130.954739,520.009948
130.957642,519.527110
130.960544,518.927275
130.963447,518.627617
130.966349,517.339989
130.969252,517.339989
130.972154,517.638903
130.975057,518.029773
130.977959,517.730634
130.980862,518.029773
130.983764,518.628570
130.986667,518.797051
130.989569,518.797051
130.992472,518.497468
130.995374,518.869657
130.998277,519.469425
131.001179,519.769569
131.004082,520.370378
131.006984,520.616531
131.009887,520.917337
131.012789,521.218318
131.015692,521.874111
131.018594,523.081290
131.021497,523.685926
131.024399,523.685926
131.027302,523.444421
131.030204,523.746862
131.033107,523.746862
131.036009,524.223127
131.038912,524.526017
131.041814,525.132324
131.044717,525.132324
131.047619,524.942486
131.050522,524.639355
131.053424,524.639355
131.056327,524.560661
131.059229,524.257751
131.062132,524.560661
131.065034,524.354197
131.067937,524.354197
131.070839,524.051405
131.073741,524.051405
131.076644,523.905740
131.079546,523.905740
131.082449,523.905740
131.085351,523.880265
131.088254,523.577747
131.091156,523.577747
131.094059,523.577747
131.096961,523.898218
131.099864,523.898218
131.102766,523.595690
131.105669,522.938267
131.108571,522.636293
131.111474,522.636293
131.114376,522.938267
131.117279,522.893952
131.120181,522.893952
131.123084,522.893952
131.125986,522.892385
131.128889,523.194507
131.131791,523.194507
131.134694,523.194507
131.137596,523.163468
131.140499,522.861365
131.143401,522.257680
131.146304,521.944857
131.149206,521.342231
131.152109,521.041179
131.155011,520.073322
131.157914,518.873085
131.160816,517.675618
131.163719,520.674482
131.166621,520.544391
131.169524,522.351590
131.172426,523.257541
131.175329,523.073095
131.178231,522.771044
131.181134,522.167464
131.184036,521.865935
131.186939,588.306909
131.189841,589.327251
131.192744,590.008462
131.195646,590.566911
131.198549,591.249555
131.201451,591.932988
131.204354,592.959619
131.207256,593.348495
131.210159,593.691326
131.213061,593.691326
131.215964,593.826749
131.218866,593.483840
131.221769,593.826749
131.224671,593.483840
131.227574,593.689431
131.230476,593.346602
131.233379,593.346602
131.236281,592.997948
131.239184,592.997948
131.242086,593.340576
131.244989,592.997948
131.247891,593.149107
131.250794,592.806590
131.253696,592.122148
131.256599,591.988348
131.259501,591.304851
131.262404,591.304851
131.265306,590.889403
131.268209,589.525735
131.271111,589.185310
131.274014,588.845081
131.276916,588.625218
131.279819,587.606091
131.282721,586.927654
131.285624,587.012271
131.288526,587.012271
131.291429,585.995937
131.294331,585.319359
131.297234,584.847284
131.300136,584.847284
131.303039,584.847284
131.305941,584.433514
131.308844,584.433514
131.311746,584.433514
131.314649,584.096030
131.317551,584.408015
131.320454,584.408015
131.323356,584.408015
131.326259,584.920644
131.329161,585.258605
131.332063,585.935113
131.334966,586.273660
131.337868,586.484971
131.340771,587.162896
131.343673,587.162896
131.346576,588.145080
131.349478,588.824924
131.352381,589.505555
131.355283,589.591145
131.358186,590.613714
131.361088,591.979899
131.363991,593.006612
131.366893,593.740414
131.369796,594.770180
131.372698,595.457682
131.375601,595.765590
131.378503,596.798868
131.381406,596.798868
131.384308,597.833939
131.387211,598.315396
131.390113,599.353096
131.393016,599.006996
131.395918,598.943575
131.398821,598.597712
131.401723,598.597712
131.404626,598.252048
131.407528,597.785370
131.410431,597.440175
131.413333,597.095180
131.416236,596.424617
131.419138,595.735999
131.422041,595.048175
131.424943,594.704561
131.427846,593.533366
131.430748,592.163596
131.433651,591.821648
131.436553,589.656767
131.439456,590.679450
131.442358,589.997464
131.445261,588.978378
131.448163,588.298357
131.451066,587.619120
131.453968,587.619120
131.456871,587.858717
131.459773,587.858717
131.462676,588.538231
131.465578,588.374402
131.468481,589.054511
131.471383,589.054511
131.474286,589.054511
131.477188,589.365174
131.480091,589.705703
131.482993,589.705703
131.485896,590.089329
131.488798,590.771421
131.491701,591.454301
131.494603,592.480102
131.497506,592.621369
131.500408,592.621369
131.503311,592.621369
131.506213,592.856746
131.509116,593.199293
131.512018,593.542037
131.514921,593.542037
131.517823,593.825034
131.520726,593.825034
131.523628,593.825034
131.526531,593.280941
131.529433,592.938348
131.532336,592.938348
131.535238,593.126889
131.538141,593.126889
131.541043,593.126889
131.543946,593.126889
131.546848,593.103313
131.549751,592.760822
131.552653,592.418529
131.555556,592.826748
131.558458,592.484416
131.561361,592.484416
131.564263,592.484416
131.567166,592.271155
131.570068,592.613363
131.572971,591.929145
131.575873,592.011289
131.578776,592.011289
131.581678,591.669429
131.584580,591.669429
131.587483,591.043455
131.590385,590.702153
131.593288,590.702153
131.596190,591.160227
131.599093,591.160227
131.601995,590.818858
131.604898,590.136711
131.607800,590.577187
131.610703,591.601467
131.613605,590.918416
131.616508,590.963994
131.619410,591.647096
131.622313,591.988944
131.625215,590.877199
131.628118,589.513559
131.631020,589.854174
131.633923,591.560202
131.636825,590.424466
131.639728,590.083521
131.642630,0.000000
131.645533,0.000000
131.648435,0.000000
131.651338,0.000000
131.654240,0.000000
131.657143,0.000000
131.660045,0.000000
131.662948,0.000000
131.665850,782.482040
131.668753,783.386521
131.671655,783.839153
131.674558,784.292047
131.677460,784.412898
131.680363,784.866123
131.683265,785.319611
131.686168,785.589416
131.689070,785.589416
131.691973,785.589416
131.694875,785.589416
131.697778,785.417801
131.700680,785.417801
131.703583,785.417801
131.706485,785.418899
131.709388,785.418899
131.712290,785.418899
131.715193,785.533698
131.718095,785.533698
131.720998,785.533698
131.723900,785.987571
131.726803,786.071256
131.729705,786.525440
131.732608,786.525440
131.735510,786.485418
131.738413,786.485418
131.741315,786.485418
131.744218,786.939841
131.747120,786.999362
131.750023,786.999362
131.752925,787.454082
131.755828,787.216581
131.758730,787.216581
131.761633,787.216581
131.764535,787.216581
131.767438,787.453180
131.770340,786.998460
131.773243,786.998460
131.776145,787.332551
131.779048,787.332551
131.781950,787.332551
131.784853,787.332551
131.787755,787.621858
131.790658,787.621858
131.793560,787.621858
131.796463,787.432285
131.799365,787.432285
131.802268,787.432285
131.805170,787.362291
131.808073,787.362291
131.810975,787.362291
131.813878,787.362291
131.816780,787.677738
131.819683,787.677738
131.822585,787.677738
131.825488,788.039521
131.828390,788.039521
131.831293,787.584463
131.834195,787.584463
131.837098,787.940493
131.840000,787.940493
131.842902,787.940493
131.845805,788.242729
131.848707,788.242729
131.851610,787.787554
131.854512,787.787554
131.857415,787.811948
131.860317,788.267137
131.863220,788.267137
131.866122,788.457142
131.869025,788.912705
131.871927,788.457142
131.874830,788.457142
131.877732,788.393331
131.880635,787.938069
131.883537,787.483070
131.886440,787.900447
131.889342,787.900447
131.892245,787.900447
131.895147,788.149524
131.898050,787.694402
131.900952,788.149524
131.903855,788.149524
131.906757,787.931088
131.909660,787.931088
131.912562,787.931088
131.915465,787.612636
131.918367,787.157825
131.921270,787.612636
131.924172,787.612636
131.927075,788.127001
131.929977,787.671892
131.932880,787.217047
131.935782,787.636809
131.938685,788.091897
131.941587,788.091897
131.944490,788.091897
131.947392,788.334102
131.950295,788.334102
131.953197,0.000000
131.956100,0.000000
131.959002,0.000000
131.961905,0.000000
131.964807,787.813069
131.967710,787.958838
131.970612,787.503827
131.973515,787.958838
131.976417,787.993599
131.979320,787.993599
131.982222,787.993599
131.985125,787.839020
131.988027,787.839020
131.990930,787.384078
131.993832,787.839020
131.996735,787.632557
131.999637,788.087643
132.002540,788.087643
132.005442,787.907718
132.008345,787.907718
132.011247,787.907718
132.014150,788.362962
132.017052,788.864051
132.019955,788.408517
132.022857,788.408517
132.025760,788.026772
132.028662,787.116933
132.031565,787.571721
132.034467,0.000000
132.037370,787.756646
132.040272,788.211803
132.043175,787.756646
132.046077,788.581937
132.048980,789.037572
132.051882,788.126566
132.054785,787.671458
132.057687,789.059143
132.060590,788.603496
132.063492,786.329206
132.066395,790.889625
132.069297,787.698231
132.072200,789.520305
132.075102,787.919208
132.078005,785.646891
132.080907,786.555030
132.083810,785.646891
132.086712,786.286500
132.089615,785.832454
132.092517,788.105308
132.095420,484.029471
132.098322,487.396162
132.101224,489.088279
132.104127,489.088279
132.107029,490.543291
132.109932,492.246334
132.112834,493.670052
132.115737,493.938049
132.118639,495.939261
132.121542,496.225809
132.124444,495.939261
132.127347,495.515815
132.130249,496.088588
132.133152,496.088588
132.136054,496.078362
132.138957,495.219469
132.141859,494.362062
132.144762,493.791282
132.147664,493.286875
132.150567,492.432814
132.153469,491.580232
132.156372,491.259479
132.159274,490.692282
132.162177,490.408929
132.165079,490.455964
132.167982,490.739345
132.170884,490.739345
132.173787,491.022889
132.176689,491.404169
132.179592,491.688097
132.182494,492.540866
132.185397,493.460402
132.188299,494.316245
132.191202,495.173572
132.194104,495.745950
132.197007,496.808553
132.199909,497.670203
132.202812,498.821394
132.205714,499.539982
132.208617,499.828611
132.211519,499.251520
132.214422,499.251520
132.217324,499.068221
132.220227,498.492007
132.223129,496.480495
132.226032,497.534352
132.228934,499.550134
132.231837,500.705675
132.234739,500.705675
132.237642,501.112338
132.240544,502.561699
132.243447,503.724206
132.246349,504.070346
132.249252,504.070346
132.252154,504.361593
132.255057,503.950995
132.257959,503.369144
132.260862,503.369144
132.263764,502.787965
132.266667,501.811746
132.269569,500.942925
132.272472,500.653653
132.275374,500.869911
132.278277,500.869911
132.281179,500.002721
132.284082,499.425428
132.286984,498.790821
132.289887,499.079017
132.292789,499.655909
132.295692,499.935014
132.298594,499.646324
132.301497,498.781253
132.304399,498.493228
132.307302,498.495900
132.310204,497.632820
132.313107,496.771235
132.316009,495.707032
132.318912,492.851969
132.321814,493.136734
132.324717,492.567369
132.327619,491.249888
132.330522,487.856577
132.333424,490.682701
132.336327,440.460204
132.339229,441.224125
132.342132,442.755944
132.345034,443.035505
132.347937,442.779672
132.350839,443.035505
132.353741,0.000000
132.356644,443.048804
132.359546,443.048804
132.362449,443.048804
132.365351,442.949178
132.368254,443.205109
132.371156,443.205109
132.374059,443.461188
132.376961,443.328763
132.379864,443.328763
132.382766,443.328763
132.385669,443.042354
132.388571,442.786517
132.391474,442.530827
132.394376,442.275285
132.397279,442.570309
132.400181,442.570309
132.403084,442.314744
132.405986,442.488282
132.408889,442.232764
132.411791,442.488282
132.414694,442.488282
132.417596,442.465235
132.420499,442.465235
132.423401,442.465235
132.426304,442.398146
132.429206,442.398146
132.432109,442.653759
132.435011,442.558895
132.437914,442.303337
132.440816,442.303337
132.443719,442.303337
132.446621,442.316845
132.449524,442.316845
132.452426,442.572411
132.455329,442.587694
132.458231,442.332120
132.461134,442.332120
132.464036,442.332120
132.466939,442.470284
132.469841,442.470284
132.472744,442.470284
132.475646,442.382713
132.478549,442.382713
132.481451,442.382713
132.484354,442.382713
132.487256,442.328303
132.490159,442.328303
132.493061,442.072878
132.495964,442.338928
132.498866,442.594506
132.501769,442.594506
132.504671,442.594506
132.507574,442.589672
132.510476,442.589672
132.513379,442.589672
132.516281,442.618232
132.519184,442.618232
132.522086,442.873973
132.524989,442.362640
132.527891,441.643151
132.530794,441.643151
132.533696,441.388122
132.536599,442.295408
132.539501,442.295408
132.542404,441.784743
132.545306,0.000000
132.548209,0.000000
132.551111,0.000000
132.554014,0.000000
132.556916,442.310346
132.559819,442.565909
132.562721,441.799664
132.565624,493.913355
132.568526,495.055856
132.571429,495.341894
132.574331,497.636157
132.577234,498.269360
132.580136,497.406673
132.583039,497.406673
132.585941,497.615610
132.588844,497.903127
132.591746,498.190810
132.594649,498.190810
132.597551,497.849629
132.600454,497.849629
132.603356,498.137281
132.606259,498.295086
132.609161,498.007343
132.612063,498.007343
132.614966,497.719765
132.617868,497.657977
132.620771,497.945518
132.623673,497.945518
132.626576,497.936041
132.629478,497.936041
132.632381,497.936041
132.635283,497.788260
132.638186,497.500809
132.641088,497.500809
132.643991,497.500809
132.646893,497.403600
132.649796,497.403600
132.652698,497.403600
132.655601,497.557291
132.658503,497.557291
132.661406,497.557291
132.664308,497.844775
132.667211,498.132613
132.670113,497.557480
132.673016,497.557480
132.675918,497.749160
132.678821,497.749160
132.681723,498.036754
132.684626,498.036754
132.687528,497.915829
132.690431,497.915829
132.693333,497.915829
132.696236,497.803995
132.699138,498.091621
132.702041,498.091621
132.704943,497.803995
132.707846,497.664486
132.710748,497.664486
132.713651,497.952032
132.716553,497.704125
132.719456,498.279428
132.722358,499.143629
132.725261,499.398554
132.728163,499.110173
132.731066,497.670766
132.733968,498.246030
132.736871,498.372717
132.739773,498.948792
132.742676,498.660671
132.745578,502.453806
132.748481,511.531931
132.751383,506.826151
132.754286,507.998522
132.757188,519.657756
132.760091,521.763172
132.762993,520.559035
132.765896,520.564849
132.768798,521.166577
132.771701,521.166577
132.774603,520.564849
132.777506,521.031489
132.780408,521.935150
132.783311,521.935150
132.786213,521.551357
132.789116,521.551357
132.792018,521.852703
132.794921,522.154224
132.797823,521.877217
132.800726,521.877217
132.803628,521.575856
132.806531,521.689560
132.809433,521.990987
132.812336,521.990987
132.815238,521.689496
132.818141,521.689496
132.821043,521.689496
132.823946,521.990923
132.826848,521.931796
132.829751,521.931796
132.832653,521.931796
132.835556,522.057672
132.838458,521.756206
132.841361,522.057672
132.844263,522.057672
132.847166,521.918516
132.850068,521.918516
132.852971,521.918516
132.855873,521.843217
132.858776,521.843217
132.861678,521.843217
132.864580,521.843217
132.867483,521.886889
132.870385,521.585523
132.873288,521.585523
132.876190,521.576484
132.879093,521.576484
132.881995,521.576484
132.884898,521.576484
132.887800,521.704084
132.890703,521.704084
132.893605,522.005519
132.896508,521.782293
132.899410,521.480987
132.902313,521.480987
132.905215,521.404463
132.908118,521.404463
132.911020,521.404463
132.913923,521.404463
132.916825,521.101282
132.919728,521.101282
132.922630,521.101282
132.925533,520.891216
132.928435,520.590424
132.931338,520.891216
132.934240,521.192182
132.937143,520.842336
132.940045,521.143273
132.942948,520.842336
132.945850,521.254481
132.948753,521.555656
132.951655,521.857006
132.954558,521.857006
132.957460,521.280832
132.960363,520.979815
132.963265,521.280832
132.966168,519.406071
132.969070,518.806376
132.971973,520.607541
132.974875,522.113288
132.977778,522.275259
132.980680,521.371009
132.983583,520.468324
132.986485,520.955669
132.989388,520.654840
132.992290,520.955669
132.995193,522.316062
132.998095,522.014447
133.000998,522.316062
133.003900,522.919814
133.006803,596.232350
133.009705,595.543953
133.012608,595.888052
133.015510,595.724797
133.018413,595.036986
133.021315,595.724797
133.024218,596.413403
133.027120,596.269553
133.030023,595.925234
133.032925,595.581113
133.035828,595.860363
133.038730,595.516280
133.041633,595.516280
133.044535,595.860363
133.047438,595.453700
133.050340,595.109852
133.053243,594.766202
133.056145,594.414188
133.059048,593.727890
133.061950,593.385039
133.064853,592.699929
133.067755,592.341215
133.070658,591.657311
133.073560,590.974196
133.076463,590.419702
133.079365,590.078760
133.082268,589.397468
133.085170,589.519435
133.088073,589.179014
133.090975,588.158929
133.093878,588.158929
133.096780,587.404291
133.099683,587.065091
133.102585,586.726087
133.105488,585.982224
133.108390,585.305662
133.111293,584.629880
133.114195,584.629880
133.117098,584.557654
133.120000,584.557654
133.122902,584.220098
133.125805,584.239483
133.128707,584.239483
133.131610,584.577050
133.134512,584.577050
133.137415,584.561068
133.140317,585.236769
133.143220,585.913252
133.146122,585.693100
133.149025,586.370110
133.151927,587.387093
133.154830,587.726479
133.157732,588.129516
133.160635,588.809342
133.163537,589.489955
133.166440,590.804794
133.169342,591.487713
133.172245,592.513572
133.175147,593.404538
133.178050,594.777179
133.180952,595.464689
133.183855,596.497446
133.186757,598.187401
133.189660,599.571106
133.192562,600.610984
133.195465,600.760510
133.198367,601.107623
133.201270,601.454937
133.204172,601.454937
133.207075,601.190035
133.209977,601.537396
133.212880,601.537396
133.215782,601.801538
133.218685,601.454024
133.221587,601.454024
133.224490,601.106711
133.227392,601.233418
133.230295,600.886233
133.233197,600.539247
133.236100,599.329039
133.239002,597.945893
133.241905,597.255518
133.244807,596.910629
133.247710,595.474941
133.250612,593.757623
133.253515,593.072084
133.256417,591.803227
133.259320,591.461487
133.262222,589.755744
133.265125,588.727629
133.268027,588.047897
133.270930,587.029770
133.273832,586.351998
133.276735,584.409942
133.279637,583.398114
133.282540,583.398114
133.285442,582.134929
133.288345,581.462809
133.291247,581.798772
133.294150,582.471281
133.297052,582.386943
133.299955,582.050640
133.302857,583.060131
133.305760,583.826582
133.308662,583.489448
133.311565,583.489448
133.314467,584.163911
133.317370,585.255111
133.320272,586.947837
133.323175,587.286969
133.326077,587.273781
133.328980,587.952619
133.331882,588.632241
133.334785,590.334734
133.337687,591.827170
133.340590,592.511271
133.343492,593.538905
133.346395,595.183182
133.349297,596.215450
133.352200,597.249508
133.355102,598.056697
133.358005,598.402248
133.360907,598.747998
133.363810,599.440099
133.366712,599.728334
133.369615,600.421568
133.372517,600.421568
133.375420,600.562398
133.378322,600.215600
133.381224,600.562398
133.384127,601.603996
133.387029,601.388275
133.389932,601.041000
133.392834,601.041000
133.395737,600.688604
133.398639,600.341733
133.401542,599.648592
133.404444,599.302321
133.407347,598.907057
133.410249,598.215572
133.413152,596.834996
133.416054,595.759110
133.418957,594.727632
133.421859,593.697940
133.424762,593.012469
133.427664,593.409689
133.430567,592.382279
133.433469,589.991901
133.436372,588.738074
133.439274,588.398104
133.442177,586.023803
133.445079,585.660970
133.447982,583.971955
133.450884,582.960885
133.453787,582.624251
133.456689,581.647578
133.459592,581.647578
133.462494,582.319911
133.465397,581.506540
133.468299,582.851659
133.471202,582.851659
133.474104,583.525384
133.477007,583.793838
133.479909,584.806353
133.482812,585.482338
133.485714,585.849744
133.488617,587.204909
133.491519,587.544190
133.494422,587.544190
133.497324,588.105885
133.500227,589.125878
133.503129,590.147640
133.506032,592.694873
133.508934,593.379977
133.511837,594.065872
133.514739,595.784082
133.517642,596.581227
133.520544,596.925926
133.523447,597.615920
133.526349,600.060672
133.529252,601.448709
133.532154,601.101399
133.535057,600.492792
133.537959,600.492792
133.540862,601.186910
133.543764,601.534269
133.546667,601.354926
133.549569,601.702382
133.552472,601.354926
133.555374,601.744255
133.558277,601.396774
133.561179,601.396774
133.564082,601.396774
133.566984,600.726096
133.569887,600.379203
133.572789,600.379203
133.575692,599.690298
133.578594,598.306318
133.581497,597.270430
133.584399,596.236336
133.587302,595.893512
133.590204,594.174987
133.593107,593.488965
133.596009,592.424432
133.598912,591.057221
133.601814,588.672189
133.604717,587.313638
133.607619,586.335278
133.610522,584.982120
133.613424,584.644318
133.616327,583.740123
133.619229,583.066149
133.622132,583.740123
133.625034,583.863758
133.627937,583.526603
133.630839,583.526603
133.633741,584.201109
133.636644,585.336603
133.639546,585.674805
133.642449,586.013201
133.645351,586.279881
133.648254,587.296708
133.651156,589.676166
133.654059,589.676166
133.656961,589.848971
133.659864,590.530785
133.662766,590.530785
133.665669,592.059873
133.668571,593.086724
133.671474,594.458629
133.674376,595.833708
133.677279,596.630935
133.680181,597.665714
133.683084,598.702287
133.685986,599.168246
133.688889,599.514439
133.691791,600.207426
133.694694,600.554219
133.697596,600.903194
133.700499,600.556199
133.703401,601.250390
133.706304,601.682286
133.709206,602.029931
133.712109,602.029931
133.715011,601.958086
133.717914,602.305891
133.720816,602.305891
133.723719,600.915875
133.726621,600.839839
133.729524,600.146123
133.732426,599.453207
133.735329,599.618797
133.738231,599.965251
133.741134,599.965251
133.744036,598.580637
133.746939,597.111656
133.749841,596.766850
133.752744,596.077836
133.755646,594.919429
133.758549,594.575890
133.761451,591.834704
133.764354,593.203714
133.767256,593.279254
133.770159,592.594267
133.773061,590.885257
133.775964,590.610684
133.778866,590.951933
133.781769,590.610684
133.784671,589.928778
133.787574,590.488025
133.790476,591.170578
133.793379,591.512150
133.796281,591.317568
133.799184,590.976108
133.802086,591.317568
133.804989,590.976108
133.807891,592.083682
133.810794,592.083682
133.813696,592.425781
133.816599,592.378684
133.819501,592.378684
133.822404,592.378684
133.825306,593.300257
133.828209,593.986061
133.831111,592.957653
133.834014,592.615246
133.836916,593.765548
133.839819,595.139023
133.842721,595.139023
133.845624,594.816043
133.848526,594.816043
133.851429,595.159722
133.854331,596.191949
133.857234,595.970102
133.860136,595.282008
133.863039,595.625956
133.865941,595.997200
133.868844,594.965310
133.871746,595.653038
133.874649,595.997200
133.877551,596.671262
133.880454,595.982358
133.883356,594.606936
133.886259,593.067035
133.889161,593.752568
133.892063,594.782355
133.894966,595.469872
133.897868,595.659305
133.900771,596.347836
133.903673,597.382124
133.906576,597.406565
133.909478,595.339695
133.912381,0.000000
133.915283,0.000000
133.918186,0.000000
133.921088,0.000000
133.923991,0.000000
133.926893,0.000000
133.929796,0.000000
133.932698,0.000000
133.935601,0.000000
133.938503,0.000000
133.941406,0.000000
133.944308,0.000000
133.947211,0.000000
133.950113,0.000000
133.953016,0.000000
133.955918,0.000000
133.958821,0.000000
133.961723,0.000000
133.964626,0.000000
133.967528,788.078118
133.970431,789.444937
133.973333,790.357467
133.976236,790.844114
133.979138,790.844114
133.982041,791.301055
133.984943,790.844114
133.987846,790.367938
133.990748,789.455396
133.993651,788.543908
133.996553,787.478920
133.999456,786.115505
134.002358,785.207873
134.005261,783.884444
134.008163,782.979388
134.011066,782.527252
134.013968,781.623763
134.016871,781.027614
134.019773,780.125856
134.022676,779.225140
134.025578,778.103700
134.028481,777.205318
134.031383,776.756517
134.034286,776.307974
134.037188,775.504606
134.040091,775.952684
134.042993,775.952684
134.045896,776.246702
134.048798,776.246702
134.051701,776.246702
134.054603,776.695210
134.057506,777.251428
134.060408,778.149863
134.063311,779.049336
134.066213,780.076265
134.069116,780.526985
134.072018,781.429206
134.074921,782.784493
134.077823,784.445066
134.080726,785.805584
134.083628,787.168462
134.086531,787.566325
134.089433,787.566325
134.092336,788.476683
134.095238,790.122994
134.098141,790.579519
134.101043,791.036307
134.103946,791.493360
134.106848,791.817707
134.109751,792.732979
134.112653,792.732979
134.115556,792.756996
134.118458,792.756996
134.121361,793.673354
134.124263,793.673354
134.127166,794.279889
134.130068,794.279889
134.132971,793.821227
134.135873,793.910990
134.138776,793.910990
134.141678,793.452541
134.144580,792.994357
134.147483,792.075753
134.150385,790.704379
134.153288,789.335379
134.156190,787.433090
134.159093,786.523937
134.161995,785.615834
134.164898,783.350159
134.167800,782.539004
134.170703,780.282204
134.173605,778.931248
134.176508,778.407953
134.179410,776.611525
134.182313,775.266925
134.185215,774.341906
134.188118,773.447868
134.191020,773.001236
134.193923,773.001236
134.196825,772.634881
134.199728,772.634881
134.202630,772.188719
134.205533,772.784677
134.208435,773.231184
134.211338,773.677949
134.214240,774.124972
134.217143,774.820374
134.220045,775.715999
134.222948,777.061378
134.225850,778.076516
134.228753,779.425989
134.231655,780.777802
134.234558,782.583868
134.237460,783.703290
134.240363,785.062521
134.243265,786.878498
134.246168,788.691617
134.249070,789.603276
134.251973,790.059501
134.254875,790.515989
134.257778,791.445831
134.260680,792.360673
134.263583,792.818491
134.266485,793.073756
134.269388,793.531985
134.272290,793.990480
134.275193,794.001824
134.278095,794.001824
134.280998,0.000000
134.283900,793.085087
134.286803,793.129570
134.289705,792.671573
134.292608,792.671573
134.295510,791.846478
134.298413,790.932229
134.301315,790.475501
134.304218,789.106897
134.307120,789.016426
134.310023,788.105444
134.312925,787.650348
134.315828,787.331018
134.318730,786.421982
134.321633,785.060397
134.324535,784.607059
134.327438,784.606967
134.330340,784.606967
134.333243,784.606967
134.336145,784.416522
134.339048,784.869749
134.341950,784.869749
134.344853,784.869749
134.347755,785.383001
134.350658,785.383001
134.353560,785.836787
134.356463,786.421803
134.359365,786.876189
134.362268,786.876189
134.365170,787.175150
134.368073,787.629971
134.370975,787.629971
134.373878,787.629971
134.376780,787.728736
134.379683,787.273858
134.382585,787.273858
134.385488,786.508635
134.388390,785.600550
134.391293,784.693512
134.394195,783.787522
134.397098,785.456649
134.400000,783.191433
134.402902,783.643953
134.405805,785.380259
134.408707,784.473476
134.411610,784.473476
134.414512,784.473476
134.417415,788.584874
134.420317,785.402780
134.423220,785.856578
134.426122,753.368230
134.429025,753.368230
134.431927,0.000000
134.434830,0.000000
134.437732,749.373815
134.440635,748.508605
134.443537,748.508605
134.446440,748.202949
134.449342,748.202949
134.452245,748.202949
134.455147,748.204669
134.458050,748.204669
134.460952,747.772614
134.463855,747.772614
134.466757,747.976877
134.469660,747.976877
134.472562,747.976877
134.475465,748.573432
134.478367,748.573432
134.481270,749.005949
134.484172,749.438717
134.487075,749.513278
134.489977,749.946339
134.492880,749.946339
134.495782,750.006124
134.498685,750.439470
134.501587,750.439470
134.504490,750.439470
134.507392,750.466719
134.510295,750.466719
134.513197,750.900331
134.516100,750.779932
134.519002,750.779932
134.521905,751.213725
134.524807,750.779932
134.527710,750.685203
134.530612,750.685203
134.533515,751.118941
134.536417,751.013576
134.539320,751.013576
134.542222,751.013576
134.545125,750.977383
134.548027,750.977383
134.550930,750.543727
134.553832,750.543727
134.556735,750.499021
134.559637,750.499021
134.562540,750.065641
134.565442,750.084650
134.568345,749.651509
134.571247,749.651509
134.574150,749.218618
134.577052,748.702324
134.579955,747.837889
134.582857,747.837889
134.585760,746.529099
134.588662,746.098011
134.591565,748.688276
134.594467,748.255941
134.597370,749.957668
134.600272,749.524601
134.603175,748.659216
134.606077,0.000000
134.608980,0.000000
134.611882,756.325519
134.614785,757.199765
134.617687,649.321489
134.620590,651.199513
134.623492,654.215657
134.626395,658.161249
134.629297,662.739122
134.632200,664.655955
134.635102,665.459411
134.638005,665.843907
134.640907,666.228624
134.643810,666.228624
134.646712,666.151709
134.649615,666.536604
134.652517,666.536604
134.655420,666.574782
134.658322,666.959922
134.661224,666.959922
134.664127,666.959922
134.667029,667.132932
134.669932,667.132932
134.672834,667.132932
134.675737,667.288053
134.678639,667.288053
134.681542,667.288053
134.684444,667.288053
134.687347,667.194339
134.690249,667.194339
134.693152,667.194339
134.696054,667.637009
134.698957,667.637009
134.701859,667.637009
134.704762,667.251478
134.707664,667.356601
134.710567,667.356601
134.713469,667.356601
134.716372,667.453515
134.719274,667.453515
134.722177,667.453515
134.725079,667.631836
134.727982,667.631836
134.730884,667.631836
134.733787,667.631836
134.736689,667.729736
134.739592,667.729736
134.742494,667.344151
134.745397,667.750254
134.748299,667.364657
134.751202,667.364657
134.754104,667.750254
134.757007,667.795096
134.759909,667.409474
134.762812,667.409474
134.765714,667.392780
134.768617,667.392780
134.771519,667.392780
134.774422,667.392780
134.777324,667.381726
134.780227,667.381726
134.783129,667.381726
134.786032,667.327925
134.788934,667.327925
134.791837,667.327925
134.794739,667.327925
134.797642,667.148877
134.800544,667.148877
134.803447,667.148877
134.806349,667.366297
134.809252,667.366297
134.812154,667.366297
134.815057,667.593204
134.817959,667.978933
134.820862,667.593204
134.823764,667.207699
134.826667,666.821537
134.829569,667.592325
134.832472,667.592325
134.835374,667.849795
134.838277,666.693501
134.841179,667.464141
134.844082,668.235671
134.846984,667.798238
134.849887,667.412614
134.852789,665.487832
134.855692,667.255564
134.858594,667.255564
134.861497,665.331234
134.864399,665.331234
134.867302,597.894210
134.870204,598.931180
134.873107,598.931180
134.876009,598.990704
134.878912,599.336795
134.881814,599.336795
134.884717,598.644814
134.887619,598.309238
134.890522,597.963740
134.893424,596.928446
134.896327,596.054399
134.899229,595.710204
134.902132,595.366207
134.905034,595.272452
134.907937,593.898668
134.910839,592.870412
134.913741,591.502171
134.916644,591.400289
134.919546,590.035442
134.922449,589.013874
134.925351,588.405555
134.928254,589.085700
134.931156,587.726195
134.934059,586.031224
134.936961,584.681466
134.939864,585.019289
134.942766,584.343838
134.945669,584.276042
134.948571,583.601450
134.951474,583.938649
134.954376,584.276042
134.957279,584.454926
134.960181,584.454926
134.963084,585.806865
134.965986,585.850943
134.968889,585.850943
134.971791,586.528136
134.974694,587.545393
134.977596,587.981005
134.980499,588.660659
134.983401,590.022327
134.986304,591.280502
134.989206,592.306001
134.992109,591.963970
134.995011,593.146990
134.997914,595.550151
135.000816,596.583055
135.003719,597.963048
135.006621,599.129529
135.009524,600.515413
135.012426,601.209556
135.015329,602.150761
135.018231,602.150761
135.021134,602.150761
135.024036,601.803046
135.026939,602.128266
135.029841,602.824274
135.032744,602.824274
135.035646,603.038508
135.038549,603.038508
135.041451,602.690280
135.044354,601.994427
135.047256,601.821945
135.050159,601.474420
135.053061,601.127095
135.055964,600.138699
135.058866,598.407931
135.061769,597.026912
135.064671,595.305118
135.067574,593.261072
135.070476,592.918490
135.073379,591.891930
135.076281,590.681971
135.079184,589.659284
135.082086,589.318781
135.084989,588.298454
135.087891,587.748738
135.090794,586.731129
135.093696,586.731129
135.096599,586.123758
135.099501,585.447032
135.102404,586.462414
135.105306,585.980749
135.108209,586.319323
135.111111,584.966201
135.114014,584.966201
135.116916,585.876420
135.119819,586.553642
135.122721,588.250124
135.125624,587.808716
135.128526,588.148346
135.131429,588.488171
135.134331,589.508828
135.137234,590.891280
135.140136,590.891280
135.143039,591.574299
135.145941,591.666089
135.148844,593.034708
135.151746,594.749936
135.154649,594.749936
135.157551,595.436789
135.160454,595.780826
135.163356,596.469497
135.166259,597.131032
135.169161,597.821263
135.172063,598.858107
135.174966,598.858107
135.177868,598.659364
135.180771,598.313665
135.183673,598.313665
135.186576,596.900044
135.189478,596.900044
135.192381,597.590008
135.195283,597.492494
135.198186,597.147468
135.201088,597.147468
135.203991,598.528767
135.206893,598.616096
135.209796,597.579672
135.212698,597.234596
135.215601,597.749129
135.218503,597.749129
135.221406,597.749129
135.224308,597.749129
135.227211,597.804810
135.230113,598.150215
135.233016,597.804810
135.235918,597.708600
135.238821,598.053950
135.241723,598.053950
135.244626,597.708600
135.247528,597.880955
135.250431,597.880955
135.253333,597.880955
135.256236,597.299764
135.259138,596.954850
135.262041,596.954850
135.264943,596.265619
135.267846,595.365597
135.270748,592.620770
135.273651,591.253106
135.276553,593.680265
135.279456,595.397359
135.282358,596.774609
135.285261,596.179901
135.288163,593.431320
135.291066,591.036709
135.293968,592.403872
135.296871,582.996071
135.299773,584.344635
135.302676,582.996071
135.305578,534.314049
135.308481,533.388955
135.311383,526.045632
135.314286,524.831611
135.317188,523.112925
135.320091,524.625919
135.322993,525.535814
135.325896,525.102045
135.328798,525.102045
135.331701,525.102045
135.334603,525.405444
135.337506,525.592855
135.340408,524.986017
135.343311,524.986017
135.346213,524.881300
135.349116,524.578205
135.352018,524.578205
135.354921,524.275284
135.357823,524.464299
135.360726,524.161444
135.363628,524.161444
135.366531,524.020726
135.369433,524.020726
135.372336,524.020726
135.375238,524.036780
135.378141,524.339563
135.381043,524.339563
135.383946,524.339563
135.386848,524.400475
135.389751,524.703468
135.392653,525.006636
135.395556,524.762345
135.398458,524.459318
135.401361,524.459318
135.404263,524.762345
135.407166,524.735839
135.410068,524.735839
135.412971,525.039025
135.415873,525.018011
135.418776,525.321361
135.421678,525.624886
135.424580,525.624886
135.427483,525.359472
135.430385,525.663020
135.433288,526.270640
135.436190,526.114622
135.439093,526.418605
135.441995,526.114622
135.444898,526.114622
135.447800,525.779253
135.450703,525.779253
135.453605,525.475638
135.456508,525.708824
135.459410,525.101852
135.462313,524.798629
135.465215,525.188365
135.468118,523.976323
135.471020,523.673750
135.473923,523.069128
135.476825,521.888748
135.479728,522.492006
135.482630,526.430216
135.485533,527.458176
135.488435,524.420240
135.491338,522.907840
135.494240,522.605884
135.497143,501.486044
135.500045,500.617787
135.502948,500.617787
135.505850,494.363884
135.508753,495.793727
135.511655,497.514998
135.514558,498.953955
135.517460,500.487713
135.520363,500.776889
135.523265,501.645422
135.526168,501.901723
135.529070,501.901723
135.531973,501.322238
135.534875,501.611897
135.537778,501.618886
135.540680,501.908716
135.543583,501.618886
135.546485,501.133856
135.549388,501.133856
135.552290,501.133856
135.555193,501.242518
135.558095,501.242518
135.560998,501.242518
135.563900,501.242518
135.566803,501.414252
135.569705,501.414252
135.572608,501.414252
135.575510,501.485072
135.578413,501.774824
135.581315,501.485072
135.584218,501.195486
135.587120,501.046433
135.590023,501.335932
135.592925,501.046433
135.595828,500.914346
135.598730,500.914346
135.601633,500.625090
135.604535,500.625090
135.607438,500.621264
135.610340,500.621264
135.613243,500.621264
135.616145,500.440583
135.619048,500.440583
135.621950,500.440583
135.624853,500.729732
135.627755,500.651276
135.630658,500.362172
135.633560,500.362172
135.636463,500.336506
135.639365,500.336506
135.642268,500.336506
135.645170,500.415774
135.648073,500.415774
135.650975,500.415774
135.653878,500.415774
135.656780,500.579578
135.659683,500.290516
135.662585,500.290516
135.665488,500.320030
135.668390,500.320030
135.671293,500.609109
135.674195,500.609109
135.677098,500.615460
135.680000,500.615460
135.682902,500.904710
135.685805,500.848022
135.688707,501.137406
135.691610,501.137406
135.694512,500.848022
135.697415,501.042660
135.700317,500.753330
135.703220,500.753330
135.706122,500.404201
135.709025,500.115240
135.711927,499.826445
135.714830,500.115240
135.717732,500.764637
135.720635,500.475468
135.723537,501.343478
135.726440,500.207085
135.729342,501.074630
135.732245,500.785281
135.735147,506.470045
135.738050,506.470045
135.740952,506.470045
135.743855,515.918654
135.746757,519.494252
135.749660,522.503651
135.752562,524.317653
135.755465,526.776393
135.758367,527.080759
135.761270,526.168188
135.764172,525.864349
135.767075,526.761630
135.769977,525.545957
135.772880,524.939173
135.775782,524.067250
135.778685,523.764625
135.781587,522.555868
135.784490,521.349902
135.787392,520.316853
135.790295,519.116053
135.793197,518.516693
135.796100,517.948954
135.799002,517.350941
135.801905,516.753619
135.804807,514.965788
135.807710,514.309972
135.810612,513.716161
135.813515,513.716161
135.816417,513.115005
135.819320,513.708121
135.822222,513.411477
135.825125,513.508236
135.828027,513.804935
135.830930,513.804935
135.833832,514.101806
135.836735,514.438857
135.839637,515.331084
135.842540,515.926762
135.845442,516.721795
135.848345,516.423411
135.851247,517.319081
135.854150,518.216304
135.857052,519.357208
135.859955,519.957540
135.862857,520.558566
135.865760,521.422981
135.868662,522.629117
135.871565,523.838043
135.874467,525.049765
135.877370,526.526038
135.880272,527.439229
135.883175,527.743977
135.886077,528.394494
135.888980,529.616756
135.891882,531.148561
135.894785,531.762522
135.897687,533.693948
135.900590,533.693948
135.903492,534.310852
135.906395,534.806911
135.909297,533.880964
135.912200,533.572671
135.915102,532.841163
135.918005,531.611460
135.920907,530.997673
135.923810,529.772224
135.926712,529.441596
135.929615,529.135867
135.932517,529.135867
135.935420,528.487923
135.938322,526.963792
135.941224,526.355371
135.944127,525.747653
135.947029,523.134562
135.949932,523.436824
135.952834,521.625870
135.955737,521.138283
135.958639,520.236001
135.961542,519.035388
135.964444,518.136747
135.967347,517.764045
135.970249,516.867605
135.973152,515.972717
135.976054,515.489121
135.978957,515.489121
135.981859,0.000000
135.984762,0.000000
135.987664,515.635140
135.990567,515.635140
135.993469,515.635140
135.996372,516.296918
135.999274,516.595229
136.002177,516.893712
136.005079,517.026543
136.007982,517.624180
136.010884,518.521932
136.013787,519.121299
136.016689,519.524653
136.019592,520.125178
136.022494,521.027268
136.025397,521.900293
136.028299,522.201841
136.031202,523.107532
136.034104,523.712199
136.037007,524.743087
136.039909,525.046278
136.042812,525.046278
136.045714,526.508123
136.048617,527.421283
136.051519,528.030936
136.054422,528.030936
136.057324,528.392039
136.060227,527.781969
136.063129,527.781969
136.066032,528.260427
136.068934,528.260427
136.071837,528.260427
136.074739,527.955380
136.077642,527.597436
136.080544,527.292772
136.083447,526.988283
136.086349,526.655247
136.089252,526.351127
136.092154,526.047182
136.095057,525.888039
136.097959,525.888039
136.100862,524.977534
136.103764,524.371406
136.106667,524.220297
136.109569,524.220297
136.112472,523.917583
136.115374,523.451762
136.118277,523.754207
136.121179,524.056826
136.124082,523.754207
136.126984,523.552544
136.129887,523.552544
136.132789,523.552544
136.135692,523.703931
136.138594,523.703931
136.141497,523.703931
136.144399,524.006521
136.147302,524.043205
136.150204,524.345992
136.153107,523.438156
136.156009,523.302865
136.158912,523.000681
136.161814,522.095174
136.164717,519.988418
136.167619,519.551518
136.170522,519.851710
136.173424,521.656504
136.176327,520.983448
136.179229,523.396473
136.182132,522.490282
136.185034,505.985002
136.187937,505.985002
136.190839,505.985002
136.193741,505.985002
136.196644,497.568013
136.199546,494.416563
136.202449,495.846558
136.205351,497.173943
136.208254,497.748633
136.211156,498.323987
136.214059,498.611914
136.216961,498.742007
136.219864,498.454006
136.222766,498.454006
136.225669,498.625618
136.228571,498.625618
136.231474,498.913718
136.234376,499.201986
136.237279,499.287126
136.240181,498.998809
136.243084,498.998809
136.245986,499.231604
136.248889,499.231604
136.251791,499.231604
136.254694,499.231604
136.257596,499.298246
136.260499,499.298246
136.263401,499.298246
136.266304,499.323747
136.269206,499.323747
136.272109,499.323747
136.275011,499.301543
136.277914,499.301543
136.280816,499.301543
136.283719,499.590034
136.286621,499.549663
136.289524,499.549663
136.292426,499.549663
136.295329,499.597550
136.298231,499.597550
136.301134,499.597550
136.304036,499.597550
136.306939,499.907893
136.309841,499.907893
136.312744,499.907893
136.315646,499.952143
136.318549,499.952143
136.321451,499.663443
136.324354,499.952143
136.327256,499.889591
136.330159,499.889591
136.333061,499.889591
136.335964,499.777325
136.338866,499.777325
136.341769,500.066092
136.344671,500.066092
136.347574,499.532544
136.350476,499.532544
136.353379,499.532544
136.356281,499.440168
136.359184,499.440168
136.362086,499.151763
136.364989,499.151763
136.367891,499.118660
136.370794,499.118660
136.373696,499.118660
136.376599,499.050067
136.379501,498.761888
136.382404,498.473875
136.385306,498.153682
136.388209,497.578524
136.391111,496.143534
136.394014,494.998523
136.396916,495.945091
136.399819,497.379507
136.402721,497.954434
136.405624,498.997242
136.408526,498.997242
136.411429,499.574040
136.414331,499.574040
136.417234,497.875394
136.420136,498.738894
136.423039,502.498068
136.425941,436.464655
136.428844,436.464655
136.431746,440.008531
136.434649,441.281163
136.437551,441.336550
136.440454,441.591549
136.443356,442.101991
136.446259,442.729690
136.449161,442.985494
136.452063,442.985494
136.454966,442.729690
136.457868,442.667233
136.460771,442.667233
136.463673,442.667233
136.466576,442.624975
136.469478,442.880719
136.472381,442.880719
136.475283,442.806011
136.478186,443.061860
136.481088,443.317856
136.483991,443.061860
136.486893,443.601729
136.489796,443.601729
136.492698,443.601729
136.495601,443.513776
136.498503,443.513776
136.501406,0.000000
136.504308,443.513776
136.507211,443.392199
136.510113,443.392199
136.513016,443.648386
136.515918,443.735840
136.518821,443.735840
136.521723,443.735840
136.524626,443.479602
136.527528,443.421602
136.530431,443.421602
136.533333,443.677807
136.536236,443.691397
136.539138,443.691397
136.542041,443.691397
136.544943,443.691397
136.547846,443.542098
136.550748,443.542098
136.553651,443.798372
136.556553,443.653932
136.559456,443.653932
136.562358,443.653932
136.565261,443.622086
136.568163,443.622086
136.571066,443.622086
136.573968,443.622086
136.576871,443.450115
136.579773,443.450115
136.582676,443.450115
136.585578,443.588771
136.588481,443.588771
136.591383,443.588771
136.594286,443.588771
136.597188,443.579519
136.600091,443.579519
136.602993,443.835815
136.605896,443.711341
136.608798,443.711341
136.611701,443.967713
136.614603,443.967713
136.617506,443.754004
136.620408,443.754004
136.623311,443.754004
136.626213,443.871119
136.629116,443.871119
136.632018,443.871119
136.634921,444.127583
136.637823,444.110860
136.640726,443.598100
136.643628,443.085931
136.646531,442.907658
136.649433,444.188674
136.652336,444.445322
136.655238,445.440519
136.658141,444.155892
136.661043,443.899412
136.663946,443.643079
136.666848,444.087277
136.669751,444.087277
136.672653,444.087277
136.675556,444.495151
136.678458,443.725566
136.681361,443.725566
136.684263,443.725566
136.687166,442.831909
136.690068,442.320625
136.692971,442.320625
136.695873,390.134899
136.698776,390.134899
136.701678,390.134899
136.704580,390.585861
136.707483,391.245883
136.710385,391.924448
136.713288,392.150898
136.716190,392.631010
136.719093,392.857868
136.721995,393.311978
136.724898,393.084857
136.727800,392.911611
136.730703,392.684722
136.733605,393.365782
136.736508,393.126501
136.739410,392.672606
136.742313,392.899488
136.745215,392.866933
136.748118,392.866933
136.751020,393.093927
136.753923,393.093927
136.756825,392.759171
136.759728,392.759171
136.762630,392.759171
136.765533,392.427159
136.768435,392.880771
136.771338,392.880771
136.774240,392.880771
136.777143,393.158995
136.780045,393.386158
136.782948,393.840878
136.785850,393.061588
136.788753,393.288695
136.791655,393.288695
136.794558,393.061588
136.797460,392.750674
136.800363,393.431849
136.803265,393.659170
136.806168,393.890919
136.809070,393.890919
136.811973,393.663464
136.814875,393.663464
136.817778,393.952028
136.820680,394.179650
136.823583,394.407402
136.826485,394.614176
136.829388,394.842180
136.832290,395.298583
136.835193,395.266303
136.838095,395.494684
136.840998,395.723196
136.843900,395.723196
136.846803,395.769063
136.849705,395.769063
136.852608,395.997734
136.855510,396.181997
136.858413,396.410907
136.861315,396.410907
136.864218,396.639949
136.867120,396.862122
136.870023,396.632952
136.872925,396.862122
136.875828,397.022390
136.878730,397.022390
136.881633,396.793127
136.884535,396.793127
136.887438,396.588057
136.890340,396.359045
136.893243,396.588057
136.896145,396.881519
136.899048,396.652338
136.901950,396.652338
136.904853,396.652338
136.907755,396.474598
136.910658,396.245652
136.913560,396.016837
136.916463,395.727007
136.919365,395.270109
136.922268,394.585751
136.925170,394.330265
136.928073,394.102557
136.930975,394.102557
136.933878,393.647535
136.936780,393.079023
136.939683,392.852037
136.942585,392.171866
136.945488,391.681040
136.948390,391.454861
136.951293,391.907349
136.954195,391.228813
136.957098,390.422778
136.960000,389.972004
136.962902,389.746813
136.965805,389.296599
136.968707,389.521530
136.971610,389.071797
136.974512,388.847125
136.977415,388.930902
136.980317,388.481851
136.983220,388.481851
136.986122,388.829155
136.989025,389.278607
136.991927,389.278607
136.994830,389.728579
136.997732,389.824452
137.000635,390.275055
137.003537,390.049689
137.006440,390.429570
137.009342,390.655157
137.012245,391.106720
137.015147,391.216655
137.018050,391.895169
137.020952,392.348166
137.023855,392.801686
137.026757,393.143682
137.029660,393.598121
137.032562,394.053086
137.035465,394.499615
137.038367,395.183824
137.041270,395.412157
137.044172,396.097948
137.047075,395.520598
137.049977,397.582107
137.052880,398.271662
137.055782,399.577189
137.058685,400.270204
137.061587,400.732882
137.064490,400.501476
137.067392,400.295738
137.070295,400.064585
137.073197,400.989999
137.076100,400.490439
137.079002,400.259174
137.081905,399.797043
137.084807,400.028042
137.087710,399.737445
137.090612,399.737445
137.093515,399.968410
137.096417,400.635510
137.099320,399.480098
137.102222,398.558169
137.105125,397.932152
137.108027,397.243185
137.110930,0.000000
137.113832,396.097557
137.116735,395.271522
137.119637,395.499906
137.122540,395.957069
137.125442,393.930067
137.128345,393.475244
137.131247,393.020946
137.134150,391.887495
137.137052,391.445052
137.139955,391.219010
137.142857,390.541666
137.145760,390.625587
137.148662,390.174579
137.151565,391.077116
137.154467,389.949270
137.157370,389.272680
137.160272,389.497598
137.163175,389.272680
137.166077,390.253957
137.168980,390.253957
137.171882,389.578284
137.174785,388.903781
137.177687,389.283753
137.180590,389.958915
137.183492,390.409674
137.186395,391.003881
137.189297,391.003881
137.192200,391.229799
137.195102,391.503256
137.198005,391.277181
137.200907,391.729463
137.203810,392.408867
137.206712,392.833174
137.209615,393.060149
137.212517,393.287255
137.215420,393.690844
137.218322,394.373650
137.221224,394.829511
137.224127,395.285900
137.227029,395.095650
137.229932,395.552346
137.232834,396.925605
137.235737,397.459308
137.238639,397.918736
137.241542,398.378696
137.244444,398.378696
137.247347,398.814642
137.250249,398.814642
137.253152,399.045073
137.256054,399.860602
137.258957,398.707425
137.261859,399.168296
137.264762,399.629700
137.267664,400.422758
137.270567,400.654118
137.273469,400.885612
137.276372,400.724074
137.279274,400.030273
137.282177,400.261407
137.285079,399.680911
137.287982,398.988916
137.290884,398.068120
137.293787,396.920113
137.296689,397.210353
137.299592,396.751743
137.302494,395.836110
137.305397,395.846124
137.308299,395.846124
137.311202,395.617540
137.314104,394.476600
137.317007,393.719488
137.319909,394.630225
137.322812,392.357322
137.325714,391.544044
137.328617,391.317945
137.331519,391.770274
137.334422,391.317945
137.337324,391.633000
137.340227,392.085694
137.343129,391.633000
137.346032,390.792846
137.348934,390.567181
137.351837,390.792846
137.354739,390.341645
137.357642,390.795078
137.360544,390.343874
137.363447,391.020875
137.366349,391.032284
137.369252,392.616569
137.372154,393.070400
137.375057,393.827596
137.377959,391.559316
137.380862,389.979298
137.383764,391.107230
137.386667,391.952996
137.389569,392.859647
137.392472,394.451335
137.395374,394.962394
137.398277,395.647405
137.401179,396.104739
137.404082,396.104739
137.406984,395.482331
137.409887,395.939474
137.412789,396.855346
137.415692,397.535027
137.418594,397.994543
137.421497,398.454590
137.424399,398.454590
137.427302,398.776233
137.430204,398.545957
137.433107,399.467858
137.436009,399.407208
137.438912,398.715688
137.441814,398.715688
137.444717,398.255339
137.447619,399.629355
137.450522,400.322460
137.453424,400.091292
137.456327,399.882376
137.459229,398.268773
137.462132,398.268773
137.465034,397.774786
137.467937,397.086092
137.470839,396.627625
137.473741,397.545089
137.476644,397.449390
137.479546,397.449390
137.482449,396.990504
137.485351,396.827661
137.488254,396.598510
137.491156,396.369492
137.494059,395.454741
137.496961,393.864623
137.499864,392.048780
137.502766,391.370000
137.505669,393.355591
137.508571,393.582868
137.511474,393.355591
137.514376,393.810276
137.517279,393.958849
137.520181,393.958849
137.523084,393.731355
137.525986,393.687040
137.528889,393.687040
137.531791,394.142108
137.534694,393.914508
137.537596,393.854865
137.540499,394.765915
137.543401,395.450586
137.546304,395.099673
137.549206,394.871521
137.552109,394.187853
137.555011,394.628147
137.557914,393.717415
137.560816,393.262837
137.563719,394.628147
137.566621,442.437865
137.569524,437.608733
137.572426,439.635594
137.575329,442.589578
137.578231,441.568160
137.581134,443.357193
137.584036,442.845302
137.586939,442.889511
137.589841,442.633761
137.592744,442.633761
137.595646,442.748584
137.598549,443.004399
137.601451,443.004399
137.604354,444.542399
137.607256,442.962169
137.610159,443.218108
137.613061,443.474195
137.615964,443.049629
137.618866,443.049629
137.621769,443.049629
137.624671,443.049629
137.627574,442.806803
137.630476,442.806803
137.633379,443.318649
137.636281,443.172544
137.639184,443.172544
137.642086,443.428604
137.644989,443.684813
137.647891,443.777865
137.650794,444.034275
137.653696,444.547540
137.656599,444.031945
137.659501,443.775536
137.662404,445.059062
137.665306,444.381380
137.668209,444.381380
137.671111,444.124769
137.674014,444.124769
137.676916,444.158180
137.679819,444.671588
137.682721,445.957706
137.685624,447.445062
137.688526,451.599500
137.691429,451.599500
137.694331,450.817615
137.697234,451.354422
137.700136,452.659869
137.703039,452.921411
137.705941,450.740020
137.708844,449.959623
137.711746,450.479737
137.714649,453.089340
137.717551,454.198162
137.720454,453.935883
137.723356,453.935883
137.726259,454.139709
137.729161,453.353426
137.732063,451.263321
137.734966,454.927355
137.737868,451.714937
137.740771,449.372744
137.743673,452.498378
137.746576,452.596022
137.749478,453.905060
137.752381,455.217884
137.755283,449.026075
137.758186,449.804852
137.761088,449.804852
137.763991,449.804852
137.766893,454.089183
137.769796,456.719695
137.772698,455.139565
137.775601,692.487932
137.778503,693.288388
137.781406,694.089769
137.784308,694.892076
137.787211,695.237540
137.790113,695.639241
137.793016,695.639241
137.795918,695.698736
137.798821,695.698736
137.801723,696.100703
137.804626,696.502903
137.807528,697.276818
137.810431,696.874172
137.813333,696.471757
137.816236,696.305041
137.819138,695.902956
137.822041,695.501102
137.824943,695.501102
137.827846,695.481920
137.830748,695.883762
137.833651,695.883762
137.836553,696.518058
137.839456,696.518058
137.842358,696.518058
137.845261,696.339624
137.848163,0.000000
137.851066,0.000000
137.853968,0.000000
137.856871,0.000000
137.859773,0.000000
137.862676,0.000000
137.865578,0.000000
137.868481,0.000000
137.871383,0.000000
137.874286,0.000000
137.877188,0.000000
137.880091,0.000000
137.882993,0.000000
137.885896,696.592723
137.888798,696.592723
137.891701,696.592723
137.894603,696.995207
137.897506,697.261235
137.900408,697.261235
137.903311,696.858597
137.906213,697.063709
137.909116,697.063709
137.912018,697.063709
137.914921,697.063709
137.917823,697.433949
137.920726,697.433949
137.923628,697.031212
137.926531,697.154045
137.929433,697.154045
137.932336,697.154045
137.935238,697.312279
137.938141,697.312279
137.941043,697.312279
137.943946,697.312279
137.946848,697.337994
137.949751,697.337994
137.952653,697.337994
137.955556,697.511659
137.958458,697.108877
137.961361,697.108877
137.964263,697.108877
137.967166,697.390720
137.970068,697.390720
137.972971,696.988007
137.975873,697.178396
137.978776,697.178396
137.981678,697.178396
137.984580,697.178396
137.987483,697.414479
137.990385,697.414479
137.993288,697.414479
137.996190,697.369867
137.999093,696.967167
138.001995,696.967167
138.004898,696.967167
138.007800,696.856134
138.010703,696.856134
138.013605,697.258770
138.016508,697.140217
138.019410,697.140217
138.022313,697.140217
138.025215,697.170783
138.028118,697.170783
138.031020,697.170783
138.033923,697.170783
138.036825,697.283273
138.039728,697.283273
138.042630,697.283273
138.045533,697.325193
138.048435,697.325193
138.051338,697.325193
138.054240,697.325193
138.057143,697.411594
138.060045,697.411594
138.062948,697.411594
138.065850,697.406222
138.068753,697.406222
138.071655,697.406222
138.074558,697.406222
138.077460,697.511944
138.080363,697.511944
138.083265,697.511944
138.086168,697.482956
138.089070,697.482956
138.091973,697.482956
138.094875,697.482956
138.097778,697.545594
138.100680,697.545594
138.103583,697.545594
138.106485,697.348854
138.109388,697.348854
138.112290,697.348854
138.115193,697.135434
138.118095,697.135434
138.120998,697.135434
138.123900,697.135434
138.126803,697.289543
138.129705,696.886889
138.132608,696.886889
138.135510,696.429371
138.138413,696.429371
138.141315,696.027214
138.144218,695.625289
138.147120,695.546388
138.150023,695.144741
138.152925,695.144741
138.155828,695.429643
138.158730,695.429643
138.161633,694.225599
138.164535,693.824714
138.167438,693.722891
138.170340,693.322297
138.173243,692.121901
138.176145,691.383442
138.179048,691.383442
138.181950,692.182621
138.184853,693.783751
138.187755,682.603030
138.190658,685.368626
138.193560,690.534495
138.196463,690.295835
138.199365,693.893754
138.202268,695.900694
138.205170,694.020946
138.208073,695.626329
138.210975,695.626329
138.213878,696.832802
138.216780,693.227049
138.219683,692.826741
138.222585,692.026818
138.225488,665.306703
138.228390,664.538555
138.231293,664.922518
138.234195,666.075740
138.237098,666.703105
138.240000,666.703105
138.242902,666.703105
138.245805,666.921815
138.248707,666.536697
138.251610,666.536697
138.254512,666.921815
138.257415,667.554797
138.260317,667.169314
138.263220,667.169314
138.266122,666.982980
138.269025,666.982980
138.271927,666.597827
138.274830,666.597827
138.277732,666.702472
138.280635,667.087685
138.283537,666.702472
138.286440,666.661272
138.289342,667.046462
138.292245,667.046462
138.295147,667.002344
138.298050,667.002344
138.300952,667.002344
138.303855,667.002344
138.306757,666.960479
138.309660,666.960479
138.312562,667.345842
138.315465,667.188065
138.318367,0.000000
138.321270,667.188065
138.324172,666.802794
138.327075,666.700652
138.329977,667.085865
138.332880,667.085865
138.335782,667.241336
138.338685,666.856034
138.341587,666.856034
138.344490,666.856034
138.347392,667.234516
138.350295,667.234516
138.353197,667.234516
138.356100,667.140039
138.359002,667.140039
138.361905,667.140039
138.364807,667.525506
138.367710,667.444676
138.370612,667.444676
138.373515,667.444676
138.376417,667.429193
138.379320,667.429193
138.382222,667.814827
138.385125,667.864088
138.388027,667.478426
138.390930,667.478426
138.393832,667.864088
138.396735,668.752805
138.399637,0.000000
138.402540,0.000000
138.405442,0.000000
138.408345,0.000000
138.411247,0.000000
138.414150,0.000000
138.417052,0.000000
138.419955,0.000000
138.422857,589.086715
138.425760,589.192767
138.428662,589.873822
138.431565,589.873822
138.434467,589.873822
138.437370,589.346376
138.440272,588.665930
138.443175,589.686894
138.446077,590.248738
138.448980,589.567250
138.451882,589.567250
138.454785,589.226801
138.457687,589.467417
138.460590,590.148790
138.463492,590.148790
138.466395,589.997199
138.469297,590.338093
138.472200,590.338093
138.475102,590.319838
138.478005,590.319838
138.480907,590.319838
138.483810,591.002196
138.486712,590.772889
138.489615,590.772889
138.492517,590.772889
138.495420,590.936808
138.498322,591.619879
138.501224,591.961711
138.504127,591.619879
138.507029,591.413527
138.509932,591.413527
138.512834,591.755239
138.515737,591.885851
138.518639,591.885851
138.521542,591.885851
138.524444,591.885851
138.527347,591.753417
138.530249,591.753417
138.533152,591.411705
138.536054,591.669708
138.538957,591.669708
138.541859,591.669708
138.544762,591.669708
138.547664,591.646716
138.550567,591.646716
138.553469,591.305066
138.556372,591.586789
138.559274,591.586789
138.562177,591.245173
138.565079,591.462328
138.567982,591.462328
138.570884,591.462328
138.573787,591.462328
138.576689,591.434092
138.579592,591.434092
138.582494,591.434092
138.585397,591.575860
138.588299,591.234251
138.591202,591.234251
138.594104,591.234251
138.597007,591.766485
138.599909,591.083244
138.602812,589.378592
138.605714,588.579587
138.608617,589.600402
138.611519,590.281929
138.614422,590.281929
138.617324,588.857687
138.620227,587.838158
138.623129,587.498707
138.626032,588.050281
138.628934,589.751091
138.631837,589.070178
138.634739,589.070178
138.637642,589.907743
138.640544,588.886396
138.643447,590.589625
138.646349,592.274409
138.649252,593.644436
138.652154,590.907545
138.655057,589.771560
138.657959,589.771560
138.660862,593.188072
138.663764,589.090622
138.666667,589.120617
138.669569,592.191196
138.672472,591.849232
138.675374,0.000000
138.678277,592.112087
138.681179,590.063534
138.684082,590.063534
138.686984,591.114631
138.689887,591.797908
138.692789,591.797908
138.695692,517.380330
138.698594,518.277659
138.701497,517.978377
138.704399,517.978377
138.707302,518.976870
138.710204,519.576762
138.713107,520.177348
138.716009,520.459611
138.718912,520.760327
138.721814,521.663519
138.724717,522.266516
138.727619,522.986869
138.730522,523.289045
138.733424,524.196622
138.736327,525.169229
138.739229,526.080067
138.742132,526.688170
138.745034,526.147057
138.747937,527.059591
138.750839,527.973707
138.753741,527.973707
138.756644,528.071729
138.759546,527.766791
138.762449,527.462029
138.765351,527.968644
138.768254,528.273699
138.771156,528.273699
138.774059,527.968644
138.776961,527.553640
138.779864,527.553640
138.782766,527.553640
138.785669,527.289896
138.788571,526.985409
138.791474,526.073004
138.794376,525.769220
138.797279,525.677538
138.800181,525.677538
138.803084,525.373982
138.805986,524.553384
138.808889,524.553384
138.811791,524.856465
138.814694,524.856465
138.817596,524.805760
138.820499,524.199830
138.823401,524.502707
138.826304,525.092797
138.829206,525.699758
138.832109,525.699758
138.835011,525.785537
138.837914,526.089331
138.840816,526.697444
138.843719,527.306261
138.846621,527.601868
138.849524,527.601868
138.852426,527.297201
138.855329,527.744772
138.858231,528.049697
138.861134,527.744772
138.864036,527.440022
138.866939,527.996732
138.869841,528.301803
138.872744,528.301803
138.875646,528.229004
138.878549,528.229004
138.881451,528.229004
138.884354,527.923975
138.887256,528.227025
138.890159,528.227025
138.893061,528.837609
138.895964,528.617830
138.898866,528.617830
138.901769,528.923260
138.904671,528.923260
138.907574,528.909578
138.910476,528.909578
138.913379,528.909578
138.916281,528.977280
138.919184,529.282917
138.922086,529.588731
138.924989,529.282917
138.927891,528.963429
138.930794,528.963429
138.933696,529.269059
138.936599,529.040042
138.939501,529.040042
138.942404,529.040042
138.945306,528.941556
138.948209,528.941556
138.951111,528.941556
138.954014,529.247173
138.956916,529.099942
138.959819,528.794410
138.962721,528.794410
138.965624,529.258727
138.968526,528.953104
138.971429,0.000000
138.974331,528.647657
138.977234,528.710586
138.980136,528.405279
138.983039,528.405279
138.985941,528.374537
138.988844,528.374537
138.991746,528.069424
138.994649,528.069424
138.997551,528.010582
139.000454,528.010582
139.003356,528.010582
139.006259,527.869773
139.009161,527.564952
139.012063,527.564952
139.014966,527.260306
139.017868,527.549186
139.020771,527.549186
139.023673,527.549186
139.026576,527.467346
139.029478,527.772111
139.032381,527.772111
139.035283,527.765481
139.038186,527.765481
139.041088,527.765481
139.043991,528.070418
139.046893,528.349049
139.049796,528.349049
139.052698,528.349049
139.055601,528.598517
139.058503,528.598517
139.061406,528.598517
139.064308,528.598517
139.067211,528.465396
139.070113,528.160230
139.073016,528.160230
139.075918,527.921130
139.078821,527.616278
139.081723,527.311603
139.084626,527.007104
139.087528,525.809210
139.090431,524.595735
139.093333,521.574286
139.096236,519.200989
139.099138,517.404690
139.102041,518.302061
139.104943,519.801140
139.107846,524.198537
139.110748,523.895835
139.113651,519.976585
139.116553,519.919335
139.119456,523.233342
139.122358,523.233342
139.125261,489.200047
139.128163,0.000000
139.131066,492.033954
139.133968,494.884278
139.136871,496.111044
139.139773,496.684506
139.142676,498.121060
139.145578,499.611773
139.148481,499.323269
139.151383,500.189281
139.154286,500.478285
139.157188,500.796441
139.160091,501.085796
139.162993,500.796441
139.165896,501.056656
139.168798,501.056656
139.171701,501.056656
139.174603,500.767318
139.177506,501.142263
139.180408,501.431818
139.183311,501.142263
139.186213,501.024239
139.189116,501.313726
139.192018,501.313726
139.194921,501.024239
139.197823,501.307814
139.200726,501.307814
139.203628,501.597465
139.206531,501.403847
139.209433,501.403847
139.212336,501.403847
139.215238,501.659118
139.218141,501.659118
139.221043,501.659118
139.223946,501.659118
139.226848,501.781526
139.229751,501.781526
139.232653,501.781526
139.235556,501.551093
139.238458,501.840884
139.241361,501.551093
139.244263,501.551093
139.247166,501.606298
139.250068,501.606298
139.252971,501.606298
139.255873,501.383149
139.258776,501.383149
139.261678,501.383149
139.264580,501.093623
139.267483,500.900023
139.270385,500.900023
139.273288,500.900023
139.276190,500.633510
139.279093,500.633510
139.281995,500.633510
139.284898,500.055489
139.287800,499.044799
139.290703,497.318235
139.293605,496.744043
139.296508,494.943483
139.299410,495.801898
139.302313,496.375002
139.305215,500.682762
139.308118,500.682762
139.311020,500.104684
139.313923,500.104684
139.316825,500.432048
139.319728,500.721192
139.322630,0.000000
139.325533,0.000000
139.328435,498.190785
139.331338,500.498243
139.334240,503.688457
139.337143,436.348495
139.340045,437.105285
139.342948,439.891428
139.345850,441.054327
139.348753,440.799637
139.351655,440.799637
139.354558,441.054327
139.357460,442.373931
139.360363,443.141171
139.363265,442.118480
139.366168,441.326111
139.369070,442.091534
139.371973,442.346970
139.374875,442.602553
139.377778,442.476809
139.380680,442.221298
139.383583,441.965935
139.386485,441.644923
139.389388,442.155426
139.392290,442.666519
139.395193,442.345371
139.398095,442.345371
139.400998,442.600954
139.403900,442.856684
139.406803,442.992014
139.409705,442.736205
139.412608,442.736205
139.415510,442.761463
139.418413,442.761463
139.421315,442.505788
139.424218,442.505788
139.427120,442.831254
139.430023,443.087117
139.432925,442.831254
139.435828,442.767019
139.438730,442.255810
139.441633,442.511341
139.444535,442.511341
139.447438,442.726833
139.450340,442.982636
139.453243,442.726833
139.456145,0.000000
139.459048,0.000000
139.461950,442.750334
139.464853,442.750334
139.467755,442.291415
139.470658,442.802666
139.473560,442.802666
139.476463,442.694260
139.479365,442.694260
139.482268,442.694260
139.485170,442.734025
139.488073,442.989832
139.490975,442.734025
139.493878,442.734025
139.496780,442.603701
139.499683,442.603701
139.502585,442.603701
139.505488,442.485703
139.508390,442.485703
139.511293,442.485703
139.514195,442.485703
139.517098,442.369715
139.520000,442.369715
139.522902,441.858964
139.525805,442.341623
139.528707,441.320777
139.531610,442.341623
139.534512,442.597204
139.537415,442.367340
139.540317,441.856592
139.543220,441.856592
139.546122,442.126933
139.549025,442.126933
139.551927,441.616463
139.554830,442.382389
139.557732,442.502728
139.560635,442.247202
139.563537,0.000000
139.566440,499.305003
139.569342,500.170983
139.572245,500.749137
139.575147,500.997318
139.578050,501.286789
139.580952,501.866232
139.583855,501.576427
139.586757,501.090850
139.589660,501.090850
139.592562,501.380375
139.595465,501.312009
139.598367,500.444054
139.601270,499.866252
139.604172,498.712649
139.607075,497.764165
139.609977,497.476729
139.612880,496.328640
139.615782,495.450809
139.618685,494.593002
139.621587,494.307396
139.624490,493.451569
139.627392,492.941527
139.630295,492.656876
139.633197,492.088065
139.636100,491.658854
139.639002,491.658854
139.641905,491.374943
139.644807,491.374943
139.647710,491.934578
139.650612,491.934578
139.653515,491.366601
139.656417,491.135257
139.659320,491.419029
139.662222,491.702966
139.665125,492.116641
139.668027,492.685485
139.670930,493.254987
139.673832,493.254987
139.676735,493.430314
139.679637,494.000676
139.682540,494.857456
139.685442,495.659339
139.688345,495.945725
139.691247,496.805879
139.694150,497.092928
139.697052,498.402468
139.699955,499.843991
139.702857,501.000212
139.705760,501.766879
139.708662,502.346878
139.711565,503.218134
139.714467,504.090900
139.717370,505.084766
139.720272,506.838293
139.723175,506.838293
139.726077,506.416409
139.728980,506.709011
139.731882,507.294722
139.734785,507.294722
139.737687,508.200504
139.740590,507.613747
139.743492,507.027667
139.746395,506.155735
139.749297,504.987617
139.752200,504.696009
139.755102,503.832214
139.758005,502.089087
139.760907,501.219786
139.763810,499.774295
139.766712,498.525068
139.769615,496.800302
139.772517,495.081504
139.775420,494.887214
139.778322,494.601439
139.781224,493.459986
139.784127,493.175034
139.787029,492.268370
139.789932,492.552797
139.792834,493.122145
139.795737,491.776359
139.798639,491.492380
139.801542,492.060502
139.804444,492.629281
139.807347,492.360311
139.810249,492.360311
139.813152,492.644791
139.816054,492.840966
139.818957,493.980986
139.821859,494.266403
139.824762,494.551985
139.827664,495.004134
139.830567,495.290142
139.833469,495.862654
139.836372,496.464605
139.839274,497.325658
139.842177,497.900523
139.845079,498.373450
139.847982,498.949526
139.850884,499.526269
139.853787,499.814890
139.856689,500.721187
139.859592,501.589623
139.862494,501.010498
139.865397,501.301587
139.868299,501.591233
139.871202,502.461178
139.874104,502.751495
139.877007,503.210408
139.879909,503.501157
139.882812,503.501157
139.885714,503.324865
139.888617,503.324865
139.891519,503.615681
139.894422,503.906665
139.897324,503.561077
139.900227,503.561077
139.903129,503.561077
139.906032,503.447653
139.908934,503.447653
139.911837,503.156934
139.914739,502.866383
139.917642,502.969844
139.920544,502.969844
139.923447,502.969844
139.926349,501.604248
139.929252,500.157648
139.932154,499.868829
139.935057,498.467437
139.937959,497.891918
139.940862,0.000000
139.943764,0.000000
139.946667,0.000000
139.949569,0.000000
139.952472,0.000000
139.955374,0.000000
139.958277,0.000000
139.961179,0.000000
139.964082,500.572035
139.966984,500.971844
139.969887,501.840715
139.972789,501.550924
139.975692,439.025815
139.978594,438.265700
139.981497,440.295604
139.984399,441.059240
139.987302,442.333218
139.990204,442.844517
139.993107,443.100387
139.996009,442.002509
139.998912,442.257894
140.001814,442.513426
140.004717,443.280908
140.007619,443.333295
140.010522,443.333295
140.013424,443.333295
140.016327,443.062951
140.019229,442.551401
140.022132,442.551401
140.025034,442.910535
140.027937,443.166444
140.030839,442.910535
140.033741,442.910535
140.036644,442.745503
140.039546,442.489837
140.042449,442.489837
140.045351,442.564925
140.048254,442.564925
140.051156,442.309364
140.054059,442.053950
140.056961,442.309012
140.059864,442.309012
140.062766,442.309012
140.065669,442.214209
140.068571,442.469716
140.071474,441.958850
140.074376,442.214209
140.077279,442.152853
140.080181,441.897529
140.083084,442.152853
140.085986,442.212146
140.088889,442.212146
140.091791,442.467652
140.094694,442.467652
140.097596,442.281711
140.100499,442.026313
140.103401,442.026313
140.106304,442.179215
140.109206,442.434701
140.112109,442.434701
140.115011,442.613532
140.117914,443.125155
140.120816,443.637369
140.123719,443.125155
140.126621,442.829560
140.129524,442.829560
140.132426,442.829560
140.135329,442.896301
140.138231,441.874175
140.141134,443.408251
140.144036,443.152202
140.146939,442.965200
140.149841,442.709407
140.152744,442.965200
140.155646,442.957623
140.158549,442.957623
140.161451,442.190701
140.164354,442.446194
140.167256,441.771698
140.170159,441.771698
140.173061,443.305418
140.175964,442.119413
140.178866,442.886212
140.181769,442.374865
140.184671,441.864109
140.187574,430.561600
140.190476,430.064483
140.193379,428.329089
140.196281,428.354283
140.199184,427.365717
140.202086,427.118932
140.204989,427.612645
140.207891,0.000000
140.210794,426.561655
140.213696,425.577226
140.216599,425.679005
140.219501,427.403662
140.222404,428.392316
140.225306,427.212366
140.228209,426.965669
140.231111,428.943235
140.234014,428.943235
140.236916,428.160717
140.239819,427.419414
140.242721,427.419414
140.245624,426.892482
140.248526,426.399601
140.251429,426.645971
140.254331,426.645971
140.257234,427.055626
140.260136,427.055626
140.263039,427.055626
140.265941,426.851743
140.268844,426.358910
140.271746,426.358910
140.274649,426.605255
140.277551,426.554697
140.280454,426.308381
140.283356,426.062206
140.286259,426.015882
140.289161,426.262030
140.292063,426.508320
140.294966,426.015882
140.297868,426.051255
140.300771,426.297423
140.303673,426.543733
140.306576,426.376699
140.309478,425.884414
140.312381,425.884414
140.315283,425.970333
140.318186,426.216454
140.321088,425.970333
140.323991,425.724354
140.326893,425.856942
140.329796,426.102998
140.332698,425.611029
140.335601,425.765016
140.338503,426.011019
140.341406,426.503450
140.344308,426.749880
140.347211,427.117586
140.350113,426.624445
140.353016,426.131874
140.355918,425.607665
140.358821,426.099630
140.361723,428.073185
140.364626,429.063387
140.367528,428.600305
140.370431,427.117460
140.373333,426.377963
140.376236,427.115426
140.379138,426.622288
140.382041,427.115426
140.384943,429.093686
140.387846,429.188556
140.390748,429.436536
140.393651,424.258905
140.396553,425.232679
140.399456,429.925239
140.402358,431.417831
140.405261,441.710486
140.408163,441.200496
140.411066,441.710486
140.413968,442.476575
140.416871,441.070136
140.419773,441.070136
140.422676,442.090402
140.425578,442.461133
140.428481,442.972580
140.431383,442.205632
140.434286,442.972580
140.437188,443.476687
140.440091,443.220599
140.442993,442.708866
140.445896,443.150606
140.448798,444.175685
140.451701,444.689114
140.454603,444.946051
140.457506,444.914134
140.460408,444.657216
140.463311,444.657216
140.466213,445.033581
140.469116,445.033581
140.472018,444.776593
140.474921,445.033581
140.477823,445.329261
140.480726,445.072103
140.483628,444.558233
140.486531,445.222779
140.489433,445.222779
140.492336,445.222779
140.495238,445.131564
140.498141,444.874520
140.501043,444.874520
140.503946,444.874520
140.506848,444.639444
140.509751,444.639444
140.512653,444.639444
140.515556,444.448457
140.518458,444.191808
140.521361,444.448457
140.524263,444.191808
140.527166,444.246450
140.530068,444.246450
140.532971,444.246450
140.535873,444.456906
140.538776,444.200251
140.541678,444.200251
140.544580,444.200251
140.547483,444.151015
140.550385,443.894538
140.553288,443.638208
140.556190,443.587385
140.559093,444.100133
140.561995,444.100133
140.564898,444.100133
140.567800,443.887584
140.570703,443.887584
140.573605,443.887584
140.576508,443.618631
140.579410,443.618631
140.582313,443.618631
140.585215,443.639096
140.588118,443.895426
140.591020,444.151904
140.593923,443.639096
140.596825,443.807640
140.599728,443.295229
140.602630,443.551361
140.605533,443.967702
140.608435,443.711331
140.611338,443.711331
140.614240,443.711331
140.617143,443.672354
140.620045,443.416152
140.622948,443.416152
140.625850,443.348889
140.628753,443.348889
140.631655,443.348889
140.634558,443.605052
140.637460,443.303321
140.640363,443.303321
140.643265,443.303321
140.646168,443.660043
140.649070,443.916385
140.651973,443.660043
140.654875,443.403849
140.657778,443.531037
140.660680,443.531037
140.663583,443.274917
140.666485,443.333842
140.669388,443.589996
140.672290,443.589996
140.675193,443.579002
140.678095,443.579002
140.680998,443.322855
140.683900,443.579002
140.686803,443.485454
140.689705,443.229361
140.692608,443.485454
140.695510,443.503371
140.698413,443.247267
140.701315,442.991311
140.704218,442.735504
140.707120,442.615573
140.710023,442.615573
140.712925,442.359982
140.715828,442.398200
140.718730,442.398200
140.721633,442.398200
140.724535,442.398200
140.727438,442.580692
140.730340,442.325121
140.733243,442.325121
140.736145,442.387652
140.739048,442.387652
140.741950,442.387652
140.744853,442.387652
140.747755,442.203620
140.750658,442.459120
140.753560,442.203620
140.756463,442.392195
140.759365,442.647804
140.762268,442.647804
140.765170,442.613389
140.768073,442.869126
140.770975,442.869126
140.773878,442.613389
140.776780,442.696005
140.779683,442.951790
140.782585,442.951790
140.785488,442.912471
140.788390,443.168382
140.791293,443.168382
140.794195,443.168382
140.797098,443.485583
140.800000,443.229490
140.802902,443.229490
140.805805,443.793418
140.808707,444.563120
140.811610,444.049837
140.814512,444.049837
140.817415,443.848396
140.820317,443.848396
140.823220,443.848396
140.826122,443.911976
140.829025,443.399445
140.831927,442.887506
140.834830,442.631758
140.837732,442.599970
140.840635,442.599970
140.843537,442.855700
140.846440,443.264741
140.849342,443.264741
140.852245,442.497287
140.855147,441.853516
140.858050,0.000000
140.860952,0.000000
140.863855,0.000000
140.866757,0.000000
140.869660,0.000000
140.872562,0.000000
140.875465,0.000000
140.878367,0.000000
140.881270,0.000000
140.884172,0.000000
140.887075,0.000000
140.889977,0.000000
140.892880,0.000000
140.895782,0.000000
140.898685,0.000000
140.901587,0.000000
140.904490,0.000000
140.907392,0.000000
140.910295,0.000000
140.913197,0.000000
140.916100,0.000000
140.919002,0.000000
140.921905,0.000000
140.924807,0.000000
140.927710,330.909394
140.930612,331.100589
140.933515,330.909394
140.936417,331.308140
140.939320,330.925618
140.942222,329.590269
140.945125,328.993287
140.948027,328.993287
140.950930,327.855057
140.953832,326.532097
140.956735,328.235387
140.959637,328.045845
140.962540,328.235387
140.965442,327.761964
140.968345,329.280051
140.971247,328.520131
140.974150,328.709946
140.977052,328.340620
140.979955,327.582868
140.982857,328.340620
140.985760,329.230568
140.988662,329.040452
140.991565,329.040452
140.994467,329.230568
140.997370,329.368229
141.000272,329.368229
141.003175,329.748950
141.006077,331.441996
141.008980,331.633500
141.011882,332.016839
141.014785,331.633500
141.017687,331.800187
141.020590,331.991898
141.023492,332.375652
141.026395,332.908738
141.029297,332.908738
141.032200,333.293551
141.035102,333.479987
141.038005,333.287417
141.040907,334.058365
141.043810,334.444507
141.046712,335.027702
141.049615,335.221277
141.052517,335.221277
141.055420,335.447232
141.058322,336.223175
141.061224,336.223175
141.064127,336.029021
141.067029,335.666000
141.069932,335.278447
141.072834,334.118472
141.075737,333.912577
141.078639,334.105508
141.081542,333.719757
141.084444,332.565174
141.087347,332.928243
141.090249,332.543851
141.093152,331.393337
141.096054,331.070708
141.098957,329.925290
141.101859,328.593977
141.104762,327.457128
141.107664,328.301728
141.110567,327.544066
141.113469,327.544066
141.116372,327.614889
141.119274,327.047667
141.122177,327.425706
141.125079,327.410960
141.127982,327.221894
141.130884,326.844091
141.133787,326.844091
141.136689,326.965490
141.139592,327.721814
141.142494,327.721814
141.145397,327.153615
141.148299,327.910374
141.151202,327.910374
141.154104,327.531776
141.157007,327.608031
141.159909,328.176225
141.162812,328.365841
141.165714,328.991953
141.168617,329.943493
141.171519,329.943493
141.174422,330.324879
141.177324,330.523757
141.180227,330.905813
141.183129,331.479726
141.186032,333.100704
141.188934,0.000000
141.191837,334.257146
141.194739,334.450277
141.197642,333.920078
141.200544,333.920078
141.203447,334.306060
141.206349,334.563829
141.209252,333.598965
141.212154,333.598965
141.215057,334.338189
141.217959,334.145124
141.220862,334.531366
141.223764,333.566596
141.226667,333.191616
141.229569,333.191616
141.232472,334.155302
141.235374,333.928366
141.238277,334.314358
141.241179,333.928366
141.244082,332.965334
141.246984,332.878334
141.249887,333.455669
141.252789,332.494000
141.255692,331.774093
141.258594,331.199670
141.261497,330.435319
141.264399,331.199670
141.267302,332.080705
141.270204,332.464562
141.273107,332.464562
141.276009,332.587949
141.278912,332.395894
141.281814,332.012117
141.284717,333.164779
141.287619,333.428628
141.290522,333.236088
141.293424,333.236088
141.296327,333.573151
141.299229,332.803323
141.302132,332.419076
141.305034,332.377893
141.307937,332.185959
141.310839,332.377893
141.313741,332.569937
141.316644,332.530009
141.319546,333.491781
141.322449,334.070179
141.325351,332.767080
141.328254,331.999113
141.331156,332.574922
141.334059,331.615794
141.336961,331.918484
141.339864,333.455822
141.342766,333.263266
141.345669,331.421857
141.348571,332.572471
141.351474,330.656994
141.354376,330.084506
141.357279,333.199613
141.360181,333.199613
141.363084,333.007205
141.365986,331.502456
141.368889,332.269274
141.371791,331.311028
141.374694,331.311028
141.377596,331.238414
141.380499,331.812904
141.383401,331.047138
141.386304,329.615814
141.389206,329.235247
141.392109,328.475430
141.395011,328.539645
141.397914,331.781660
141.400816,0.000000
141.403719,0.000000
141.406621,0.000000
141.409524,0.000000
141.412426,0.000000
141.415329,0.000000
141.418231,0.000000
141.421134,0.000000
141.424036,0.000000
141.426939,0.000000
141.429841,0.000000
141.432744,0.000000
141.435646,0.000000
141.438549,0.000000
141.441451,0.000000
141.444354,0.000000
141.447256,0.000000
141.450159,0.000000
141.453061,0.000000
141.455964,0.000000
141.458866,0.000000
141.461769,0.000000
141.464671,0.000000
141.467574,0.000000
141.470476,0.000000
141.473379,0.000000
141.476281,0.000000
141.479184,0.000000
141.482086,0.000000
141.484989,0.000000
141.487891,0.000000
141.490794,0.000000
141.493696,0.000000
141.496599,0.000000
141.499501,0.000000
141.502404,0.000000
141.505306,0.000000
141.508209,0.000000
141.511111,0.000000
141.514014,0.000000
141.516916,0.000000
141.519819,0.000000
141.522721,0.000000
141.525624,0.000000
141.528526,0.000000
141.531429,0.000000
141.534331,0.000000
141.537234,0.000000
141.540136,0.000000
141.543039,0.000000
141.545941,0.000000
141.548844,0.000000
141.551746,0.000000
141.554649,0.000000
141.557551,0.000000
141.560454,0.000000
141.563356,0.000000
141.566259,0.000000
141.569161,0.000000
141.572063,0.000000
141.574966,0.000000
141.577868,666.559031
141.580771,666.944162
141.583673,666.944162
141.586576,666.858280
141.589478,666.473198
141.592381,666.473198
141.595283,666.407518
141.598186,666.792561
141.601088,666.792561
141.603991,666.407518
141.606893,666.082489
141.609796,666.082489
141.612698,666.082489
141.615601,666.141668
141.618503,666.526557
141.621406,666.526557
141.624308,666.141668
141.627211,666.152740
141.630113,666.152740
141.633016,666.152740
141.635918,666.155819
141.638821,666.155819
141.641723,666.155819
141.644626,666.155819
141.647528,666.330585
141.650431,666.330585
141.653333,666.330585
141.656236,666.459416
141.659138,666.459416
141.662041,666.844489
141.664943,666.844489
141.667846,666.337963
141.670748,666.337963
141.673651,666.337963
141.676553,666.363065
141.679456,666.363065
141.682358,666.748082
141.685261,666.600938
141.688163,666.600938
141.691066,666.600938
141.693968,666.600938
141.696871,666.738094
141.699773,666.738094
141.702676,666.738094
141.705578,667.060461
141.708481,667.060461
141.711383,667.060461
141.714286,666.675263
141.717188,666.983289
141.720091,666.598136
141.722993,666.598136
141.725896,666.690390
141.728798,667.075597
141.731701,667.075597
141.734603,667.075597
141.737506,667.223389
141.740408,667.223389
141.743311,667.223389
141.746213,666.797148
141.749116,667.182416
141.752018,667.182416
141.754921,667.182416
141.757823,667.237502
141.760726,667.237502
141.763628,667.237502
141.766531,667.442724
141.769433,667.442724
141.772336,667.442724
141.775238,667.291038
141.778141,667.676591
141.781043,667.676591
141.783946,667.676591
141.786848,667.694994
141.789751,667.694994
141.792653,668.080781
141.795556,668.527798
141.798458,668.914067
141.801361,668.914067
141.804263,668.527798
141.807166,668.266236
141.810068,668.266236
141.812971,668.266236
141.815873,667.871151
141.818776,667.871151
141.821678,667.871151
141.824580,667.871151
141.827483,667.843171
141.830385,667.843171
141.833288,668.229044
141.836190,668.601986
141.839093,668.601986
141.841995,666.673773
141.844898,666.288798
141.847800,667.465257
141.850703,667.079825
141.853605,666.694616
141.856508,667.171904
141.859410,666.401601
141.862313,667.171904
141.865215,584.845871
141.868118,589.254064
141.871020,587.554687
141.873923,588.573724
141.876825,589.177917
141.879728,590.199770
141.882630,591.223395
141.885533,591.805937
141.888435,592.147876
141.891338,592.490013
141.894240,592.832348
141.897143,592.643072
141.900045,592.985494
141.902948,593.328115
141.905850,593.311238
141.908753,593.654047
141.911655,593.997054
141.914558,593.997054
141.917460,594.283148
141.920363,594.626519
141.923265,594.970088
141.926168,595.084016
141.929070,595.084016
141.931973,595.084016
141.934875,595.084016
141.937778,595.269456
141.940680,595.269456
141.943583,595.269456
141.946485,595.497454
141.949388,595.153580
141.952290,595.153580
141.955193,594.809195
141.958095,594.809195
141.960998,595.152869
141.963900,595.152869
141.966803,594.771851
141.969705,594.428396
141.972608,594.428396
141.975510,594.386453
141.978413,594.043222
141.981315,593.700188
141.984218,593.357352
141.987120,593.311638
141.990023,592.969026
141.992925,592.284397
141.995828,591.882082
141.998730,591.882082
142.001633,591.882082
142.004535,591.882082
142.007438,591.553934
142.010340,591.212338
142.013243,591.212338
142.016145,590.562410
142.019048,590.562410
142.021950,590.562410
142.024853,590.903631
142.027755,590.280655
142.030658,589.599130
142.033560,592.672203
142.036463,591.428845
142.039365,589.382657
142.042268,587.343548
142.045170,587.788242
142.048073,583.728093
142.050975,591.193265
142.053878,592.560791
142.056780,593.307515
142.059683,592.622495
142.062585,590.913403
142.065488,0.000000
142.068390,525.443414
142.071293,526.963148
142.074195,523.323148
142.077098,518.959023
142.080000,518.060514
142.082902,520.460002
142.085805,522.028543
142.088707,522.933933
142.091610,523.538399
142.094512,524.446409
142.097415,525.586146
142.100317,526.193678
142.103220,526.497707
142.106122,527.027057
142.109025,527.027057
142.111927,527.331568
142.114830,527.636254
142.117732,527.497135
142.120635,526.888098
142.123537,527.192529
142.126440,527.634814
142.129342,527.634814
142.132245,527.330128
142.135147,527.149366
142.138050,527.149366
142.140952,527.149366
142.143855,527.149366
142.146757,527.060379
142.149660,527.060379
142.152562,527.060379
142.155465,527.110634
142.158367,527.110634
142.161270,527.110634
142.164172,527.110634
142.167075,527.097904
142.169977,527.097904
142.172880,527.402455
142.175782,527.165419
142.178685,527.165419
142.181587,527.165419
142.184490,527.470009
142.187392,527.308553
142.190295,527.004056
142.193197,527.308553
142.196100,527.110636
142.199002,527.415195
142.201905,527.110636
142.204807,527.415195
142.207710,527.853898
142.210612,527.853898
142.213515,527.853898
142.216417,527.658252
142.219320,527.963128
142.222222,527.658252
142.225125,527.564311
142.228027,527.259665
142.230930,527.259665
142.233832,526.955196
142.236735,526.779315
142.239637,526.475123
142.242540,526.475123
142.245442,526.094867
142.248345,525.184003
142.251247,523.669401
142.254150,522.762737
142.257052,522.081986
142.259955,522.081986
142.262857,519.075015
142.265760,520.804226
142.268662,522.612328
142.271565,524.123873
142.274467,526.247384
142.277370,529.225656
142.280272,529.837395
142.283175,525.570028
142.286077,517.027478
142.288980,517.027478
142.291882,517.027478
142.294785,517.027478
142.297687,496.284722
142.300590,497.145463
142.303492,498.295441
142.306395,497.741034
142.309297,497.741034
142.312200,497.741034
142.315102,497.293679
142.318005,496.432681
142.320907,496.146013
142.323810,495.573174
142.326712,494.893520
142.329615,494.036677
142.332517,493.751393
142.335420,493.713977
142.338322,493.428879
142.341224,493.143945
142.344127,493.143945
142.347029,492.836062
142.349932,493.405738
142.352834,493.976072
142.355737,494.013798
142.358639,494.013798
142.361542,494.299234
142.364444,494.584835
142.367347,494.958364
142.370249,494.958364
142.373152,495.816805
142.376054,496.623607
142.378957,497.484936
142.381859,497.772378
142.384762,498.923806
142.387664,500.186548
142.390567,500.475551
142.393469,501.633232
142.396372,501.532615
142.399274,502.112343
142.402177,501.532615
142.405079,504.192048
142.407982,505.066504
142.410884,505.650317
142.413787,506.234805
142.416689,506.995931
142.419592,507.581975
142.422494,507.581975
142.425397,506.558198
142.428299,508.023310
142.431202,508.610541
142.434104,509.198450
142.437007,508.646638
142.439909,507.472771
142.442812,506.594150
142.445714,506.697571
142.448617,506.404976
142.451519,504.652948
142.454422,503.779208
142.457324,503.204125
142.460227,502.042819
142.463129,500.884193
142.466032,499.168351
142.468934,497.154109
142.471837,495.434087
142.474739,494.576308
142.477642,494.038755
142.480544,493.468348
142.483447,492.613973
142.486349,491.469962
142.489252,491.186160
142.492154,491.186160
142.495057,491.301445
142.497959,491.585314
142.500862,492.437905
142.503764,492.437905
142.506667,492.582780
142.509569,492.867389
142.512472,493.437101
142.515374,493.940321
142.518277,494.225715
142.521179,494.511273
142.524082,495.082885
142.526984,495.473490
142.529887,496.046215
142.532789,496.619601
142.535692,497.146741
142.538594,498.008978
142.541497,499.160953
142.544399,500.026683
142.547302,500.133918
142.550204,501.001335
142.553107,501.870257
142.556009,503.024884
142.558912,503.024884
142.561814,503.606337
142.564717,504.479777
142.567619,505.332159
142.570522,505.624135
142.573424,506.793725
142.576327,507.577635
142.579229,507.870908
142.582132,508.164350
142.585034,508.392651
142.587937,508.099077
142.590839,507.512436
142.593741,507.512436
142.596644,507.040702
142.599546,506.455284
142.602449,505.870542
142.605351,505.626539
142.608254,505.042753
142.611156,504.168339
142.614059,503.295438
142.616961,502.707210
142.619864,501.547050
142.622766,500.678688
142.625669,499.475426
142.628571,498.898743
142.631474,498.034966
142.634376,498.034966
142.637279,497.235701
142.640181,497.522998
142.643084,497.522998
142.645986,497.819751
142.648889,497.532282
142.651791,497.532282
142.654694,497.819751
142.657596,497.643183
142.660499,497.930716
142.663401,498.506280
142.666304,499.125898
142.669206,499.702844
142.672109,499.991567
142.675011,500.459140
142.677914,500.748300
142.680816,501.327122
142.683719,502.196609
142.686621,502.239340
142.689524,501.949319
142.692426,501.949319
142.695329,501.458053
142.698231,501.458053
142.701134,501.747790
142.704036,501.747790
142.706939,501.570786
142.709841,501.281151
142.712744,500.124283
142.715646,500.355006
142.718549,502.962926
142.721451,0.000000
142.724354,501.802176
142.727256,500.665775
142.730159,501.823896
142.733061,500.955054
142.735964,500.969020
142.738866,496.934162
142.741769,501.258475
142.744671,500.390612
142.747574,439.808356
142.750476,438.539972
142.753379,441.335260
142.756281,442.519532
142.759184,442.008609
142.762086,442.519532
142.764989,442.775215
142.767891,443.151098
142.770794,443.407146
142.773696,443.663342
142.776599,443.177650
142.779501,443.177650
142.782404,443.177650
142.785306,443.309206
142.788209,443.565346
142.791111,443.309206
142.794014,443.053215
142.796916,443.100083
142.799819,443.100083
142.802721,442.844212
142.805624,442.662584
142.808526,442.662584
142.811429,442.662584
142.814331,442.406966
142.817234,442.283994
142.820136,442.539541
142.823039,442.795236
142.825941,442.607152
142.828844,442.607152
142.831746,442.351566
142.834649,442.607152
142.837551,442.766897
142.840454,442.511219
142.843356,442.511219
142.846259,442.786541
142.849161,442.786541
142.852063,442.786541
142.854966,442.530851
142.857868,442.603911
142.860771,442.859643
142.863673,442.603911
142.866576,442.788144
142.869478,442.532454
142.872381,442.532454
142.875283,442.838221
142.878186,442.838221
142.881088,443.094089
142.883991,443.350104
142.886893,443.571462
142.889796,443.571462
142.892698,443.571462
142.895601,443.752053
142.898503,443.752053
142.901406,443.495805
142.904308,443.495805
142.907211,443.405573
142.910113,442.893627
142.913016,443.918111
142.915918,443.208828
142.918821,442.441471
142.921723,442.185981
142.924626,442.441471
142.927528,443.257405
142.930431,440.959064
142.933333,441.979074
142.936236,391.256236
142.939138,391.256236
142.942041,392.161275
142.944943,393.295518
142.947846,393.217519
142.950748,392.763519
142.953651,394.582672
142.956553,395.299221
142.959456,394.614813
142.962358,394.614813
142.965261,395.130726
142.968163,395.359028
142.971066,394.902555
142.973968,395.587463
142.976871,395.833555
142.979773,395.148221
142.982676,395.148221
142.985578,395.114903
142.988481,395.343196
142.991383,395.114903
142.994286,395.343196
142.997188,395.666490
143.000091,395.666490
143.002993,395.438011
143.005896,395.368640
143.008798,395.368640
143.011701,395.597080
143.014603,395.825652
143.017506,395.952115
143.020408,395.952115
143.023311,395.494958
143.026213,395.526692
143.029116,395.298293
143.032018,395.526692
143.034921,395.526692
143.037823,395.479101
143.040726,395.479101
143.043628,395.479101
143.046531,395.633721
143.049433,395.862314
143.052336,395.633721
143.055238,395.581736
143.058141,395.581736
143.061043,396.038994
143.063946,395.810299
143.066848,395.680522
143.069751,395.680522
143.072653,395.909142
143.075556,395.956116
143.078458,396.184895
143.081361,396.184895
143.084263,396.184895
143.087166,396.382068
143.090068,396.840251
143.092971,396.840251
143.095873,397.039758
143.098776,397.039758
143.101678,397.039758
143.104580,397.498702
143.107483,397.727503
143.110385,398.187241
143.113288,398.187241
143.116190,397.197588
143.119093,397.197588
143.121995,396.968224
143.124898,396.968224
143.127800,397.247658
143.130703,399.548891
143.133605,400.473112
143.136508,397.179566
143.139410,395.576868
143.142313,396.491902
143.145215,396.697591
143.148118,396.239572
143.151020,398.074825
143.153923,398.304828
143.156825,440.234595
143.159728,436.941213
143.162630,438.964982
143.165533,441.215425
143.168435,440.960643
143.171338,441.215425
143.174240,442.491547
143.177143,443.735255
143.180045,443.479018
143.182948,443.991641
143.185850,444.378449
143.188753,444.378449
143.191655,444.635207
143.194558,445.149166
143.197460,445.248052
143.200363,444.733978
143.203265,444.477164
143.206168,444.639572
143.209070,445.410741
143.211973,445.668095
143.214875,445.668095
143.217778,445.550132
143.220680,445.292846
143.223583,445.292846
143.226485,445.437705
143.229388,445.437705
143.232290,445.695074
143.235193,445.857855
143.238095,445.343077
143.240998,445.085911
143.243900,445.085911
143.246803,444.995054
143.249705,444.995054
143.252608,445.252167
143.255510,445.204418
143.258413,444.947333
143.261315,444.947333
143.264218,445.204418
143.267120,445.085547
143.270023,445.085547
143.272925,445.600027
143.275828,445.282787
143.278730,445.282787
143.281633,445.025656
143.284535,445.025656
143.287438,445.251320
143.290340,445.251320
143.293243,445.251320
143.296145,445.068366
143.299048,444.811359
143.301950,445.068366
143.304853,445.068366
143.307755,445.121796
143.310658,445.121796
143.313560,444.864758
143.316463,444.720306
143.319365,444.720306
143.322268,444.977261
143.325170,445.072959
143.328073,444.815949
143.330975,444.815949
143.333878,444.559088
143.336780,444.632629
143.339683,444.632629
143.342585,444.889533
143.345488,444.846217
143.348390,444.589338
143.351293,444.332608
143.354195,444.332608
143.357098,444.700507
143.360000,444.700507
143.362902,444.700507
143.365805,444.768076
143.368707,444.768076
143.371610,444.768076
143.374512,444.768076
143.377415,444.793987
143.380317,445.050984
143.383220,445.050984
143.386122,444.963904
143.389025,444.963904
143.391927,444.706957
143.394830,444.963904
143.397732,445.232247
143.400635,445.232247
143.403537,445.232247
143.406440,445.169482
143.409342,445.169482
143.412245,444.912417
143.415147,445.058841
143.418050,445.058841
143.420952,445.058841
143.423855,445.315991
143.426757,445.393409
143.429660,445.393409
143.432562,445.393409
143.435465,445.837791
143.438367,445.837791
143.441270,445.580339
143.444172,445.580339
143.447075,445.610403
143.449977,445.610403
143.452880,445.867872
143.455782,445.930432
143.458685,446.188086
143.461587,446.188086
143.464490,446.188086
143.467392,446.099409
143.470295,446.099409
143.473197,446.099409
143.476100,445.884847
143.479002,446.142475
143.481905,446.142475
143.484807,445.884847
143.487710,446.033624
143.490612,446.033624
143.493515,446.033624
143.496417,445.883381
143.499320,445.883381
143.502222,446.141008
143.505125,446.177098
143.508027,445.919451
143.510930,445.661952
143.513832,445.404602
143.516735,445.373953
143.519637,445.373953
143.522540,444.859734
143.525442,444.704927
143.528345,444.704927
143.531247,444.448129
143.534150,443.934979
143.537052,443.229333
143.539955,442.461940
143.542857,441.695876
143.545760,440.653306
143.548662,440.398848
143.551565,440.398848
143.554467,441.672608
143.557370,442.894839
143.560272,439.835541
143.563175,438.313825
143.566077,439.914605
143.568980,440.168783
143.571882,443.742734
143.574785,443.742734
143.577687,443.846336
143.580590,440.780466
143.583492,440.525935
143.586395,392.154746
143.589297,390.572325
143.592200,396.940580
143.595102,399.308860
143.598005,395.407001
143.600907,395.178671
143.603810,394.494472
143.606712,393.949604
143.609615,395.545709
143.612517,396.231731
143.615420,395.719434
143.618322,395.719434
143.621224,395.490923
143.624127,395.490923
143.627029,395.478792
143.629932,395.478792
143.632834,395.935931
143.635737,395.474126
143.638639,395.702627
143.641542,395.931259
143.644444,396.160024
143.647347,395.865959
143.650249,395.865959
143.653152,395.865959
143.656054,395.866171
143.658957,395.866171
143.661859,396.552750
143.664762,396.323758
143.667664,395.958596
143.670567,396.187377
143.673469,396.416289
143.676372,396.368275
143.679274,396.139390
143.682177,396.139390
143.685079,395.636561
143.687982,395.865155
143.690884,395.865155
143.693787,396.093882
143.696689,395.962181
143.699592,395.505012
143.702494,395.962181
143.705397,395.888738
143.708299,395.660130
143.711202,395.431654
143.714104,395.431654
143.717007,395.164792
143.719909,394.708543
143.722812,394.936602
143.725714,394.452731
143.728617,394.452731
143.731519,394.452731
143.734422,394.224952
143.737324,393.506238
143.740227,393.279006
143.743129,393.279006
143.746032,392.387513
143.748934,391.481952
143.751837,390.352939
143.754739,389.227182
143.757642,390.741737
143.760544,393.686898
143.763447,394.825554
143.766349,396.158992
143.769252,392.061384
143.772154,391.156575
143.775057,392.961371
143.777959,393.642911
143.780862,394.097928
143.783764,396.839096
143.786667,0.000000
143.789569,0.000000
143.792472,0.000000
143.795374,375.014259
143.798277,375.014259
143.801179,375.230939
143.804082,376.316214
143.806984,377.474201
143.809887,379.880251
143.812789,379.880251
143.815692,378.816273
143.818594,379.473281
143.821497,379.911919
143.824399,379.911919
143.827302,379.700939
143.830204,379.481679
143.833107,379.920326
143.836009,379.899814
143.838912,380.119316
143.841814,380.119316
143.844717,380.338945
143.847619,379.819054
143.850522,379.819054
143.853424,380.038509
143.856327,380.058622
143.859229,379.839155
143.862132,379.839155
143.865034,379.720238
143.867937,379.500967
143.870839,379.939637
143.873741,379.939637
143.876644,379.853541
143.879546,379.853541
143.882449,379.853541
143.885351,379.562086
143.888254,379.781393
143.891156,380.000827
143.894059,380.220387
143.896961,379.967458
143.899864,379.748043
143.902766,379.528755
143.905669,379.652153
143.908571,379.652153
143.911474,379.652153
143.914376,379.652153
143.917279,379.630634
143.920181,379.630634
143.923084,379.630634
143.925986,379.683419
143.928889,379.464169
143.931791,379.464169
143.934694,379.245045
143.937596,379.329301
143.940499,379.329301
143.943401,379.110255
143.946304,379.057051
143.949206,379.057051
143.952109,378.619400
143.955011,378.503135
143.957914,378.503135
143.960816,378.503135
143.963719,378.503135
143.966621,378.287284
143.969524,378.505854
143.972426,378.724551
143.975329,378.917932
143.978231,378.480442
143.981134,378.917932
143.984036,379.136867
143.986939,378.982471
143.989841,378.982471
143.992744,379.201443
143.995646,382.039850
143.998549,379.181821
144.001451,379.839463
144.004354,379.839463
144.007256,379.601774
144.010159,378.944544
144.013061,379.382570
144.015964,380.592559
144.018866,380.153135
144.021769,382.797309
144.024671,383.461221
144.027574,386.857951
144.030476,383.520562
144.033379,390.675448
144.036281,393.787686
144.039184,393.787686
144.042086,393.787686
144.044989,393.333028
144.047891,393.545850
144.050794,396.283178
144.053696,396.283178
144.056599,396.879249
144.059501,396.650069
144.062404,397.567585
144.065306,397.903433
144.068209,397.444022
144.071111,397.214516
144.074014,396.985142
144.076916,394.775921
144.079819,397.062835
144.082721,397.292254
144.085624,396.682946
144.088526,394.626100
144.091429,395.538934
144.094331,396.224944
144.097234,395.768123
144.100136,395.539585
144.103039,394.854760
144.105941,394.223704
144.108844,393.996057
144.111746,394.451482
144.114649,393.768542
144.117551,393.431056
144.120454,393.203866
144.123356,393.203866
144.126259,392.689077
144.129161,391.782820
144.132063,390.427355
144.134966,390.878655
144.137868,391.107353
144.140771,390.881506
144.143673,390.655789
144.146576,390.113058
144.149478,389.212746
144.152381,388.763369
144.155283,388.444653
144.158186,389.343189
144.161088,389.343189
144.163991,388.893662
144.166893,387.825789
144.169796,387.825789
144.172698,388.049871
144.175601,389.464547
144.178503,389.914734
144.181406,390.140023
144.184308,390.140023
144.187211,389.762290
144.190113,389.762290
144.193016,390.663873
144.195918,391.297599
144.198821,391.976254
144.201723,392.429344
144.204626,393.109962
144.207528,394.091126
144.210431,395.002722
144.213333,395.230951
144.216236,395.320390
144.219138,395.092110
144.222041,396.692843
144.224943,397.380855
144.227846,397.682478
144.230748,399.293706
144.233651,400.911462
144.236553,399.985041
144.239456,400.447388
144.242358,0.000000
144.245261,400.134781
144.248163,400.597302
144.251066,401.060358
144.253968,400.597302
144.256871,400.217038
144.259773,400.911163
144.262676,400.679654
144.265578,400.438805
144.268481,400.207569
144.271383,400.207569
144.274286,399.283960
144.277188,398.988294
144.280091,398.988294
144.282993,398.527630
144.285896,398.762018
144.288798,398.762018
144.291701,398.301616
144.294603,397.382406
144.297506,396.126080
144.300408,396.126080
144.303311,397.271791
144.306213,396.937864
144.309116,396.250619
144.312018,395.336142
144.314921,393.513516
144.317823,393.273255
144.320726,391.460140
144.323628,391.460140
144.326531,391.112165
144.329433,390.660596
144.332336,390.209548
144.335238,391.739216
144.338141,390.835151
144.341043,389.933172
144.343946,389.482964
144.346848,389.420353
144.349751,389.195480
144.352653,389.870489
144.355556,389.601296
144.358458,389.376319
144.361361,389.376319
144.364263,388.477707
144.367166,389.336638
144.370068,389.786677
144.372971,390.914052
144.375873,391.311025
144.378776,390.633522
144.381678,391.311025
144.384580,391.763347
144.387483,392.353331
144.390385,393.488130
144.393288,393.942968
144.396190,393.619787
144.399093,393.847217
144.401995,394.302470
144.404898,394.302470
144.407800,394.860309
144.410703,395.316733
144.413605,396.460103
144.416508,397.401631
144.419410,398.551031
144.422313,399.703755
144.425215,399.974052
144.428118,400.436387
144.431020,399.512250
144.433923,399.512250
144.436825,399.839271
144.439728,400.764164
144.442630,400.764164
144.445533,400.761612
144.448435,401.224857
144.451338,400.993168
144.454240,400.993168
144.457143,400.879193
144.460045,400.647703
144.462948,399.954035
144.465850,399.348990
144.468753,398.887911
144.471655,398.197289
144.474558,397.967348
144.477460,397.798539
144.480363,397.109803
144.483265,397.109803
144.486168,397.562990
144.489070,396.874663
144.491973,395.958746
144.494875,395.958746
144.497778,394.553371
144.500680,393.642812
144.503583,393.415500
144.506485,391.917880
144.509388,392.144326
144.512290,392.144326
144.515193,391.573837
144.518095,390.670154
144.520998,390.444559
144.523900,391.121735
144.526803,390.298719
144.529705,389.622969
144.532608,389.848089
144.535510,389.679752
144.538413,389.454730
144.541315,389.904905
144.544218,390.130188
144.547120,389.795170
144.550023,390.245739
144.552925,390.922569
144.555828,390.372045
144.558730,390.823281
144.561633,392.406718
144.564535,393.087297
144.567438,394.030110
144.570340,393.802575
144.573243,393.120758
144.576145,392.984117
144.579048,395.032405
144.581950,395.489028
144.584853,394.576309
144.587755,393.893375
144.590658,393.665919
144.593560,395.032628
144.596463,395.204231
144.599365,395.432576
144.602268,397.264091
144.605170,397.950503
144.608073,398.640696
144.610975,399.793680
144.613878,400.024676
144.616780,400.061209
144.619683,398.446884
144.622585,398.907454
144.625488,399.420796
144.628390,399.882492
144.631293,400.344721
144.634195,400.576036
144.637098,398.529930
144.640000,397.839928
144.642902,398.299797
144.645805,398.040417
144.648707,398.270401
144.651610,398.040417
144.654512,397.351263
144.657415,396.136339
144.660317,395.907588
144.663220,395.678968
144.666122,395.187204
144.669025,395.644006
144.671927,394.730930
144.674830,395.415539
144.677732,395.031650
144.680635,395.031650
144.683537,394.575555
144.686440,393.316950
144.689342,393.544204
144.692245,393.089827
144.695147,393.151337
144.698050,393.151337
144.700952,392.924309
144.703855,392.017509
144.706757,391.718380
144.709660,392.171172
144.712562,392.624488
144.715465,392.490772
144.718367,392.490772
144.721270,392.490772
144.724172,392.490772
144.727075,392.824743
144.729977,393.278814
144.732880,393.278814
144.735782,393.659232
144.738685,394.114267
144.741587,394.114267
144.744490,395.025917
144.747392,395.242277
144.750295,394.785939
144.753197,395.470644
144.756100,395.106634
144.759002,395.334922
144.761905,396.249396
144.764807,397.395463
144.767710,398.188536
144.770612,398.188536
144.773515,397.040182
144.776417,397.051813
144.779320,396.364370
144.782222,397.281225
144.785125,398.066184
144.788027,399.217506
144.790930,399.678967
144.793832,401.066552
144.796735,400.807198
144.799637,398.959348
144.802540,396.890698
144.805442,399.109211
144.808345,397.498727
144.811247,395.209303
144.814150,394.069540
144.817052,444.175569
144.819955,443.150490
144.822857,442.894590
144.825760,443.292544
144.828662,443.548674
144.831565,443.292544
144.834467,444.061378
144.837370,0.000000
144.840272,443.399170
144.843175,443.399170
144.846077,444.204473
144.848980,443.691604
144.851882,443.947965
144.854785,443.691604
144.857687,443.752310
144.860590,443.239963
144.863492,443.496063
144.866395,443.736867
144.869297,443.224538
144.872200,443.480628
144.875102,443.326615
144.878005,443.839062
144.880907,443.326615
144.883810,443.839062
144.886712,444.543718
144.889615,444.800571
144.892517,443.774049
144.895420,444.618482
144.898322,446.677810
144.901224,449.265389
144.904127,447.452515
144.907029,0.000000
144.909932,0.000000
144.912834,0.000000
144.915737,0.000000
144.918639,0.000000
144.921542,0.000000
144.924444,0.000000
144.927347,0.000000
144.930249,0.000000
144.933152,0.000000
144.936054,0.000000
144.938957,0.000000
144.941859,0.000000
144.944762,0.000000
144.947664,0.000000
144.950567,0.000000
144.953469,0.000000
144.956372,0.000000
144.959274,0.000000
144.962177,0.000000
144.965079,0.000000
144.967982,0.000000
144.970884,0.000000
144.973787,0.000000
144.976689,0.000000
144.979592,0.000000
144.982494,0.000000
144.985397,0.000000
144.988299,0.000000
144.991202,0.000000
144.994104,0.000000
144.997007,0.000000
144.999909,0.000000
145.002812,0.000000
145.005714,693.422622
145.008617,694.625273
145.011519,695.428199
145.014422,696.232054
145.017324,696.094473
145.020227,696.899097
145.023129,696.899097
145.026032,697.348181
145.028934,698.557641
145.031837,698.154255
145.034739,698.154255
145.037642,698.367238
145.040544,698.367238
145.043447,698.770748
145.046349,698.013353
145.049252,697.610281
145.052154,697.610281
145.055057,698.155031
145.057959,698.155031
145.060862,698.155031
145.063764,698.558417
145.066667,698.406515
145.069569,698.003216
145.072472,698.003216
145.075374,697.490968
145.078277,697.490968
145.081179,697.893971
145.084082,697.893971
145.086984,697.501321
145.089887,697.501321
145.092789,697.098545
145.095692,697.303638
145.098594,697.303638
145.101497,698.109660
145.104399,698.109660
145.107302,697.762243
145.110204,697.762243
145.113107,697.762243
145.116009,697.768991
145.118912,697.768991
145.121814,697.768991
145.124717,697.768991
145.127619,697.692542
145.130522,697.692542
145.133424,698.095662
145.136327,698.340270
145.139229,698.340270
145.142132,698.340270
145.145034,698.309838
145.147937,698.309838
145.150839,697.906595
145.153741,697.906595
145.156644,698.195920
145.159546,698.195920
145.162449,698.195920
145.165351,697.791437
145.168254,697.791437
145.171156,697.791437
145.174059,698.194613
145.176961,698.475459
145.179864,698.475459
145.182766,698.475459
145.185669,698.102888
145.188571,698.102888
145.191474,698.102888
145.194376,698.102888
145.197279,697.965032
145.200181,697.965032
145.203084,697.965032
145.205986,698.378037
145.208889,698.378037
145.211791,697.974755
145.214694,697.974755
145.217596,698.130119
145.220499,698.130119
145.223401,698.130119
145.226304,698.379118
145.229206,698.379118
145.232109,698.379118
145.235011,698.338815
145.237914,698.338815
145.240816,698.338815
145.243719,697.935555
145.246621,698.235709
145.249524,698.235709
145.252426,698.639142
145.255329,698.265849
145.258231,698.265849
145.261134,698.265849
145.264036,698.265849
145.266939,698.552298
145.269841,698.552298
145.272744,698.552298
145.275646,698.146690
145.278549,698.146690
145.281451,698.146690
145.284354,698.550072
145.287256,698.232273
145.290159,698.232273
145.293061,698.232273
145.295964,698.379108
145.298866,698.379108
145.301769,698.379108
145.304671,698.379108
145.307574,698.476983
145.310476,698.476983
145.313379,698.476983
145.316281,698.441143
145.319184,698.441143
145.322086,698.441143
145.324989,698.441143
145.327891,698.372438
145.330794,698.372438
145.333696,698.372438
145.336599,698.413758
145.339501,698.413758
145.342404,698.413758
145.345306,698.231794
145.348209,698.231794
145.351111,698.231794
145.354014,698.231794
145.356916,698.029839
145.359819,697.626758
145.362721,697.223909
145.365624,696.850225
145.368526,696.447824
145.371429,696.045657
145.374331,695.643721
145.377234,695.434018
145.380136,695.032435
145.383039,695.032435
145.385941,693.554992
145.388844,693.154495
145.391746,690.357481
145.394649,689.560409
145.397551,685.015627
145.400454,680.676939
145.403356,689.780287
145.406259,691.692815
145.409161,691.692815
145.412063,686.518281
145.414966,686.914944
145.417868,692.531445
145.420771,692.531445
145.423673,692.531445
145.426576,689.422067
145.429478,681.109841
145.432381,690.617780
145.435283,666.426525
145.438186,668.354022
145.441088,666.811579
145.443991,666.426525
145.446893,666.841222
145.449796,667.226516
145.452698,667.612032
145.455601,667.535941
145.458503,667.150468
145.461406,666.765218
145.464308,666.765218
145.467211,666.390893
145.470113,666.775927
145.473016,666.390893
145.475918,666.347516
145.478821,666.347516
145.481723,666.347516
145.484626,666.347516
145.487528,666.140191
145.490431,666.140191
145.493333,666.525079
145.496236,666.342445
145.499138,666.727451
145.502041,666.727451
145.504943,666.727451
145.507846,667.163643
145.510748,667.549123
145.513651,667.549123
145.516553,667.365580
145.519456,667.365580
145.522358,667.365580
145.525261,667.625529
145.528163,667.240005
145.531066,667.240005
145.533968,667.625529
145.536871,667.402237
145.539773,667.402237
145.542676,667.402237
145.545578,667.531351
145.548481,667.531351
145.551383,667.531351
145.554286,667.531351
145.557188,667.315150
145.560091,667.315150
145.562993,667.315150
145.565896,667.308043
145.568798,667.308043
145.571701,667.308043
145.574603,667.308043
145.577506,667.069014
145.580408,667.069014
145.583311,667.069014
145.586213,666.954191
145.589116,666.954191
145.592018,666.954191
145.594921,667.339550
145.597823,667.624635
145.600726,668.010381
145.603628,668.010381
145.606531,668.392485
145.609433,668.006518
145.612336,667.235252
145.615238,666.467804
145.618141,666.467804
145.621043,0.000000
145.623946,665.313903
145.626848,666.139291
145.629751,666.524179
145.632653,666.524179
145.635556,667.034454
145.638458,670.123940
145.641361,668.191339
145.644263,665.495056
145.647166,594.465014
145.650068,595.496036
145.652971,595.496036
145.655873,595.991354
145.658776,595.303236
145.661678,595.647196
145.664580,595.991354
145.667483,596.130943
145.670385,595.786704
145.673288,596.475381
145.676190,596.637535
145.679093,595.948671
145.681995,595.948671
145.684898,595.948671
145.687800,595.531917
145.690703,595.876009
145.693605,595.531917
145.696508,594.774709
145.699410,594.774709
145.702313,594.774709
145.705215,595.296011
145.708118,594.608695
145.711020,594.952254
145.713923,594.952254
145.716825,595.000874
145.719728,595.344660
145.722630,595.344660
145.725533,595.316586
145.728435,595.316586
145.731338,595.660554
145.734240,595.660554
145.737143,595.675838
145.740045,595.331862
145.742948,595.675838
145.745850,595.625015
145.748753,595.625015
145.751655,595.625015
145.754558,595.625015
145.757460,595.518038
145.760363,595.518038
145.763265,595.518038
145.766168,595.625814
145.769070,595.625814
145.771973,595.625814
145.774875,595.625814
145.777778,595.747568
145.780680,595.747568
145.783583,596.091785
145.786485,596.075962
145.789388,596.075962
145.792290,596.075962
145.795193,596.179514
145.798095,596.523980
145.800998,596.523980
145.803900,596.868646
145.806803,597.121017
145.809705,597.121017
145.812608,596.431594
145.815510,596.001891
145.818413,595.657726
145.821315,595.313760
145.824218,0.000000
145.827120,0.000000
145.830023,0.000000
145.832925,0.000000
145.835828,0.000000
145.838730,0.000000
145.841633,0.000000
145.844535,0.000000
145.847438,0.000000
145.850340,0.000000
145.853243,0.000000
145.856145,0.000000
145.859048,0.000000
145.861950,0.000000
145.864853,0.000000
145.867755,660.873793
145.870658,661.637706
145.873560,662.019993
145.876463,662.466202
145.879365,662.466202
145.882268,663.231956
145.885170,663.758442
145.888073,663.758442
145.890975,663.375151
145.893878,663.758442
145.896780,663.881629
145.899683,663.881629
145.902585,663.498267
145.905488,662.479949
145.908390,662.862723
145.911293,663.245718
145.914195,663.628934
145.917098,663.238799
145.920000,662.473038
145.922902,662.090489
145.925805,662.379852
145.928707,662.762568
145.931610,662.379852
145.934512,661.615082
145.937415,660.689735
145.940317,661.071474
145.943220,659.545838
145.946122,660.226869
145.949025,659.845617
145.951927,660.226869
145.954830,659.845617
145.957732,659.841103
145.960635,0.000000
145.963537,0.000000
145.966440,0.000000
145.969342,660.482141
145.972245,660.482141
145.975147,660.249197
145.978050,660.249197
145.980952,661.012388
145.983855,661.394314
145.986757,662.275691
145.989660,662.275691
145.992562,662.658347
145.995465,663.088647
145.998367,664.238688
146.001270,665.006490
146.004172,665.775180
146.007075,665.584090
146.009977,666.353448
146.012880,666.738460
146.015782,667.153768
146.018685,667.924940
146.021587,667.924940
146.024490,669.083369
146.027392,669.106442
146.030295,669.879871
146.033197,669.879871
146.036100,670.315905
146.039002,670.703206
146.041905,670.703206
146.044807,670.703206
146.047710,670.742415
146.050612,670.355091
146.053515,670.355091
146.056417,669.900395
146.059320,669.513557
146.062222,669.126943
146.065125,669.217429
146.068027,668.444765
146.070930,667.672994
146.073832,666.517006
146.076735,665.547071
146.079637,665.162747
146.082540,664.394765
146.085442,664.170194
146.088345,663.786665
146.091247,663.403357
146.094150,662.254762
146.097052,661.745739
146.099955,661.363610
146.102857,661.363610
146.105760,661.282724
146.108662,660.519221
146.111565,660.519221
146.114467,660.519221
146.117370,660.963260
146.120272,661.345158
146.123175,662.109615
146.126077,662.548868
146.128980,662.931682
146.131882,662.931682
146.134785,663.314717
146.137687,664.109868
146.140590,664.877521
146.143492,664.493584
146.146395,664.528957
146.149297,665.681497
146.152200,666.450967
146.155102,667.068662
146.158005,667.068662
146.160907,667.068662
146.163810,667.839735
146.166712,668.333582
146.169615,668.333582
146.172517,667.561938
146.175420,667.769633
146.178322,667.769633
146.181224,667.769633
146.184127,667.769633
146.187029,667.725591
146.189932,667.725591
146.192834,668.111396
146.195737,667.665644
146.198639,668.437407
146.201542,668.051414
146.204444,668.051414
146.207347,668.196820
146.210249,668.582897
146.213152,668.196820
146.216054,668.241724
146.218957,668.241724
146.221859,668.627827
146.224762,668.241724
146.227664,667.864573
146.230567,667.093471
146.233469,667.093471
146.236372,666.132134
146.239274,665.363032
146.242177,665.747472
146.245079,665.401035
146.247982,665.401035
146.250884,665.016796
146.253787,664.248982
146.256689,663.339047
146.259592,663.339047
146.262494,663.339047
146.265397,664.065878
146.268299,662.533331
146.271202,660.622620
146.274104,657.956879
146.277007,655.806648
146.279909,655.806648
146.282812,662.278119
146.285714,658.892585
146.288617,663.858895
146.291519,663.475546
146.294422,663.858895
146.297324,664.331552
146.300227,665.868259
146.303129,664.331552
146.306032,584.288584
146.308934,584.963970
146.311837,585.301957
146.314739,586.994818
146.317642,588.088462
146.320544,588.768241
146.323447,589.108425
146.326349,589.584377
146.329252,589.584377
146.332154,589.925033
146.335057,590.158530
146.337959,589.817740
146.340862,589.477146
146.343764,589.817740
146.346667,589.843061
146.349569,590.183866
146.352472,590.183866
146.355374,590.090038
146.358277,590.430985
146.361179,590.772130
146.364082,591.113472
146.366984,590.756515
146.369887,590.756515
146.372789,590.756515
146.375692,590.723205
146.378594,591.064519
146.381497,590.723205
146.384399,591.064519
146.387302,590.967315
146.390204,590.967315
146.393107,590.967315
146.396009,590.511402
146.398912,590.511402
146.401814,590.511402
146.404717,590.852593
146.407619,590.577889
146.410522,590.236856
146.413424,590.236856
146.416327,590.342762
146.419229,590.342762
146.422132,590.001865
146.425034,589.963194
146.427937,589.963194
146.430839,589.963194
146.433741,589.622517
146.436644,589.598483
146.439546,588.917745
146.442449,588.237794
146.445351,588.771324
146.448254,589.792472
146.451156,589.792472
146.454059,588.091542
146.456961,587.479707
146.459864,588.158782
146.462766,588.158782
146.465669,588.368491
146.468571,589.729483
146.471474,0.000000
146.474376,0.000000
146.477279,587.413042
146.480181,588.771823
146.483084,589.452392
146.485986,588.526240
146.488889,590.910680
146.491791,593.304781
146.494694,589.887597
146.497596,589.557983
146.500499,589.217539
146.503401,588.537242
146.506304,521.350129
146.509206,521.350129
146.512109,522.556097
146.515011,523.822116
146.517914,523.822116
146.520816,524.730617
146.523719,525.640694
146.526621,526.063128
146.529524,526.671211
146.532426,526.975516
146.535329,527.080180
146.538231,527.384721
146.541134,527.689439
146.544036,527.689439
146.546939,527.705102
146.549841,527.705102
146.552744,527.705102
146.555646,527.996079
146.558549,527.996079
146.561451,527.691185
146.564354,527.691185
146.567256,527.581466
146.570159,527.581466
146.573061,527.886297
146.575964,527.832045
146.578866,527.832045
146.581769,527.832045
146.584671,528.137021
146.587574,528.106952
146.590476,528.106952
146.593379,527.801994
146.596281,527.698117
146.599184,527.698117
146.602086,527.698117
146.604989,527.698117
146.607891,527.572851
146.610794,527.572851
146.613696,0.000000
146.616599,0.000000
146.619501,527.557934
146.622404,527.557934
146.625306,527.656468
146.628209,527.351769
146.631111,527.656468
146.634014,527.351769
146.636916,527.200507
146.639819,527.200507
146.642721,527.200507
146.645624,527.149468
146.648526,527.149468
146.651429,527.149468
146.654331,527.149468
146.657234,526.876339
146.660136,527.180763
146.663039,527.180763
146.665941,527.410220
146.668844,527.105664
146.671746,527.105664
146.674649,527.105664
146.677551,527.125431
146.680454,526.821039
146.683356,526.516824
146.686259,526.507242
146.689161,526.507242
146.692063,526.811452
146.694966,525.899348
146.697868,524.200750
146.700771,526.020643
146.703673,526.020643
146.706576,526.855671
146.709478,526.855671
146.712381,526.551435
146.715283,526.068628
146.718186,527.285510
146.721088,525.764847
146.723991,528.200018
146.726893,529.216764
146.729796,528.605742
146.732698,527.385814
146.735601,591.962466
146.738503,591.962466
146.741406,595.391670
146.744308,593.674592
146.747211,592.643130
146.750113,594.357225
146.753016,594.357225
146.755918,594.763945
146.758821,595.107593
146.761723,595.107593
146.764626,595.451440
146.767528,593.986198
146.770431,594.329397
146.773333,593.986198
146.776236,593.367497
146.779138,592.682408
146.782041,591.656257
146.784943,591.656257
146.787846,589.499263
146.790748,588.818640
146.793651,589.499263
146.796553,588.653052
146.799456,587.633877
146.802358,586.955408
146.805261,586.375964
146.808163,585.698947
146.811066,585.698947
146.813968,585.698947
146.816871,585.917142
146.819773,584.902704
146.822676,584.227388
146.825578,584.435165
146.828481,585.110722
146.831383,585.787059
146.834286,585.787059
146.837188,585.667187
146.840091,584.990988
146.842993,585.667187
146.845896,586.014742
146.848798,586.692124
146.851701,587.031109
146.854603,587.031109
146.857506,587.729222
146.860408,588.408586
146.863311,589.088735
146.866213,589.439290
146.869116,590.461596
146.872018,590.461596
146.874921,591.144118
146.877823,591.341177
146.880726,592.024716
146.883628,593.051506
146.886531,594.689953
146.889433,596.065567
146.892336,596.754567
146.895238,599.470257
146.898141,600.856928
146.901043,601.204097
146.903946,601.204097
146.906848,601.319823
146.909751,0.000000
146.912653,601.667259
146.915556,601.497582
146.918458,601.497582
146.921361,601.497582
146.924263,601.497582
146.927166,601.255907
146.930068,599.868315
146.932971,598.483925
146.935873,597.152021
146.938776,596.118132
146.941678,596.118132
146.944580,595.429867
146.947483,594.797697
146.950385,593.767883
146.953288,594.454227
146.956190,592.844061
146.959093,590.792976
146.961995,590.110859
146.964898,588.748988
146.967800,588.525326
146.970703,588.865370
146.973605,588.525326
146.976508,588.227098
146.979410,587.887423
146.982313,588.227098
146.985215,587.974114
146.988118,588.653761
146.991020,588.993879
146.993923,589.334193
146.996825,589.837769
146.999728,590.178571
147.002630,590.860766
147.005533,591.003017
147.008435,591.686165
147.011338,592.028035
147.014240,592.370103
147.017143,592.220147
147.020045,593.590048
147.022948,594.276187
147.025850,595.247405
147.028753,595.591333
147.031655,595.935459
147.034558,596.624309
147.037460,596.691195
147.040363,597.035957
147.043265,596.691195
147.046168,596.948146
147.049070,596.603435
147.051973,596.948146
147.054875,596.948146
147.057778,596.760853
147.060680,596.760853
147.063583,596.760853
147.066485,596.628576
147.069388,596.628576
147.072290,596.628576
147.075193,596.390512
147.078095,596.390512
147.080998,596.390512
147.083900,596.735100
147.086803,597.048913
147.089705,596.704143
147.092608,596.359573
147.095510,596.300844
147.098413,596.645381
147.101315,596.300844
147.104218,595.268428
147.107120,594.406963
147.110023,594.063720
147.112925,594.063720
147.115828,594.712166
147.118730,0.000000
147.121633,594.712166
147.124535,595.743617
147.127438,594.961282
147.130340,594.617719
147.133243,594.617719
147.136145,594.590887
147.139048,593.218676
147.141950,591.849632
147.144853,596.999898
147.147755,594.723292
147.150658,592.323468
147.153560,591.639584
147.156463,593.728987
147.159365,593.386135
147.162268,593.728987
147.165170,528.361919
147.168073,528.667201
147.170975,528.667201
147.173878,528.972659
147.176780,529.457117
147.179683,529.763031
147.182585,529.763031
147.185488,530.136967
147.188390,529.830837
147.191293,529.830837
147.194195,529.830837
147.197098,530.405078
147.200000,530.405078
147.202902,530.405078
147.205805,530.100518
147.208707,530.406805
147.211610,530.406805
147.214512,530.406805
147.217415,530.250365
147.220317,530.250365
147.223220,530.250365
147.226122,530.702245
147.229025,530.395788
147.231927,530.395788
147.234830,530.395788
147.237732,530.091733
147.240635,530.091733
147.243537,530.091733
147.246440,530.233353
147.249342,530.233353
147.252245,529.927167
147.255147,529.875115
147.258050,529.875115
147.260952,529.875115
147.263855,530.181271
147.266757,529.701175
147.269660,529.395296
147.272562,529.701175
147.275465,530.399212
147.278367,0.000000
147.281270,529.480896
147.284172,529.480896
147.287075,529.543506
147.289977,529.543506
147.292880,529.237718
147.295782,529.195341
147.298685,529.195341
147.301587,528.889754
147.304490,528.584343
147.307392,528.693265
147.310295,528.998739
147.313197,528.693265
147.316100,528.388124
147.319002,528.083003
147.321905,527.778058
147.324807,527.473290
147.327710,527.361876
147.330612,526.448819
147.333515,526.144818
147.336417,524.962266
147.339320,523.448303
147.342222,521.336087
147.345125,518.356325
147.348027,518.655825
147.350930,517.757842
147.353832,517.757842
147.356735,522.903375
147.359637,524.415762
147.362540,526.236402
147.365442,527.353091
147.368345,529.489685
147.371247,529.795619
147.374150,529.183929
147.377052,527.652702
147.379955,527.652702
147.382857,522.798621
147.385760,499.877361
147.388662,497.285439
147.391565,498.147916
147.394467,500.166184
147.397370,501.648368
147.400272,502.518412
147.403175,503.099280
147.406077,503.564765
147.408980,503.855719
147.411882,504.146842
147.414785,504.146842
147.417687,504.345935
147.420590,504.345935
147.423492,504.637341
147.426395,504.580419
147.429297,504.580419
147.432200,504.871960
147.435102,504.611183
147.438005,504.611183
147.440907,504.611183
147.443810,504.902742
147.446712,504.702740
147.449615,504.702740
147.452517,504.702740
147.455420,504.776300
147.458322,504.776300
147.461224,504.776300
147.464127,504.776300
147.467029,505.017543
147.469932,504.725918
147.472834,504.725918
147.475737,504.672813
147.478639,504.672813
147.481542,504.672813
147.484444,504.672813
147.487347,504.603695
147.490249,504.312308
147.493152,504.312308
147.496054,504.434571
147.498957,504.143282
147.501859,504.434571
147.504762,504.434571
147.507664,504.419192
147.510567,504.419192
147.513469,504.419192
147.516372,504.519495
147.519274,504.519495
147.522177,504.519495
147.525079,504.428669
147.527982,504.428669
147.530884,504.428669
147.533787,504.720123
147.536689,504.495696
147.539592,504.495696
147.542494,504.495696
147.545397,504.866348
147.548299,504.866348
147.551202,504.574810
147.554104,504.574810
147.557007,504.724604
147.559909,505.016229
147.562812,505.016229
147.565714,505.203154
147.568617,505.203154
147.571519,505.203154
147.574422,505.203154
147.577324,505.183069
147.580227,0.000000
147.583129,0.000000
147.586032,504.955881
147.588934,504.955881
147.591837,504.955881
147.594739,504.955881
147.597642,505.150207
147.600544,504.566971
147.603447,504.275606
147.606349,504.156203
147.609252,504.447499
147.612154,505.322398
147.615057,504.551153
147.617959,503.677590
147.620862,504.259797
147.623764,505.134370
147.626667,504.688828
147.629569,504.980432
147.632472,504.397393
147.635374,505.443773
147.638277,505.443773
147.641179,508.665511
147.644082,512.499506
147.646984,516.570309
147.649887,518.363711
147.652789,517.466233
147.655692,519.882525
147.658594,518.982418
147.661497,519.882525
147.664399,519.882525
147.667302,521.913264
147.670204,525.239980
147.673107,524.330596
147.676009,524.671282
147.678912,525.277757
147.681814,526.492809
147.684717,525.884932
147.687619,526.088782
147.690522,525.784989
147.693424,526.088782
147.696327,526.342129
147.699229,526.342129
147.702132,526.342129
147.705034,526.188209
147.707937,525.884359
147.710839,526.188209
147.713741,526.492235
147.716644,526.607502
147.719546,526.303409
147.722449,526.303409
147.725351,526.512765
147.728254,526.816979
147.731156,526.512765
147.734059,526.512765
147.736961,526.333130
147.739864,526.333130
147.742766,526.941525
147.745669,526.539574
147.748571,526.539574
147.751474,526.539574
147.754376,526.539574
147.757279,526.341145
147.760181,526.645259
147.763084,526.645259
147.765986,526.428991
147.768889,526.428991
147.771791,526.428991
147.774694,526.125001
147.777596,526.483233
147.780499,526.787429
147.783401,526.787429
147.786304,526.830163
147.789206,526.830163
147.792109,526.830163
147.795011,526.801595
147.797914,526.801595
147.800816,526.801595
147.803719,526.801595
147.806621,526.657030
147.809524,526.657030
147.812426,526.657030
147.815329,526.591605
147.818231,0.000000
147.821134,0.000000
147.824036,0.000000
147.826939,0.000000
147.829841,526.466359
147.832744,526.466359
147.835646,526.281676
147.838549,526.281676
147.841451,526.585756
147.844354,526.585756
147.847256,526.583990
147.850159,526.583990
147.853061,526.583990
147.855964,526.597889
147.858866,526.293802
147.861769,526.597889
147.864671,526.293802
147.867574,526.338987
147.870476,526.643100
147.873379,526.338987
147.876281,526.302241
147.879184,526.302241
147.882086,526.606333
147.884989,526.606333
147.887891,526.331330
147.890794,526.635439
147.893696,526.635439
147.896599,526.702005
147.899501,526.702005
147.902404,526.702005
147.905306,526.704396
147.908209,526.704396
147.911111,527.008720
147.914014,527.008720
147.916916,527.584564
147.919819,527.889397
147.922721,528.499591
147.925624,528.881700
147.928526,529.187282
147.931429,529.493041
147.934331,529.798977
147.937234,530.199046
147.940136,530.811910
147.943039,531.118608
147.945941,530.938927
147.948844,531.245697
147.951746,531.245697
147.954649,531.245697
147.957551,531.811941
147.960454,532.119216
147.963356,532.119216
147.966259,531.858259
147.969161,531.858259
147.972063,531.551134
147.974966,531.551134
147.977868,531.808984
147.980771,532.116257
147.983673,531.808984
147.986576,531.620676
147.989478,531.313688
147.992381,531.006878
147.995283,531.249644
147.998186,531.249644
148.001088,530.942870
148.003991,530.023613
148.006893,529.278817
148.009796,528.362441
148.012698,527.752406
148.015601,527.057296
148.018503,526.752944
148.021406,527.057296
148.024308,526.448767
148.027211,526.016773
148.030113,525.409445
148.033016,524.499768
148.035918,523.970502
148.038821,523.063317
148.041723,522.157702
148.044626,522.157702
148.047528,521.792629
148.050431,520.889214
148.053333,520.889214
148.056236,520.683073
148.059138,520.683073
148.062041,520.683073
148.064943,520.683073
148.067846,520.718882
148.070748,520.418189
148.073651,520.718882
148.076553,520.992011
148.079456,521.895604
148.082358,522.498870
148.085261,522.873970
148.088163,523.478366
148.091066,523.780827
148.093968,524.083462
148.096871,524.711102
148.099773,525.317623
148.102676,525.924844
148.105578,526.706033
148.108481,527.010358
148.111383,527.314859
148.114286,528.840005
148.117188,529.557023
148.120091,529.862995
148.122993,530.475471
148.125896,531.416693
148.128798,532.338366
148.131701,532.645946
148.134603,532.338366
148.137506,532.542882
148.140408,532.542882
148.143311,532.542882
148.146213,532.465800
148.149116,533.081284
148.152018,533.389293
148.154921,533.081284
148.157823,533.328809
148.160726,533.020835
148.163628,533.636961
148.166531,534.348873
148.169433,534.657614
148.172336,534.040310
148.175238,532.589555
148.178141,531.667447
148.181043,530.746935
148.183946,530.134147
148.186848,529.801091
148.189751,528.578403
148.192653,527.358538
148.195556,526.533366
148.198458,524.711699
148.201361,523.500757
148.204263,522.594385
148.207166,521.632679
148.210068,521.331460
148.212971,520.729542
148.215873,519.296986
148.218776,518.397893
148.221678,518.098541
148.224580,517.799362
148.227483,516.841796
148.230385,516.841796
148.233288,517.140422
148.236190,517.365611
148.239093,517.664539
148.241995,517.963641
148.244898,517.963641
148.247800,518.566892
148.250703,518.866514
148.253605,519.166310
148.256508,519.658037
148.259410,520.559317
148.262313,521.161038
148.265215,521.343894
148.268118,521.645121
148.271020,521.946522
148.273923,523.153869
148.276825,524.679993
148.279728,524.983148
148.282630,525.286478
148.285533,525.119116
148.288435,526.333802
148.291338,528.466266
148.294240,530.300968
148.297143,532.220736
148.300045,533.451849
148.302948,533.760072
148.305850,534.439694
148.308753,534.748488
148.311655,535.057460
148.314558,535.057460
148.317460,535.497650
148.320363,535.497650
148.323265,536.116639
148.326168,535.935018
148.329070,535.007118
148.331973,535.007118
148.334875,534.698175
148.337778,534.199827
148.340680,532.659223
148.343583,533.583052
148.346485,530.802879
148.349388,530.190026
148.352290,529.272072
148.355193,528.286465
148.358095,527.371807
148.360998,526.458733
148.363900,525.547239
148.366803,523.821298
148.369705,523.216506
148.372608,522.009014
148.375510,520.097632
148.378413,519.797299
148.381315,519.797299
148.384218,519.497139
148.387120,519.384602
148.390023,519.084680
148.392925,519.084680
148.395828,518.747258
148.398730,518.447704
148.401633,518.447704
148.404535,519.346884
148.407438,519.508379
148.410340,519.808545
148.413243,519.808545
148.416145,520.409723
148.419048,521.011271
148.421950,521.613515
148.424853,523.122171
148.427755,524.260880
148.430658,524.260880
148.433560,524.866880
148.436463,525.227667
148.439365,525.834784
148.442268,526.442603
148.445170,528.381946
148.448073,529.604179
148.450975,529.298356
148.453878,528.992709
148.456780,530.229090
148.459683,530.841988
148.462585,532.069912
148.465488,532.316072
148.468390,531.701472
148.471293,531.087581
148.474195,530.474399
148.477098,531.378234
148.480000,531.378234
148.482902,531.378234
148.485805,530.707661
148.488707,530.401200
148.491610,530.401200
148.494512,530.401200
148.497415,530.045937
148.500317,529.433958
148.503220,529.433958
148.506122,529.654007
148.509025,529.654007
148.511927,528.431659
148.514830,528.431659
148.517732,528.088108
148.520635,527.478388
148.523537,528.088108
148.526440,528.286404
148.529342,528.897057
148.532245,528.286404
148.535147,528.440102
148.538050,528.134951
148.540952,528.134951
148.543855,528.134951
148.546757,528.032678
148.549660,528.032678
148.552562,528.032678
148.555465,527.848167
148.558367,527.848167
148.561270,527.848167
148.564172,528.458313
148.567075,528.776370
148.569977,529.081892
148.572880,529.081892
148.575782,529.202173
148.578685,529.202173
148.581587,529.202173
148.584490,529.202173
148.587392,529.170427
148.590295,529.476176
148.593197,529.170427
148.596100,529.125694
148.599002,529.125694
148.601905,528.820147
148.604807,528.514777
148.607710,528.442573
148.610612,529.970981
148.613515,529.970981
148.616417,529.611405
148.619320,528.999927
148.622222,528.694453
148.625125,530.046165
148.628027,527.907325
148.630930,528.517540
148.633832,528.517540
148.636735,529.033946
148.639637,525.986934
148.642540,529.951486
148.645442,885.137291
148.648345,883.094551
148.651247,889.236959
148.654150,894.388257
148.657052,896.750335
148.659955,898.824664
148.662857,899.863627
148.665760,900.126039
148.668662,900.646122
148.671565,901.166506
148.674467,901.166506
148.677370,901.303425
148.680272,901.303425
148.683175,900.782962
148.686077,900.379692
148.688980,899.859762
148.691882,899.340133
148.694785,898.301775
148.697687,896.875064
148.700590,895.839552
148.703492,894.805235
148.706395,892.306690
148.709297,889.733325
148.712200,888.192870
148.715102,885.965442
148.718005,884.431510
148.720907,882.390398
148.723810,880.353997
148.726712,878.434401
148.729615,877.927144
148.732517,877.420180
148.735420,877.143550
148.738322,876.130819
148.741224,876.637038
148.744127,876.637038
148.747029,877.428800
148.749932,878.443031
148.752834,878.950586
148.755737,879.015361
148.758639,879.523247
148.761542,880.539899
148.764444,882.067081
148.767347,883.180489
148.770249,884.712251
148.773152,886.246670
148.776054,888.012643
148.778957,889.552786
148.781859,891.610465
148.784762,893.672905
148.787664,895.732301
148.790567,897.285833
148.793469,899.361400
148.796372,902.671008
148.799274,904.236573
148.802177,905.281792
148.805079,905.747150
148.807982,906.794115
148.810884,906.794115
148.813787,908.366832
148.816689,909.881416
148.819592,908.830887
148.822494,909.356000
148.825397,909.740985
148.828299,910.266624
148.831202,909.740985
148.834104,910.266624
148.837007,909.781119
148.839909,909.255761
148.842812,908.205954
148.845714,906.625957
148.848617,905.056255
148.851519,902.446121
148.854422,899.843514
148.857324,897.999185
148.860227,894.892344
148.863129,891.281278
148.866032,888.272398
148.868934,886.222422
148.871837,884.177178
148.874739,882.136653
148.877642,880.575239
148.880544,880.066746
148.883447,878.543027
148.886349,877.210393
148.889252,876.197585
148.892154,875.691619
148.895057,876.232916
148.897959,876.232916
148.900862,877.245765
148.903764,877.752628
148.906667,877.886932
148.909569,878.901693
148.912472,880.934734
148.915374,882.513394
148.918277,882.513394
148.921179,884.043999
148.924082,886.088936
148.926984,888.343563
148.929887,890.912908
148.932789,892.458081
148.935692,894.696227
148.938594,896.765804
148.941497,900.399090
148.944399,900.919331
148.947302,904.483139
148.950204,905.528642
148.953107,906.575354
148.956009,906.273796
148.958912,906.797431
148.961814,906.797431
148.964717,906.797431
148.967619,907.446501
148.970522,907.446501
148.973424,907.446501
148.976327,907.371181
148.979229,906.847215
148.982132,906.323550
148.985034,906.310578
148.987937,905.264171
148.990839,904.218973
148.993741,902.653438
148.996644,900.373753
148.999546,897.777123
149.002449,895.187982
149.005351,892.253172
149.008254,889.166211
149.011156,888.139599
149.014059,886.601903
149.016961,884.636364
149.019864,883.614982
149.022766,883.614982
149.025669,882.443990
149.028571,881.934417
149.031474,881.934417
149.034376,882.443990
149.037279,883.198722
149.040181,883.709025
149.043084,884.219623
149.045986,885.030623
149.048889,886.053642
149.051791,887.590387
149.054694,888.103227
149.057596,889.606589
149.060499,891.149496
149.063401,892.179587
149.066304,893.396845
149.069206,894.946325
149.072109,895.980805
149.075011,896.551783
149.077914,897.588119
149.080816,897.588119
149.083719,898.106736
149.086621,899.091603
149.089524,899.611088
149.092426,899.091603
149.095329,899.665083
149.098231,899.665083
149.101134,900.184900
149.104036,899.665083
149.106939,898.847932
149.109841,898.328887
149.112744,897.291696
149.115646,896.612245
149.118549,896.094491
149.121451,896.094491
149.124354,895.577036
149.127256,894.432929
149.130159,893.400236
149.133061,892.368736
149.135964,890.982420
149.138866,889.953711
149.141769,888.926190
149.144671,885.339199
149.147574,889.347245
149.150476,888.833687
149.153379,888.320424
149.156281,893.686706
149.159184,890.080506
149.162086,887.001061
149.164989,892.654875
149.167891,787.949429
149.170794,788.860230
149.173696,788.860230
149.176599,788.839808
149.179501,788.839808
149.182404,788.384287
149.185306,788.034212
149.188209,788.034212
149.191111,788.034212
149.194014,788.489530
149.196916,788.329449
149.199819,788.784938
149.202721,788.329449
149.205624,788.354560
149.208526,788.354560
149.211429,788.810063
149.214331,788.810063
149.217234,788.957929
149.220136,788.957929
149.223039,788.957929
149.225941,789.009185
149.228844,789.009185
149.231746,789.465066
149.234649,789.465066
149.237551,789.701936
149.240454,789.245918
149.243356,789.701936
149.246259,790.284378
149.249161,789.828023
149.252063,790.284378
149.254966,790.284378
149.257868,790.120101
149.260771,790.120101
149.263673,790.120101
149.266576,790.040050
149.269478,790.040050
149.272381,790.040050
149.275283,790.590353
149.278186,790.590353
149.281088,790.590353
149.283991,791.047148
149.286893,791.447476
149.289796,791.447476
149.292698,791.447476
149.295601,791.860175
149.298503,791.860175
149.301406,791.860175
149.304308,791.860175
149.307211,791.747139
149.310113,791.747139
149.313016,791.747139
149.315918,791.213629
149.318821,791.213629
149.321723,790.756738
149.324626,790.756738
149.327528,790.053577
149.330431,789.141398
149.333333,788.230272
149.336236,787.247313
149.339138,786.338374
149.342041,785.430485
149.344943,782.261120
149.347846,779.035283
149.350748,778.585424
149.353651,781.739897
149.356553,678.542352
149.359456,678.150524
149.362358,684.842483
149.365261,682.249290
149.368163,676.754381
149.371066,685.409247
149.373968,683.827443
149.376871,684.573942
149.379773,686.553927
149.382676,688.142037
149.385578,689.573102
149.388481,690.370189
149.391383,690.769078
149.394286,691.567546
149.397188,691.379045
149.400091,692.178219
149.402993,693.779339
149.405896,694.984203
149.408798,695.385758
149.411701,696.189563
149.414603,697.397014
149.417506,697.643355
149.420408,697.643355
149.423311,697.643355
149.426213,697.895197
149.429116,697.895197
149.432018,697.492193
149.434921,697.895197
149.437823,697.866661
149.440726,697.866661
149.443628,697.463674
149.446531,697.605453
149.449433,697.605453
149.452336,698.008522
149.455238,697.872259
149.458141,697.872259
149.461043,697.872259
149.463946,697.872259
149.466848,698.032742
149.469751,698.436058
149.472653,698.436058
149.475556,698.422114
149.478458,698.422114
149.481361,698.422114
149.484263,698.422114
149.487166,698.419985
149.490068,698.419985
149.492971,698.823525
149.495873,698.790160
149.498776,698.790160
149.501678,0.000000
149.504580,0.000000
149.507483,698.397385
149.510385,698.397385
149.513288,698.397385
149.516190,698.685884
149.519093,698.282424
149.521995,698.282424
149.524898,698.282424
149.527800,698.475260
149.530703,698.071922
149.533605,698.475260
149.536508,698.483512
149.539410,698.483512
149.542313,698.080169
149.545215,698.022480
149.548118,698.022480
149.551020,698.022480
149.553923,698.022480
149.556825,697.858751
149.559728,697.858751
149.562630,697.858751
149.565533,697.529595
149.568435,697.126802
149.571338,697.126802
149.574240,696.724242
149.577143,696.601252
149.580045,696.198995
149.582948,696.198995
149.585850,695.715813
149.588753,694.110224
149.591655,694.511274
149.594558,696.117791
149.597460,697.064556
149.600363,695.857682
149.603265,695.857682
149.606168,785.611993
149.609070,789.250692
149.611973,791.533432
149.614875,791.533432
149.617778,793.025781
149.620680,793.483983
149.623583,793.483983
149.626485,793.057186
149.629388,792.599231
149.632290,792.141540
149.635193,791.574161
149.638095,790.660227
149.640998,789.747348
149.643900,788.380005
149.646803,787.458227
149.649705,786.094847
149.652608,785.187239
149.655510,782.540823
149.658413,781.637318
149.661315,780.734857
149.664218,780.284017
149.667120,779.937332
149.670023,779.036833
149.672925,778.137374
149.675828,777.419043
149.678730,776.073045
149.681633,775.177008
149.684535,774.729378
149.687438,773.612337
149.690340,773.612337
149.693243,773.165610
149.696145,773.311983
149.699048,773.311983
149.701950,773.311983
149.704853,773.311983
149.707755,773.434971
149.710658,774.328994
149.713560,775.671967
149.716463,777.070115
149.719365,777.968340
149.722268,778.867604
149.725170,779.673894
149.728073,780.575129
149.730975,782.380726
149.733878,782.832777
149.736780,783.854818
149.739683,785.668001
149.742585,787.030640
149.745488,788.230480
149.748390,789.141606
149.751293,790.053785
149.754195,790.967018
149.757098,791.097575
149.760000,791.554663
149.762902,792.927512
149.765805,793.699013
149.768707,795.534967
149.771610,797.375168
149.774512,799.219626
149.777415,798.780279
149.780317,798.319019
149.783220,796.936835
149.786122,795.216629
149.789025,792.923267
149.791927,793.839817
149.794830,793.381410
149.797732,793.181231
149.800635,792.723204
149.803537,792.265441
149.806440,790.660129
149.809342,788.835425
149.812245,787.469661
149.815147,785.455594
149.818050,783.190382
149.820952,781.382917
149.823855,780.931703
149.826757,779.845611
149.829660,778.945218
149.832562,777.147550
149.835465,775.893328
149.838367,774.549972
149.841270,772.762447
149.844172,771.870232
149.847075,772.232028
149.849977,772.678216
149.852880,771.786098
149.855782,771.619351
149.858685,771.173775
149.861587,771.619351
149.864490,772.065185
149.867392,772.721628
149.870295,774.061813
149.873197,774.956561
149.876100,775.800758
149.879002,778.044598
149.881905,779.394015
149.884807,780.745773
149.887710,782.387488
149.890612,784.197277
149.893515,785.557366
149.896417,786.342860
149.899320,787.251803
149.902222,787.706669
149.905125,789.284644
149.908027,789.740684
149.910930,790.653556
149.913832,791.567482
149.916735,791.462746
149.919637,792.377608
149.922540,792.835435
149.925442,793.140931
149.928345,793.140931
149.931247,792.682927
149.934150,792.682927
149.937052,792.258391
149.939955,791.800897
149.942857,791.343667
149.945760,790.521806
149.948662,790.065315
149.951565,789.153123
149.954467,787.786809
149.957370,787.078112
149.960272,786.169369
149.963175,785.261675
149.966077,784.240030
149.968980,783.787166
149.971882,783.787166
149.974785,783.787166
149.977687,783.410919
149.980590,783.410919
149.983492,783.410919
149.986395,783.327310
149.989297,783.779908
149.992200,784.232768
149.995102,784.178248
149.998005,784.631338
150.000907,785.084690
150.003810,785.538304
150.006712,785.521912
150.009615,785.975778
150.012517,786.429907
150.015420,787.005967
150.018322,787.460691
150.021224,787.915677
150.024127,788.370927
150.027029,787.470931
150.029932,787.470931
150.032834,788.381179
150.035737,787.878117
150.038639,786.514011
150.041542,785.152266
150.044444,784.245746
150.047347,783.505997
150.050249,783.958699
150.053152,783.958699
150.056054,785.086138
150.058957,785.086138
150.061859,784.632786
150.064762,783.726866
150.067664,783.127454
150.070567,785.392484
150.073469,784.938955
150.076372,682.142707
150.079274,684.510935
150.082177,690.068824
150.085079,694.033075
150.087982,697.247610
150.090884,697.247610
150.093787,697.650472
150.096689,698.567133
150.099592,698.163741
150.102494,698.163741
150.105397,698.363730
150.108299,698.767237
150.111202,699.170978
150.114104,699.170978
150.117007,699.297252
150.119909,699.297252
150.122812,699.297252
150.125714,699.458252
150.128617,699.458252
150.131519,699.458252
150.134422,699.458252
150.137324,699.443845
150.140227,699.443845
150.143129,699.847977
150.146032,699.919799
150.148934,699.919799
150.151837,699.919799
150.154739,699.919799
150.157642,0.000000
150.160544,0.000000
150.163447,699.986142
150.166349,700.069652
150.169252,700.069652
150.172154,700.069652
150.175057,700.016404
150.177959,700.420866
150.180862,700.016404
150.183764,700.016404
150.186667,699.892703
150.189569,699.892703
150.192472,699.892703
150.195374,700.096953
150.198277,700.096953
150.201179,700.096953
150.204082,699.692678
150.206984,699.870589
150.209887,699.870589
150.212789,699.870589
150.215692,699.626866
150.218594,699.626866
150.221497,699.626866
150.224399,699.626866
150.227302,699.707195
150.230204,699.303145
150.233107,699.303145
150.236009,699.422869
150.238912,699.018983
150.241814,699.018983
150.244717,699.018983
150.247619,698.947834
150.250522,698.947834
150.253424,698.544222
150.256327,698.375258
150.259229,697.971977
150.262132,697.568929
150.265034,697.022000
150.267937,696.217234
150.270839,695.413396
150.273741,695.011826
150.276644,693.674664
150.279546,692.473658
150.282449,691.274732
150.285351,688.364624
150.288254,691.952477
150.291156,693.553075
150.294059,694.755953
150.296961,697.997451
150.299864,697.191559
150.302766,698.400747
150.305669,674.282766
150.308571,664.999716
150.311474,677.405824
150.314376,672.726640
150.317279,646.667001
150.320181,648.912066
150.323084,649.662152
150.325986,659.781786
150.328889,660.926092
150.331791,663.987287
150.334694,665.523197
150.337596,666.118414
150.340499,665.733760
150.343401,665.733760
150.346304,666.266928
150.349206,666.266928
150.352109,666.266928
150.355011,666.537378
150.357914,666.152482
150.360816,666.152482
150.363719,666.537378
150.366621,666.443978
150.369524,666.443978
150.372426,666.443978
150.375329,666.491186
150.378231,666.106316
150.381134,666.491186
150.384036,666.491186
150.386939,666.488119
150.389841,666.488119
150.392744,666.488119
150.395646,666.400314
150.398549,666.400314
150.401451,666.785353
150.404354,666.785353
150.407256,666.720261
150.410159,666.720261
150.413061,666.720261
150.415964,666.673251
150.418866,666.673251
150.421769,666.673251
150.424671,666.673251
150.427574,666.672523
150.430476,666.672523
150.433379,666.672523
150.436281,666.295917
150.439184,666.680895
150.442086,666.680895
150.444989,666.680895
150.447891,666.761525
150.450794,666.761525
150.453696,666.761525
150.456599,666.651427
150.459501,666.651427
150.462404,666.651427
150.465306,666.785735
150.468209,666.785735
150.471111,666.785735
150.474014,666.785735
150.476916,666.811749
150.479819,666.811749
150.482721,666.811749
150.485624,666.764892
150.488526,666.764892
150.491429,666.764892
150.494331,666.764892
150.497234,666.844444
150.500136,666.844444
150.503039,666.844444
150.505941,666.814654
150.508844,666.814654
150.511746,666.814654
150.514649,666.814654
150.517551,666.999824
150.520454,666.999824
150.523356,666.999824
150.526259,667.047194
150.529161,667.047194
150.532063,667.047194
150.534966,667.047194
150.537868,666.924086
150.540771,666.924086
150.543673,666.924086
150.546576,666.876749
150.549478,666.876749
150.552381,667.262064
150.555283,667.663864
150.558186,668.821841
150.561088,669.981825
150.563991,671.143822
150.566893,672.409288
150.569796,668.922769
150.572698,668.922769
150.575601,668.229394
150.578503,667.843521
150.581406,666.687238
150.584308,666.302256
150.587211,666.938528
150.590113,667.709451
150.593016,667.709451
150.595918,666.839738
150.598821,666.454668
150.601723,668.382247
150.604626,669.928323
150.607528,672.592334
150.610431,672.592334
150.613333,672.592334
150.616236,698.465319
150.619138,698.868885
150.622041,698.868885
150.624943,698.868885
150.627846,698.565231
150.630748,698.565231
150.633651,698.565231
150.636553,697.929842
150.639456,697.526819
150.642358,696.319144
150.645261,695.335259
150.648163,694.532440
150.651066,693.329949
150.653968,692.929582
150.656871,691.769917
150.659773,690.572209
150.662676,689.376575
150.665578,688.774016
150.668481,687.978773
150.671383,687.581496
150.674286,686.787629
150.677188,686.808739
150.680091,687.205570
150.682993,686.808739
150.685896,687.814425
150.688798,687.814425
150.691701,688.211837
150.694603,688.211837
150.697506,689.420961
150.700408,689.819301
150.703311,690.217872
150.706213,690.976308
150.709116,690.577300
150.712018,691.775017
150.714921,692.574648
150.717823,693.614883
150.720726,694.416641
150.723628,695.621017
150.726531,697.571703
150.729433,698.781551
150.732336,699.589281
150.735238,700.150209
150.738141,700.554748
150.741043,701.769769
150.743946,702.580954
150.746848,702.856250
150.749751,702.450381
150.752653,702.856250
150.755556,702.858280
150.758458,702.858280
150.761361,703.264384
150.764263,703.264384
150.767166,703.433961
150.770068,703.433961
150.772971,703.433961
150.775873,703.532362
150.778776,703.126103
150.781678,702.720079
150.784580,702.720079
150.787483,702.624742
150.790385,702.219007
150.793288,701.408240
150.796190,700.116672
150.799093,699.308332
150.801995,0.000000
150.804898,696.888909
150.807800,694.991094
150.810703,693.787810
150.813605,692.186670
150.816508,691.261339
150.819410,690.862166
150.822313,690.463223
150.825215,689.871060
150.828118,689.074550
150.831020,689.472690
150.833923,689.472690
150.836825,689.422435
150.839728,689.422435
150.842630,689.820776
150.845533,689.943269
150.848435,690.341911
150.851338,690.740783
150.854240,691.139886
150.857143,691.242554
150.860045,691.641946
150.862948,692.441424
150.865850,693.320318
150.868753,693.720911
150.871655,694.522792
150.874558,695.325600
150.877460,696.235235
150.880363,697.442765
150.883265,698.652389
150.886168,699.794172
150.889070,700.603073
150.891973,701.007875
150.894875,701.818179
150.897778,702.543755
150.900680,702.949677
150.903583,702.949677
150.906485,702.898593
150.909388,703.304721
150.912290,703.711083
150.915193,703.695248
150.918095,703.288895
150.920998,703.288895
150.923900,703.288895
150.926803,703.069141
150.929705,703.069141
150.932608,702.663149
150.935510,701.741796
150.938413,701.336571
150.941315,700.931580
150.944218,699.718010
150.947120,698.386156
150.950023,697.982868
150.952925,696.372047
150.955828,695.561614
150.958730,694.758533
150.961633,693.555651
150.964535,693.155153
150.967438,692.860494
150.970340,692.860494
150.973243,692.460398
150.976145,692.226422
150.979048,692.226422
150.981950,692.226422
150.984853,692.226422
150.987755,692.332879
150.990658,692.332879
150.993560,692.732901
150.996463,692.983481
150.999365,693.383880
151.002268,693.784510
151.005170,693.776976
151.008073,694.578922
151.010975,694.980242
151.013878,695.783579
151.016780,696.125762
151.019683,696.527976
151.022585,697.333102
151.025488,697.654961
151.028390,697.654961
151.031293,698.461390
151.034195,699.268750
151.037098,699.720227
151.040000,700.529042
151.042902,700.933800
151.045805,700.784064
151.048707,700.784064
151.051610,700.784064
151.054512,700.784064
151.057415,701.241892
151.060317,701.647062
151.063220,701.647062
151.066122,701.648040
151.069025,701.648040
151.071927,702.053445
151.074830,702.459084
151.077732,702.687389
151.080635,702.281618
151.083537,702.281618
151.086440,702.273022
151.089342,702.678788
151.092245,703.491023
151.095147,703.634615
151.098050,703.634615
151.100952,703.634615
151.103855,703.634615
151.106757,703.779144
151.109660,703.372743
151.112562,703.372743
151.115465,702.423951
151.118367,701.207797
151.121270,702.423951
151.124172,702.018332
151.127075,697.992736
151.129977,697.992736
151.132880,689.975605
151.135782,696.864522
151.138685,695.657994
151.141587,698.476483
151.144490,698.880055
151.147392,673.900054
151.150295,674.289427
151.153197,669.631769
151.156100,645.926799
151.159002,646.673434
151.161905,648.169295
151.164807,652.677669
151.167710,660.644479
151.170612,662.938070
151.173515,663.704369
151.176417,664.571014
151.179320,664.954996
151.182222,665.723626
151.185125,666.019103
151.188027,666.403922
151.190930,666.019103
151.193832,666.788963
151.196735,666.641385
151.199637,666.641385
151.202540,666.641385
151.205442,666.277751
151.208345,666.277751
151.211247,666.277751
151.214150,666.277751
151.217052,666.211645
151.219955,666.596575
151.222857,666.596575
151.225760,666.851914
151.228662,666.466837
151.231565,666.466837
151.234467,666.466837
151.237370,666.497287
151.240272,666.497287
151.243175,666.882383
151.246077,666.631559
151.248980,666.631559
151.251882,666.631559
151.254785,666.631559
151.257687,666.779718
151.260590,666.779718
151.263492,666.779718
151.266395,666.589842
151.269297,666.974990
151.272200,666.589842
151.275102,666.687180
151.278005,666.687180
151.280907,666.687180
151.283810,666.687180
151.286712,666.607039
151.289615,666.607039
151.292517,666.607039
151.295420,666.461106
151.298322,666.461106
151.301224,666.461106
151.304127,666.461106
151.307029,666.769576
151.309932,666.769576
151.312834,666.769576
151.315737,666.774865
151.318639,666.774865
151.321542,666.774865
151.324444,666.774865
151.327347,666.786653
151.330249,666.786653
151.333152,666.786653
151.336054,666.646040
151.338957,667.031221
151.341859,667.031221
151.344762,667.031221
151.347664,666.660241
151.350567,667.045430
151.353469,667.045430
151.356372,666.985359
151.359274,666.985359
151.362177,666.985359
151.365079,667.179670
151.367982,667.179670
151.370884,667.179670
151.373787,667.179670
151.376689,666.943934
151.379592,666.943934
151.382494,666.943934
151.385397,666.786814
151.388299,666.786814
151.391202,666.786814
151.394104,666.786814
151.397007,667.080891
151.399909,667.080891
151.402812,666.695681
151.405714,666.636941
151.408617,666.636941
151.411519,666.636941
151.414422,666.636941
151.417324,666.714150
151.420227,666.714150
151.423129,0.000000
151.426032,0.000000
151.428934,666.571982
151.431837,666.571982
151.434739,666.571982
151.437642,666.591413
151.440544,666.591413
151.443447,666.976563
151.446349,667.543154
151.449252,668.314776
151.452154,668.314776
151.455057,667.794842
151.457959,667.023821
151.460862,666.638644
151.463764,666.638644
151.466667,668.200814
151.469569,668.200814
151.472472,667.043913
151.475374,666.883980
151.478277,666.883980
151.481179,667.269299
151.484082,667.269299
151.486984,668.058826
151.489887,668.444823
151.492789,667.673052
151.495692,590.146148
151.498594,590.828306
151.501497,591.169680
151.504399,590.828306
151.507302,590.135104
151.510204,590.135104
151.513107,590.476078
151.516009,590.790679
151.518912,590.790679
151.521814,590.108565
151.524717,590.108565
151.527619,590.636381
151.530522,590.636381
151.533424,590.977644
151.536327,590.977370
151.539229,590.636107
151.542132,590.636107
151.545034,590.873121
151.547937,590.873121
151.550839,590.873121
151.553741,591.214522
151.556644,590.899449
151.559546,590.899449
151.562449,590.899449
151.565351,591.078232
151.568254,591.078232
151.571156,591.078232
151.574059,590.736911
151.576961,590.794775
151.579864,590.794775
151.582766,591.136130
151.585669,590.950754
151.588571,590.950754
151.591474,590.950754
151.594376,591.292199
151.597279,591.305344
151.600181,591.305344
151.603084,591.305344
151.605986,591.178809
151.608889,591.178809
151.611791,591.520385
151.614694,591.520385
151.617596,591.224376
151.620499,591.224376
151.623401,591.565980
151.626304,591.866701
151.629206,591.866701
151.632109,591.866701
151.635011,592.082920
151.637914,592.082920
151.640816,592.082920
151.643719,592.082920
151.646621,592.271779
151.649524,592.271779
151.652426,592.271779
151.655329,592.409231
151.658231,592.751519
151.661134,592.751519
151.664036,592.409231
151.666939,592.441282
151.669841,592.783588
151.672744,592.441282
151.675646,592.576295
151.678549,592.918679
151.681451,592.918679
151.684354,593.261261
151.687256,593.436763
151.690159,593.094080
151.693061,593.094080
151.695964,593.010583
151.698866,593.353218
151.701769,593.353218
151.704671,593.353218
151.707574,593.354074
151.710476,593.011438
151.713379,593.011438
151.716281,296.518637
151.719184,296.689962
151.722086,296.518637
151.724989,296.689962
151.727891,296.692735
151.730794,296.521408
151.733696,296.864161
151.736599,296.758399
151.739501,296.587034
151.742404,296.415769
151.745306,296.701158
151.748209,296.701158
151.751111,296.701158
151.754014,296.529826
151.756916,296.459089
151.759819,296.459089
151.762721,296.459089
151.765624,296.410636
151.768526,296.068407
151.771429,295.897441
151.774331,295.726573
151.777234,295.766652
151.780136,295.595860
151.783039,295.254571
151.785941,294.825485
151.788844,294.825485
151.791746,294.825485
151.794649,295.336822
151.797551,295.129140
151.800454,294.958716
151.803356,294.618163
151.806259,294.371438
151.809161,294.711706
151.812063,294.711706
151.814966,294.881987
151.817868,295.831946
151.820771,293.958233
151.823673,294.468066
151.826576,294.255960
151.829478,295.960567
151.832381,0.000000
151.835283,0.000000
151.838186,0.000000
151.841088,0.000000
151.843991,0.000000
151.846893,0.000000
151.849796,0.000000
151.852698,0.000000
151.855601,0.000000
151.858503,0.000000
151.861406,0.000000
151.864308,0.000000
151.867211,0.000000
151.870113,0.000000
151.873016,0.000000
151.875918,0.000000
151.878821,0.000000
151.881723,0.000000
151.884626,0.000000
151.887528,0.000000
151.890431,0.000000
151.893333,296.686195
151.896236,294.464380
151.899138,292.937548
151.902041,295.316055
151.904943,294.464380
151.907846,525.632892
151.910748,525.329362
151.913651,525.329362
151.916553,525.481524
151.919456,525.178081
151.922358,525.178081
151.925261,525.666909
151.928163,525.970634
151.931066,525.970634
151.933968,525.970634
151.936871,525.550682
151.939773,525.550682
151.942676,525.854339
151.945578,526.028050
151.948481,526.028050
151.951383,526.028050
151.954286,526.028050
151.957188,525.913357
151.960091,525.913357
151.962993,526.521267
151.965896,526.026736
151.968798,526.026736
151.971701,526.026736
151.974603,526.026736
151.977506,525.853395
151.980408,525.853395
151.983311,525.853395
151.986213,526.061644
151.989116,526.365597
151.992018,526.365597
151.994921,526.365597
151.997823,526.195165
152.000726,526.499195
152.003628,526.803400
152.006531,526.249571
152.009433,525.945685
152.012336,525.945685
152.015238,526.084021
152.018141,526.387987
152.021043,526.387987
152.023946,526.387987
152.026848,526.477484
152.029751,526.477484
152.032653,526.477484
152.035556,526.655022
152.038458,526.350902
152.041361,526.350902
152.044263,526.350902
152.047166,526.546239
152.050068,526.546239
152.052971,526.546239
152.055873,526.473786
152.058776,526.473786
152.061678,526.473786
152.064580,526.473786
152.067483,526.320893
152.070385,526.016966
152.073288,526.016966
152.076190,525.978861
152.079093,526.282766
152.081995,526.282766
152.084898,526.282766
152.087800,526.053249
152.090703,526.053249
152.093605,526.357197
152.096508,526.306578
152.099410,526.306578
152.102313,526.002659
152.105215,525.985252
152.108118,525.985252
152.111020,525.985252
152.113923,525.985252
152.116825,526.380491
152.119728,526.380491
152.122630,526.076529
152.125533,526.064019
152.128435,526.064019
152.131338,526.064019
152.134240,526.064019
152.137143,526.104312
152.140045,526.408290
152.142948,526.408290
152.145850,526.113531
152.148753,526.113531
152.151655,526.113531
152.154558,526.113531
152.157460,526.168424
152.160363,526.472438
152.163265,526.472438
152.166168,526.280910
152.169070,526.584990
152.171973,526.584990
152.174875,526.280910
152.177778,526.519671
152.180680,526.519671
152.183583,526.519671
152.186485,526.840045
152.189388,526.840045
152.192290,527.144448
152.195193,527.258841
152.198095,527.868306
152.200998,527.868306
152.203900,528.173303
152.206803,528.400464
152.209705,528.705768
152.212608,529.011249
152.215510,528.933157
152.218413,528.933157
152.221315,529.238769
152.224218,529.238769
152.227120,529.212622
152.230023,529.518396
152.232925,529.518396
152.235828,529.507897
152.238730,529.202130
152.241633,529.202130
152.244535,529.202130
152.247438,528.928159
152.250340,528.928159
152.253243,528.622727
152.256145,528.715073
152.259048,528.409764
152.261950,528.104630
152.264853,527.494892
152.267755,527.213122
152.270658,526.908679
152.273560,526.908679
152.276463,526.446466
152.279365,526.446466
152.282268,526.142466
152.285170,525.998764
152.288073,525.695023
152.290975,525.391458
152.293878,524.784852
152.296780,524.492483
152.299683,524.492483
152.302585,523.886916
152.305488,523.934207
152.308390,523.027084
152.311293,522.423208
152.314195,521.518702
152.317098,521.162170
152.320000,520.560447
152.322902,520.259846
152.325805,519.956424
152.328707,519.656172
152.331610,519.956424
152.334512,519.956424
152.337415,519.410161
152.340317,519.710270
152.343220,520.010554
152.346122,520.161821
152.349025,519.861451
152.351927,520.161821
152.354830,520.161821
152.357732,521.320278
152.360635,521.621491
152.363537,521.922879
152.366440,522.116971
152.369342,522.418644
152.372245,522.720492
152.375147,523.010277
152.378050,523.614831
152.380952,524.220084
152.383855,524.522973
152.386757,525.281892
152.389660,525.585395
152.392562,526.496954
152.395465,527.981558
152.398367,528.897274
152.401270,529.508633
152.404172,530.120699
152.407075,530.593360
152.409977,530.286966
152.412880,530.593360
152.415782,530.371537
152.418685,530.371537
152.421587,530.677980
152.424490,530.371537
152.427392,529.807946
152.430295,529.502005
152.433197,528.890654
152.436100,527.463937
152.439002,526.854939
152.441905,526.854939
152.444807,526.550703
152.447710,526.190434
152.450612,525.582906
152.453515,525.279405
152.456417,524.387341
152.459320,522.573098
152.462222,521.969747
152.465125,521.575846
152.468027,520.973646
152.470930,519.771331
152.473832,518.571791
152.476735,517.818583
152.479637,516.325222
152.482540,515.729084
152.485442,514.415594
152.488345,513.821661
152.491247,514.118541
152.494150,513.524951
152.497052,513.578720
152.499955,513.578720
152.502857,514.172372
152.505760,514.407804
152.508662,514.407804
152.511565,515.002415
152.514467,515.895619
152.517370,515.990059
152.520272,515.990059
152.523175,516.586498
152.526077,516.840621
152.528980,517.438044
152.531882,517.737014
152.534785,518.934623
152.537687,519.993010
152.540590,520.894870
152.543492,521.496979
152.546395,522.080275
152.549297,522.985756
152.552200,523.892807
152.555102,524.759468
152.558005,525.669595
152.560907,526.581301
152.563810,527.189983
152.566712,528.636576
152.569615,529.247634
152.572517,529.859398
152.575420,530.102783
152.578322,530.102783
152.581224,530.102783
152.584127,529.796672
152.587029,530.152194
152.589932,529.540092
152.592834,530.458511
152.595737,530.388938
152.598639,529.470640
152.601542,528.248715
152.604444,527.334123
152.607347,526.883955
152.610249,526.579702
152.613152,526.275626
152.616054,523.896184
152.618957,523.896184
152.621859,524.198885
152.624762,523.291304
152.627664,522.956922
152.630567,522.051491
152.633469,522.051491
152.636372,521.331677
152.639274,520.429060
152.642177,519.828184
152.645079,518.879902
152.647982,517.084714
152.650884,515.891374
152.653787,515.891374
152.656689,516.009770
152.659592,516.009770
152.662494,515.413997
152.665397,514.718796
152.668299,514.718796
152.671202,515.909424
152.674104,517.102806
152.677007,517.072942
152.679909,516.177698
152.682812,517.371701
152.685714,517.352377
152.688617,517.651298
152.691519,518.249658
152.694422,518.848709
152.697324,519.717894
152.700227,0.000000
152.703129,520.018182
152.706032,521.907746
152.708934,521.305162
152.711837,521.305162
152.714739,521.305162
152.717642,523.036259
152.720544,523.640844
152.723447,524.549031
152.726349,525.596815
152.729252,523.173645
152.732154,522.871535
152.735057,523.109127
152.737959,520.998280
152.740862,524.016392
152.743764,526.443466
152.746667,526.922986
152.749569,528.446999
152.752472,529.975420
152.755374,530.208235
152.758277,529.902063
152.761179,529.596068
152.764082,529.596068
152.766984,529.493529
152.769887,527.966497
152.772789,527.356919
152.775692,526.817441
152.778594,526.513227
152.781497,526.209189
152.784399,526.209189
152.787302,525.485452
152.790204,525.182008
152.793107,524.575644
152.796009,523.695186
152.798912,522.486590
152.801814,522.486590
152.804717,521.883339
152.807619,520.812479
152.810522,519.010604
152.813424,518.710899
152.816327,518.970190
152.819229,518.670508
152.822132,518.370998
152.825034,517.772802
152.827937,518.071966
152.830839,518.371302
152.833741,518.670812
152.836644,518.727821
152.839546,519.027536
152.842449,519.327425
152.845351,519.960585
152.848254,519.660331
152.851156,519.360250
152.854059,520.261013
152.856961,520.050270
152.859864,520.651403
152.862766,521.554405
152.865669,522.072656
152.868571,523.280295
152.871474,523.280295
152.874376,524.490727
152.877279,524.471207
152.880181,524.774241
152.883084,524.471207
152.885986,524.659506
152.888889,525.265966
152.891791,525.569460
152.894694,526.176972
152.897596,526.704660
152.900499,526.704660
152.903401,527.618161
152.906304,528.200754
152.909206,527.895741
152.912109,526.677451
152.915011,527.394685
152.917914,527.699408
152.920816,527.699408
152.923719,526.785766
152.926621,526.308720
152.929524,526.612815
152.932426,526.308720
152.935329,525.906143
152.938231,526.514045
152.941134,527.122649
152.944036,526.818259
152.946939,0.000000
152.949841,0.000000
152.952744,524.378426
152.955646,525.139299
152.958549,524.836055
152.961451,523.020260
152.964354,522.718239
152.967256,522.238064
152.970159,521.635099
152.973061,521.032831
152.975964,520.946695
152.978866,519.744442
152.981769,519.744442
152.984671,519.744442
152.987574,519.456649
152.990476,519.156686
152.993379,518.557279
152.996281,518.730184
152.999184,518.430640
153.002086,518.430640
153.004989,519.629854
153.007891,521.572938
153.010794,521.572938
153.013696,521.271753
153.016599,520.553957
153.019501,521.155672
153.022404,521.456791
153.025306,521.511596
153.028209,520.909470
153.031111,520.909470
153.034014,521.210446
153.036916,522.053174
153.039819,522.656622
153.042721,522.656622
153.045624,0.000000
153.048526,0.000000
153.051429,0.000000
153.054331,0.000000
153.057234,0.000000
153.060136,0.000000
153.063039,0.000000
153.065941,0.000000
153.068844,0.000000
153.071746,0.000000
153.074649,0.000000
153.077551,0.000000
153.080454,0.000000
153.083356,0.000000
153.086259,0.000000
153.089161,0.000000
153.092063,0.000000
153.094966,0.000000
153.097868,0.000000
153.100771,0.000000
153.103673,0.000000
153.106576,0.000000
153.109478,0.000000
153.112381,0.000000
153.115283,0.000000
153.118186,0.000000
153.121088,0.000000
153.123991,0.000000
153.126893,0.000000
153.129796,0.000000
153.132698,0.000000
153.135601,0.000000
153.138503,0.000000
153.141406,0.000000
153.144308,0.000000
153.147211,0.000000
153.150113,0.000000
153.153016,0.000000
153.155918,0.000000
153.158821,0.000000
153.161723,0.000000
153.164626,0.000000
153.167528,0.000000
153.170431,0.000000
153.173333,0.000000
153.176236,0.000000
153.179138,0.000000
153.182041,0.000000
153.184943,0.000000
153.187846,0.000000
153.190748,0.000000
153.193651,0.000000
153.196553,0.000000
153.199456,0.000000
153.202358,0.000000
153.205261,0.000000
153.208163,0.000000
153.211066,0.000000
153.213968,0.000000
153.216871,0.000000
153.219773,0.000000
153.222676,0.000000
153.225578,0.000000
153.228481,0.000000
153.231383,0.000000
153.234286,0.000000
153.237188,0.000000
153.240091,0.000000
153.242993,0.000000
153.245896,0.000000
153.248798,0.000000
153.251701,0.000000
153.254603,0.000000
153.257506,0.000000
153.260408,0.000000
153.263311,0.000000
153.266213,0.000000
153.269116,0.000000
153.272018,0.000000
153.274921,0.000000
153.277823,0.000000
153.280726,0.000000
153.283628,0.000000
153.286531,0.000000
153.289433,0.000000
153.292336,0.000000
153.295238,0.000000
153.298141,0.000000
153.301043,0.000000
153.303946,0.000000
153.306848,0.000000
153.309751,0.000000
153.312653,0.000000
153.315556,0.000000
153.318458,0.000000
153.321361,0.000000
153.324263,0.000000
153.327166,0.000000
153.330068,0.000000
153.332971,0.000000
153.335873,0.000000
153.338776,0.000000
153.341678,0.000000
153.344580,0.000000
153.347483,0.000000
153.350385,0.000000
153.353288,0.000000
153.356190,0.000000
153.359093,499.671637
153.361995,497.655364
153.364898,496.506863
153.367800,497.377791
153.370703,497.377791
153.373605,497.090577
153.376508,496.821069
153.379410,496.534177
153.382313,496.247450
153.385215,496.099943
153.388118,496.099943
153.391020,496.099943
153.393923,496.386584
153.396825,496.541386
153.399728,496.541386
153.402630,496.828283
153.405533,496.958612
153.408435,497.820522
153.411338,497.820522
153.414240,498.395960
153.417143,498.846414
153.420045,499.423037
153.422948,500.289221
153.425850,500.487654
153.428753,500.487654
153.431655,501.066174
153.434558,501.645363
153.437460,501.929911
153.440363,502.219921
153.443265,502.800444
153.446168,503.632759
153.449070,504.214915
153.451973,503.923753
153.454875,504.797744
153.457778,504.747834
153.460680,505.331279
153.463583,505.915398
153.466485,506.485250
153.469388,507.363683
153.472290,507.656832
153.475193,506.859552
153.478095,507.152410
153.480998,506.859552
153.483900,506.566863
153.486803,505.689635
153.489705,505.105777
153.492608,504.814101
153.495510,504.431286
153.498413,503.848881
153.501315,503.267148
153.504218,502.976533
153.507120,502.074870
153.510023,501.495185
153.512925,500.916169
153.515828,499.364920
153.518730,499.364920
153.521633,497.924778
153.524535,497.924778
153.527438,496.896133
153.530340,496.035823
153.533243,495.463111
153.536145,495.189622
153.539048,496.908796
153.541950,496.908796
153.544853,496.621853
153.547755,496.390190
153.550658,496.390190
153.553560,496.963974
153.556463,497.433985
153.559365,497.433985
153.562268,498.008975
153.565170,499.034797
153.568073,498.746627
153.570975,498.746627
153.573878,499.034797
153.576780,499.712623
153.579683,500.868539
153.582585,500.868539
153.585488,501.183469
153.588390,500.894058
153.591293,501.183469
153.594195,502.052707
153.597098,502.106919
153.600000,502.106919
153.602902,502.397031
153.605805,502.930738
153.608707,503.512082
153.611610,504.094098
153.614512,504.968384
153.617415,504.930914
153.620317,505.222658
153.623220,504.639339
153.626122,0.000000
153.629025,0.000000
153.631927,0.000000
153.634830,0.000000
153.637732,0.000000
153.640635,0.000000
153.643537,0.000000
153.646440,0.000000
153.649342,0.000000
153.652245,0.000000
153.655147,0.000000
153.658050,0.000000
153.660952,0.000000
153.663855,0.000000
153.666757,0.000000
153.669660,0.000000
153.672562,0.000000
153.675465,0.000000
153.678367,0.000000
153.681270,0.000000
153.684172,0.000000
153.687075,0.000000
153.689977,0.000000
153.692880,0.000000
153.695782,0.000000
153.698685,0.000000
153.701587,0.000000
153.704490,0.000000
153.707392,0.000000
153.710295,0.000000
153.713197,0.000000
153.716100,0.000000
153.719002,0.000000
153.721905,0.000000
153.724807,0.000000
153.727710,0.000000
153.730612,0.000000
153.733515,0.000000
153.736417,0.000000
153.739320,0.000000
153.742222,0.000000
153.745125,0.000000
153.748027,0.000000
153.750930,0.000000
153.753832,0.000000
153.756735,0.000000
153.759637,0.000000
153.762540,0.000000
153.765442,509.955723
153.768345,510.545187
153.771247,505.264443
153.774150,505.556380
153.777052,508.251615
153.779955,507.371644
153.782857,505.616272
153.785760,516.562429
153.788662,518.954978
153.791565,519.554845
153.794467,521.961254
153.797370,521.718874
153.800272,522.321935
153.803175,522.321935
153.806077,523.277007
153.808980,524.184563
153.811882,524.790475
153.814785,524.790475
153.817687,524.808124
153.820590,525.111353
153.823492,525.111353
153.826395,524.554663
153.829297,523.646466
153.832200,522.739842
153.835102,521.289513
153.838005,520.386970
153.840907,519.485989
153.843810,518.586567
153.846712,517.147242
153.849615,516.550155
153.852517,516.251870
153.855420,515.612192
153.858322,515.016878
153.861224,514.422250
153.864127,514.422250
153.867029,514.033563
153.869932,514.330566
153.872834,514.033563
153.875737,514.025837
153.878639,514.025837
153.881542,514.322835
153.884444,514.322835
153.887347,514.487959
153.890249,515.082662
153.893152,515.976006
153.896054,516.397673
153.898957,516.696042
153.901859,517.293298
153.904762,517.891244
153.907664,518.684083
153.910567,519.583673
153.913469,520.184267
153.916372,520.907842
153.919274,521.811289
153.922177,522.716303
153.925079,523.926196
153.927982,523.926196
153.930884,525.138122
153.933787,525.745136
153.936689,525.418607
153.939592,525.418607
153.942494,526.938269
153.945397,528.093161
153.948299,528.703591
153.951202,528.703591
153.954104,528.398288
153.957007,530.434633
153.959909,531.047769
153.962812,530.128330
153.965714,529.820344
153.968617,529.514396
153.971519,528.597612
153.974422,528.292371
153.977324,527.112127
153.980227,527.112127
153.983129,527.112127
153.986032,526.495972
153.988934,526.495972
153.991837,525.280913
153.994739,524.977586
153.997642,525.071223
154.000544,524.464987
154.003447,521.745576
154.006349,520.585571
154.009252,519.984514
154.012154,519.984514
154.015057,519.552245
154.017959,518.952382
154.020862,518.353210
154.023764,518.053884
154.026667,517.693006
154.029569,517.693006
154.032472,0.000000
154.035374,0.000000
154.038277,0.000000
154.041179,0.000000
154.044082,0.000000
154.046984,519.131735
154.049887,519.431684
154.052789,519.131735
154.055692,519.563616
154.058594,520.464731
154.061497,520.464731
154.064399,520.765450
154.067302,521.358152
154.070204,521.659387
154.073107,522.564137
154.076009,522.965784
154.078912,523.570287
154.081814,523.267948
154.084717,523.570287
154.087619,523.618097
154.090522,524.223354
154.093424,524.526244
154.096327,525.084012
154.099229,525.387400
154.102132,525.387400
154.105034,525.910254
154.107937,526.214119
154.110839,525.606564
154.113741,525.303049
154.116644,525.398020
154.119546,525.398020
154.122449,525.398020
154.125351,525.108799
154.128254,524.805572
154.131156,524.502520
154.134059,523.896941
154.136961,523.779228
154.139864,524.081862
154.142766,524.081862
154.145669,524.138684
154.148571,524.441525
154.151474,524.138684
154.154376,523.836017
154.157279,523.997123
154.160181,0.000000
154.163084,0.000000
154.165986,0.000000
154.168889,0.000000
154.171791,0.000000
154.174694,0.000000
154.177596,0.000000
154.180499,0.000000
154.183401,0.000000
154.186304,0.000000
154.189206,0.000000
154.192109,0.000000
154.195011,0.000000
154.197914,0.000000
154.200816,0.000000
154.203719,0.000000
154.206621,0.000000
154.209524,524.150014
154.212426,524.452862
154.215329,524.927563
154.218231,524.927563
154.221134,524.624441
154.224036,523.716123
154.226939,523.607043
154.229841,523.607043
154.232744,523.607043
154.235646,524.349943
154.238549,524.349943
154.241451,525.866514
154.244354,524.047154
154.247256,520.543754
154.250159,520.243163
154.253061,523.256901
154.255964,587.074620
154.258866,589.453179
154.261769,591.499612
154.264671,594.582591
154.267574,594.595055
154.270476,594.938605
154.273379,594.938605
154.276281,595.240633
154.279184,595.928680
154.282086,595.584557
154.284989,595.584557
154.287891,595.398440
154.290794,595.398440
154.293696,595.054624
154.296599,595.080047
154.299501,595.080047
154.302404,595.080047
154.305306,594.395238
154.308209,593.708962
154.311111,593.023479
154.314014,591.313230
154.316916,590.755463
154.319819,590.755463
154.322721,590.755463
154.325624,589.993542
154.328526,589.312348
154.331429,588.631941
154.334331,587.952319
154.337234,587.464647
154.340136,587.125412
154.343039,585.770430
154.345941,585.844533
154.348844,586.183028
154.351746,585.844533
154.354649,585.168129
154.357551,585.414750
154.360454,585.414750
154.363356,586.091438
154.366259,585.805363
154.369161,586.482503
154.372063,586.143835
154.374966,586.482503
154.377868,586.234271
154.380771,585.895747
154.383673,586.572991
154.386576,587.336631
154.389478,587.675987
154.392381,588.015540
154.395283,588.489518
154.398186,589.169761
154.401088,590.191599
154.403991,590.191599
154.406893,590.331876
154.409796,591.697410
154.412698,592.723632
154.415601,592.875660
154.418503,593.560973
154.421406,594.247078
154.424308,594.933975
154.427211,596.407942
154.430113,597.442334
154.433016,598.478520
154.435918,598.926339
154.438821,599.618646
154.441723,599.618646
154.444626,598.926339
154.447528,598.878169
154.450431,598.878169
154.453333,599.916846
154.456236,600.120546
154.459138,599.774003
154.462041,599.081517
154.464943,599.081517
154.467846,599.054663
154.470748,598.017479
154.473651,596.637360
154.476553,594.933956
154.479456,594.933956
154.482358,593.903907
154.485261,593.299974
154.488163,592.272754
154.491066,591.247312
154.493968,591.247312
154.496871,591.021717
154.499773,588.976937
154.502676,589.317242
154.505578,588.958984
154.508481,588.958984
154.511383,588.618886
154.514286,588.278985
154.517188,587.639446
154.520091,587.978978
154.522993,588.998751
154.525896,589.407706
154.528798,589.407706
154.531701,589.067349
154.534603,589.407706
154.537506,589.714502
154.540408,590.396160
154.543311,590.737285
154.546213,591.045116
154.549116,591.386616
154.552018,591.728312
154.554921,592.412299
154.557823,592.895001
154.560726,593.580336
154.563628,593.923300
154.566531,594.396238
154.569433,595.083308
154.572336,595.427141
154.575238,595.692947
154.578141,595.692947
154.581043,596.037132
154.583946,595.692947
154.586848,595.544765
154.589751,595.544765
154.592653,595.200864
154.595556,595.526820
154.598458,595.182930
154.601361,595.182930
154.604263,594.839238
154.607166,594.697434
154.610068,594.697434
154.612971,595.041044
154.615873,594.937902
154.618776,594.937902
154.621678,594.937902
154.624580,594.937902
154.627483,594.833192
154.630385,594.833192
154.633288,594.833192
154.636190,595.040587
154.639093,595.384395
154.641995,595.384395
154.644898,594.696977
154.647800,594.470371
154.650703,594.470371
154.653605,594.813850
154.656508,594.716073
154.659410,594.372651
154.662313,594.372651
154.665215,595.108661
154.668118,596.140800
154.671020,595.796555
154.673923,593.049742
154.676825,593.374895
154.679728,592.689798
154.682630,0.000000
154.685533,0.000000
154.688435,0.000000
154.691338,0.000000
154.694240,0.000000
154.697143,0.000000
154.700045,0.000000
154.702948,0.000000
154.705850,0.000000
154.708753,0.000000
154.711655,0.000000
154.714558,0.000000
154.717460,786.877195
154.720363,787.331845
154.723265,788.241932
154.726168,789.425527
154.729070,789.425527
154.731973,789.881649
154.734875,789.881649
154.737778,789.983389
154.740680,789.527209
154.743583,789.527209
154.746485,789.602775
154.749388,789.146814
154.752290,788.235683
154.755193,787.057952
154.758095,785.695265
154.760998,784.788118
154.763900,784.334938
154.766803,783.553489
154.769705,782.196870
154.772608,781.745186
154.775510,781.443960
154.778413,780.992710
154.781315,780.541721
154.784218,780.541721
154.787120,780.100252
154.790023,780.100252
154.792925,780.550986
154.795828,780.636220
154.798730,781.087264
154.801633,781.990133
154.804535,782.894045
154.807438,783.647464
154.810340,784.100247
154.813243,784.553292
154.816145,784.822367
154.819048,785.275829
154.821950,785.729553
154.824853,786.183540
154.827755,786.555633
154.830658,787.919811
154.833560,788.830578
154.836463,789.258374
154.839365,789.714399
154.842268,790.627240
154.845170,791.051568
154.848073,791.508629
154.850975,791.965955
154.853878,792.423544
154.856780,793.936987
154.859683,795.773492
154.862585,796.693337
154.865488,796.610411
154.868390,796.610411
154.871293,796.610411
154.874195,796.610411
154.877098,795.489065
154.880000,794.570610
154.882902,793.653217
154.885805,793.366108
154.888707,792.907974
154.891610,792.450104
154.894512,791.535159
154.897415,790.952458
154.900317,789.583028
154.903220,787.760810
154.906122,786.592971
154.909025,785.684788
154.911927,783.871566
154.914830,782.966525
154.917732,782.652523
154.920635,782.200576
154.923537,781.748890
154.926440,781.181022
154.929342,781.181022
154.932245,780.729924
154.935147,780.918637
154.938050,780.467691
154.940952,780.467691
154.943855,780.467691
154.946757,780.497826
154.949660,780.948790
154.952562,780.948790
154.955465,781.592556
154.958367,782.044152
154.961270,782.496009
154.964172,783.400506
154.967075,783.818153
154.969977,783.818153
154.972880,784.724178
154.975782,784.950455
154.978685,785.857790
154.981587,786.766173
154.984490,786.766173
154.987392,787.075381
154.990295,787.530145
154.993197,787.530145
154.996100,788.318535
154.999002,787.863315
155.001905,788.318535
155.004807,788.774017
155.007710,788.591048
155.010612,788.591048
155.013515,789.046687
155.016417,788.824847
155.019320,789.280621
155.022222,789.736659
155.025125,790.246867
155.028027,790.246867
155.030930,789.334465
155.033832,789.334465
155.036735,789.200521
155.039637,789.656513
155.042540,791.026069
155.045442,788.687772
155.048345,788.232339
155.051247,788.687772
155.054150,788.232339
155.057052,789.542476
155.059955,789.542476
155.062857,789.086550
155.065760,789.110094
155.068662,788.654418
155.071565,788.654418
155.074467,788.199005
155.077370,787.853443
155.080272,787.853443
155.083175,787.853443
155.086077,787.253296
155.088980,786.344351
155.091882,786.798692
155.094785,783.623806
155.097687,0.000000
155.100590,0.000000
155.103492,0.000000
155.106395,0.000000
155.109297,0.000000
155.112200,0.000000
155.115102,0.000000
155.118005,0.000000
155.120907,0.000000
155.123810,0.000000
155.126712,0.000000
155.129615,0.000000
155.132517,0.000000
155.135420,0.000000
155.138322,0.000000
155.141224,0.000000
155.144127,787.353471
155.147029,496.745098
155.149932,487.929394
155.152834,491.039494
155.155737,489.922085
155.158639,490.205157
155.161542,490.771792
155.164444,490.771792
155.167347,494.639187
155.170249,494.353554
155.173152,498.079674
155.176054,498.441873
155.178957,498.154045
155.181859,498.729868
155.184762,498.729868
155.187664,498.727924
155.190567,498.727924
155.193469,498.439930
155.196372,497.769002
155.199274,497.194289
155.202177,496.046852
155.205079,495.347149
155.207982,494.775232
155.210884,494.489521
155.213787,494.489521
155.216689,493.898514
155.219592,493.328269
155.222494,492.758683
155.225397,493.211545
155.228299,493.211545
155.231202,493.781654
155.234104,493.781654
155.237007,493.864171
155.239909,493.864171
155.242812,493.864171
155.245714,493.856536
155.248617,493.856536
155.251519,494.141881
155.254422,494.713066
155.257324,0.000000
155.260227,0.000000
155.263129,495.154785
155.266032,495.660477
155.268934,496.520136
155.271837,497.381286
155.274739,497.956215
155.277642,498.313563
155.280544,498.313563
155.283447,498.889570
155.286349,499.188917
155.289252,498.900658
155.292154,499.188917
155.295057,499.821617
155.297959,500.110409
155.300862,500.399367
155.303764,500.688493
155.306667,500.600858
155.309569,499.734134
155.312472,500.311783
155.315374,502.202912
155.318277,502.493079
155.321179,502.783415
155.324082,502.783415
155.326984,502.111184
155.329887,501.531458
155.332789,501.241845
155.335692,501.354367
155.338594,501.933889
155.341497,502.514080
155.344399,502.223901
155.347302,501.414979
155.350204,499.391672
155.353107,498.815085
155.356009,497.235290
155.358912,494.657068
155.361814,493.230503
155.364717,492.945685
155.367619,444.316460
155.370522,443.547185
155.373424,442.523556
155.376327,443.053262
155.379229,443.053262
155.382132,442.797418
155.385034,442.996717
155.387937,442.996717
155.390839,442.740906
155.393741,442.996717
155.396644,443.137599
155.399546,443.137599
155.402449,443.393640
155.405351,443.392038
155.408254,443.135998
155.411156,442.624363
155.414059,443.135998
155.416961,442.943984
155.419864,443.199912
155.422766,443.199912
155.425669,443.124656
155.428571,443.124656
155.431474,443.380689
155.434376,443.380689
155.437279,443.506003
155.440181,443.506003
155.443084,443.506003
155.445986,443.585180
155.448889,443.329029
155.451791,443.585180
155.454694,443.585180
155.457596,443.346116
155.460499,443.346116
155.463401,443.090103
155.466304,443.261535
155.469206,443.261535
155.472109,443.005571
155.475011,442.835952
155.477914,442.580234
155.480816,442.324663
155.483719,442.324663
155.486621,442.572045
155.489524,442.572045
155.492426,442.316479
155.495329,442.307164
155.498231,442.307164
155.501134,442.562725
155.504036,442.562725
155.506939,442.289006
155.509841,442.289006
155.512744,442.544556
155.515646,442.434446
155.518549,442.690080
155.521451,442.434446
155.524354,442.434446
155.527256,442.352931
155.530159,442.352931
155.533061,442.352931
155.535964,442.330343
155.538866,442.330343
155.541769,442.330343
155.544671,442.330343
155.547574,442.365998
155.550476,442.621592
155.553379,442.621592
155.556281,442.589458
155.559184,442.333882
155.562086,442.333882
155.564989,442.333882
155.567891,442.230400
155.570794,441.975032
155.573696,441.719811
155.576599,442.220355
155.579501,441.964992
155.582404,441.964992
155.585306,442.658519
155.588209,442.402903
155.591111,442.402903
155.594014,441.381915
155.596916,492.622117
155.599819,494.046921
155.602721,495.189732
155.605624,495.302985
155.608526,495.589166
155.611429,495.875512
155.614331,496.448701
155.617234,496.886311
155.620136,497.460668
155.623039,497.460668
155.625941,497.050333
155.628844,496.763308
155.631746,497.050333
155.634649,497.050333
155.637551,497.253975
155.640454,497.541283
155.643356,497.253975
155.646259,497.192078
155.649161,497.766789
155.652063,497.766789
155.654966,497.766789
155.657868,497.831187
155.660771,497.543711
155.663673,497.256402
155.666576,497.539934
155.669478,497.539934
155.672381,497.827407
155.675283,497.784571
155.678186,497.784571
155.681088,497.784571
155.683991,497.784571
155.686893,498.181210
155.689796,498.181210
155.692698,498.181210
155.695601,498.042631
155.698503,498.042631
155.701406,498.042631
155.704308,498.330395
155.707211,498.431387
155.710113,498.431387
155.713016,498.431387
155.715918,498.538748
155.718821,498.250864
155.721723,497.963146
155.724626,497.963146
155.727528,497.961633
155.730431,498.249350
155.733333,498.249350
155.736236,498.021233
155.739138,498.021233
155.742041,498.021233
155.744943,497.446229
155.747846,497.348998
155.750748,497.636361
155.753651,497.348998
155.756553,496.713320
155.759456,496.713320
155.762358,495.853327
155.765261,496.122332
155.768163,496.982792
155.771066,498.132394
155.773968,498.708191
155.776871,509.888420
155.779773,510.772755
155.782676,511.067874
155.785578,514.967140
155.788481,517.651221
155.791383,517.651221
155.794286,517.651221
155.797188,519.354456
155.800091,520.255209
155.802993,519.954785
155.805896,520.113097
155.808798,520.413613
155.811701,521.015166
155.814603,521.015166
155.817506,520.798608
155.820408,521.099520
155.823311,521.400605
155.826213,521.384321
155.829116,521.083245
155.832018,521.083245
155.834921,521.083245
155.837823,520.944671
155.840726,520.944671
155.843628,521.245668
155.846531,521.233657
155.849433,521.233657
155.852336,521.233657
155.855238,521.010360
155.858141,521.311395
155.861043,521.311395
155.863946,521.311395
155.866848,521.448717
155.869751,521.147603
155.872653,521.147603
155.875556,521.071561
155.878458,521.372631
155.881361,521.372631
155.884263,521.071561
155.887166,521.201253
155.890068,520.900282
155.892971,520.900282
155.895873,521.157847
155.898776,521.157847
155.901678,521.157847
155.904580,520.856902
155.907483,521.127568
155.910385,521.127568
155.913288,521.127568
155.916190,520.898049
155.919093,520.898049
155.921995,521.199018
155.924898,520.898049
155.927800,520.984187
155.930703,520.683342
155.933605,520.683342
155.936508,520.645818
155.939410,520.946642
155.942313,520.946642
155.945215,520.837420
155.948118,520.837420
155.951020,520.837420
155.953923,520.837420
155.956825,520.604063
155.959728,520.303437
155.962630,520.604063
155.965533,520.873383
155.968435,520.873383
155.971338,520.873383
155.974240,520.873383
155.977143,520.707363
155.980045,520.707363
155.982948,520.707363
155.985850,520.593315
155.988753,519.691976
155.991655,518.792199
155.994558,520.292695
155.997460,520.047283
156.000363,520.648412
156.003265,520.047283
156.006168,521.214996
156.009070,520.613212
156.011973,521.214996
156.014875,522.118976
156.017778,522.012232
156.020680,524.127188
156.023583,523.522042
156.026485,0.000000
156.029388,519.108619
156.032290,519.708664
156.035193,590.395130
156.038095,593.472352
156.040998,593.472352
156.043900,594.158354
156.046803,594.004650
156.049705,594.691268
156.052608,594.691268
156.055510,595.055816
156.058413,595.399633
156.061315,595.399633
156.064218,595.743649
156.067120,595.889491
156.070023,595.545392
156.072925,595.201490
156.075828,595.149759
156.078730,594.806086
156.081633,594.119336
156.084535,593.090697
156.087438,592.428896
156.090340,591.744891
156.093243,591.403184
156.096145,591.129155
156.099048,590.105693
156.101950,589.424370
156.104853,588.064083
156.107755,587.639473
156.110658,586.960997
156.113560,586.283305
156.116463,584.848166
156.119365,584.510442
156.122268,583.498439
156.125170,583.619699
156.128073,584.294313
156.130975,583.619699
156.133878,583.956909
156.136780,583.111101
156.139683,583.448017
156.142585,584.122432
156.145488,584.037957
156.148390,584.375408
156.151293,584.713054
156.154195,585.050895
156.157098,585.579321
156.160000,586.256200
156.162902,586.594932
156.165805,587.330915
156.168707,588.349565
156.171610,589.710512
156.174512,590.051241
156.177415,590.291602
156.180317,591.657042
156.183220,593.368285
156.186122,593.796563
156.189025,594.139653
156.191927,594.139653
156.194830,595.513994
156.197732,597.100270
156.200635,598.481460
156.203537,599.173252
156.206440,600.663646
156.209342,600.663646
156.212245,600.663646
156.215147,600.323067
156.218050,599.976407
156.220952,600.669927
156.223855,600.669927
156.226757,600.802657
156.229660,600.455720
156.232562,601.149794
156.235465,600.744638
156.238367,600.397735
156.241270,600.397735
156.244172,600.051031
156.247075,599.417400
156.249977,598.379589
156.252880,597.343574
156.255782,596.276193
156.258685,595.587746
156.261587,594.556564
156.264490,593.527169
156.267392,592.459370
156.270295,591.433605
156.273197,590.068681
156.276100,588.714749
156.279002,588.374792
156.281905,588.035032
156.284807,587.356099
156.287710,586.106163
156.290612,585.091397
156.293515,584.415864
156.296417,584.899041
156.299320,0.000000
156.302222,583.549197
156.305125,583.299861
156.308027,583.299861
156.310930,583.636885
156.313832,583.299861
156.316735,583.405829
156.319637,584.080195
156.322540,584.755341
156.325442,584.865011
156.328345,585.541064
156.331247,586.217898
156.334150,587.234617
156.337052,587.945784
156.339955,588.285493
156.342857,589.646292
156.345760,590.393122
156.348662,591.417082
156.351565,592.100708
156.354467,593.470333
156.357370,594.346897
156.360272,595.377715
156.363175,595.721718
156.366077,596.675063
156.368980,598.055269
156.371882,599.092518
156.374785,600.478316
156.377687,600.809976
156.380590,601.157117
156.383492,600.463034
156.386395,600.296437
156.389297,600.643282
156.392200,601.337574
156.395102,601.275573
156.398005,601.275573
156.400907,601.622984
156.403810,601.275573
156.406712,600.653161
156.409615,600.653161
156.412517,601.000212
156.415420,600.562234
156.418322,600.215435
156.421224,599.176242
156.424127,599.176242
156.427029,599.061452
156.429932,597.333791
156.432834,596.299586
156.435737,595.249756
156.438639,594.562493
156.441542,594.219160
156.444444,592.847807
156.447347,591.149805
156.450249,590.126308
156.453152,589.785536
156.456054,588.961377
156.458957,589.301673
156.461859,587.941669
156.464762,585.907545
156.467664,585.313271
156.470567,585.989842
156.473469,585.313271
156.476372,586.153422
156.479274,585.476662
156.482177,585.814944
156.485079,585.962825
156.487982,586.979101
156.490884,587.997140
156.493787,587.318252
156.496689,587.174446
156.499592,588.192824
156.502494,588.532675
156.505397,588.670770
156.508299,589.691743
156.511202,591.397301
156.514104,590.373375
156.517007,591.334684
156.519909,592.702537
156.522812,593.044994
156.525714,594.136905
156.528617,594.823676
156.531519,595.855320
156.534422,596.888754
156.537324,598.756429
156.540227,599.102384
156.543129,599.448539
156.546032,600.611671
156.548934,600.611671
156.551837,600.958698
156.554739,601.305926
156.557642,601.878916
156.560544,601.878916
156.563447,601.878916
156.566349,602.333195
156.569252,602.333195
156.572154,602.681216
156.575057,602.098878
156.577959,602.098878
156.580862,602.098878
156.583764,601.751192
156.586667,600.999164
156.589569,600.652113
156.592472,600.652113
156.595374,600.115846
156.598277,598.730884
156.601179,597.349119
156.604082,596.314888
156.606984,595.943126
156.609887,595.943126
156.612789,595.255063
156.615692,593.399794
156.618594,591.688461
156.621497,593.399794
156.624399,591.346787
156.627302,589.710037
156.630204,588.009345
156.633107,588.349091
156.636009,588.285450
156.638912,588.625356
156.641814,585.911604
156.644717,585.911604
156.647619,585.608344
156.650522,586.285256
156.653424,587.302092
156.656327,587.296714
156.659229,587.636048
156.662132,588.315304
156.665034,589.977539
156.667937,590.318422
156.670839,589.296364
156.673741,589.296364
156.676644,589.831798
156.679546,590.172597
156.682449,589.831798
156.685351,590.188152
156.688254,591.895146
156.691156,591.553353
156.694059,592.579325
156.696961,592.509780
156.699864,593.194669
156.702766,593.880351
156.705669,595.041560
156.708571,596.417987
156.711474,597.452397
156.714376,598.488600
156.717279,598.604398
156.720181,598.604398
156.723084,599.296332
156.725986,600.432052
156.728889,599.738806
156.731791,599.392484
156.734694,599.046361
156.737596,598.233056
156.740499,599.270613
156.743401,600.309970
156.746304,599.958909
156.749206,600.305559
156.752109,599.266209
156.755011,598.648786
156.757914,598.648786
156.760816,599.340771
156.763719,599.340771
156.766621,598.782473
156.769524,597.745760
156.772426,597.055616
156.775329,596.439173
156.778231,596.094756
156.781134,596.094756
156.784036,596.439173
156.786939,596.559866
156.789841,596.904552
156.792744,596.215379
156.795646,596.632444
156.798549,596.287915
156.801451,596.632444
156.804354,596.632444
156.807256,596.985915
156.810159,596.985915
156.813061,596.985915
156.815964,596.678907
156.818866,597.368616
156.821769,597.023662
156.824671,597.368616
156.827574,597.219462
156.830476,597.909795
156.833379,598.255261
156.836281,597.679298
156.839184,597.334165
156.842086,597.334165
156.844989,597.679298
156.847891,597.371326
156.850794,596.337057
156.853696,596.681614
156.856599,597.398630
156.859501,598.089170
156.862404,599.126479
156.865306,598.409396
156.868209,598.755150
156.871111,598.755150
156.874014,599.101105
156.876916,0.000000
156.879819,0.000000
156.882721,0.000000
156.885624,0.000000
156.888526,0.000000
156.891429,0.000000
156.894331,0.000000
156.897234,0.000000
156.900136,0.000000
156.903039,0.000000
156.905941,0.000000
156.908844,0.000000
156.911746,0.000000
156.914649,0.000000
156.917551,0.000000
156.920454,0.000000
156.923356,0.000000
156.926259,0.000000
156.929161,0.000000
156.932063,0.000000
156.934966,0.000000
156.937868,0.000000
156.940771,0.000000
156.943673,597.002445
156.946576,783.988969
156.949478,783.083793
156.952381,783.988969
156.955283,786.298038
156.958186,788.572238
156.961088,789.483759
156.963991,791.309963
156.966893,792.566788
156.969796,793.024725
156.972698,793.024725
156.975601,792.619985
156.978503,791.247669
156.981406,789.877728
156.984308,789.421609
156.987211,789.156837
156.990113,789.156837
156.993016,788.701133
156.995918,788.049112
156.998821,787.139247
157.001723,786.684709
157.004626,785.322669
157.007528,784.315182
157.010431,782.957244
157.013333,782.053259
157.016236,781.892198
157.019138,780.989443
157.022041,779.637263
157.024943,778.737111
157.027846,777.032808
157.030748,776.135663
157.033651,775.239554
157.036553,774.380127
157.039456,774.827556
157.042358,775.275243
157.045261,775.734755
157.048163,776.182966
157.051066,776.182966
157.053968,776.631437
157.056871,777.423041
157.059773,777.423041
157.062676,777.872228
157.065578,777.825758
157.068481,778.724857
157.071383,779.624995
157.074286,780.075454
157.077188,780.919726
157.080091,781.822401
157.082993,782.726119
157.085896,784.269308
157.088798,784.722450
157.091701,785.629521
157.094603,786.992094
157.097506,787.822862
157.100408,791.471801
157.103311,793.760965
157.106213,794.485172
157.109116,795.863103
157.112018,796.322945
157.114921,796.783052
157.117823,797.200209
157.120726,797.660822
157.123628,797.660822
157.126531,796.866674
157.129433,795.946629
157.132336,795.487005
157.135238,794.325959
157.138141,792.950689
157.141043,792.035166
157.143946,791.120699
157.146848,789.983518
157.149751,789.527337
157.152653,788.160375
157.155556,786.428375
157.158458,784.613437
157.161361,783.254983
157.164263,781.898881
157.167166,780.928070
157.170068,780.026427
157.172971,779.575996
157.175873,778.595913
157.178776,776.799051
157.181678,775.454126
157.184580,775.006336
157.187483,774.669661
157.190385,774.669661
157.193288,774.669661
157.196190,774.799158
157.199093,775.246828
157.201995,775.694758
157.204898,776.591393
157.207800,776.828877
157.210703,777.277720
157.213605,778.176185
157.216508,778.748739
157.219410,779.198691
157.222313,780.099377
157.225215,780.812781
157.228118,782.166999
157.231020,783.523566
157.233923,784.429251
157.236825,784.931847
157.239728,785.385372
157.242630,785.839159
157.245533,785.873580
157.248435,786.327649
157.251338,788.146552
157.254240,788.601935
157.257143,788.099203
157.260045,788.099203
157.262948,788.099203
157.265850,788.118525
157.268753,788.573892
157.271655,788.573892
157.274558,788.573892
157.277460,788.495316
157.280363,788.495316
157.283265,788.495316
157.286168,788.270390
157.289070,788.270390
157.291973,788.270390
157.294875,788.270390
157.297778,788.269183
157.300680,788.269183
157.303583,788.269183
157.306485,787.887747
157.309388,787.887747
157.312290,787.887747
157.315193,788.025893
157.318095,788.025893
157.320998,788.025893
157.323900,788.025893
157.326803,787.787016
157.329705,787.787016
157.332608,787.787016
157.335510,787.844507
157.338413,787.844507
157.341315,787.389561
157.344218,786.934879
157.347120,786.773594
157.350023,785.411399
157.352925,784.051564
157.355828,780.720970
157.358730,780.270138
157.361633,782.526904
157.364535,784.337016
157.367438,781.309183
157.370340,784.927952
157.373243,786.289308
157.376145,786.906486
157.379048,787.816081
157.381950,787.361152
157.384853,787.816081
157.387755,787.448379
157.390658,786.539208
157.393560,786.085017
157.396463,771.513161
157.399365,771.513161
157.402268,0.000000
157.405170,754.036555
157.408073,753.601132
157.410975,753.165960
157.413878,752.731040
157.416780,752.829265
157.419683,752.829265
157.422585,752.829265
157.425488,752.854981
157.428390,752.854981
157.431293,752.854981
157.434195,752.420240
157.437098,752.257159
157.440000,752.257159
157.442902,752.257159
157.445805,752.153887
157.448707,752.153887
157.451610,752.153887
157.454512,752.588474
157.457415,752.728440
157.460317,753.163358
157.463220,753.163358
157.466122,753.388436
157.469025,753.388436
157.471927,753.388436
157.474830,753.388436
157.477732,753.775919
157.480635,753.775919
157.483537,753.775919
157.486440,754.018170
157.489342,754.453834
157.492245,754.453834
157.495147,754.278240
157.498050,754.278240
157.500952,754.278240
157.503855,754.714054
157.506757,755.195472
157.509660,755.195472
157.512562,755.195472
157.515465,755.300606
157.518367,755.300606
157.521270,755.300606
157.524172,755.300606
157.527075,755.292939
157.529977,755.292939
157.532880,755.292939
157.535782,755.454547
157.538685,755.018305
157.541587,754.582315
157.544490,755.018305
157.547392,755.365595
157.550295,754.929405
157.553197,754.929405
157.556100,778.963544
157.559002,0.000000
157.561905,782.571449
157.564807,775.372272
157.567710,785.735334
157.570612,781.209831
157.573515,785.281606
157.576417,780.800769
157.579320,782.606887
157.582222,779.899273
157.585125,661.193805
157.588027,658.525759
157.590930,660.049035
157.593832,661.193805
157.596735,662.213764
157.599637,663.362287
157.602540,664.512803
157.605442,664.835682
157.608345,665.219817
157.611247,665.604174
157.614150,665.988753
157.617052,666.013640
157.619955,666.013640
157.622857,666.398455
157.625760,666.708640
157.628662,666.708640
157.631565,666.708640
157.634467,666.708640
157.637370,667.090014
157.640272,667.090014
157.643175,667.090014
157.646077,667.325580
157.648980,667.711154
157.651882,667.711154
157.654785,667.711154
157.657687,667.814312
157.660590,667.814312
157.663492,667.814312
157.666395,667.852585
157.669297,667.852585
157.672200,667.852585
157.675102,667.942808
157.678005,667.942808
157.680907,667.942808
157.683810,667.942808
157.686712,667.854283
157.689615,667.854283
157.692517,667.854283
157.695420,668.174120
157.698322,668.174120
157.701224,667.788279
157.704127,667.788279
157.707029,667.570041
157.709932,667.570041
157.712834,667.570041
157.715737,667.499054
157.718639,667.499054
157.721542,667.499054
157.724444,667.499054
157.727347,667.525230
157.730249,667.525230
157.733152,667.525230
157.736054,667.509668
157.738957,667.124211
157.741859,667.509668
157.744762,667.124211
157.747664,667.175809
157.750567,667.175809
157.753469,667.175809
157.756372,667.181872
157.759274,667.181872
157.762177,667.181872
157.765079,667.055802
157.767982,667.441220
157.770884,667.441220
157.773787,667.055802
157.776689,667.397794
157.779592,667.397794
157.782494,667.397794
157.785397,667.124500
157.788299,667.124500
157.791202,667.509958
157.794104,667.895638
157.797007,668.297918
157.799909,667.912005
157.802812,667.526316
157.805714,667.647572
157.808617,667.262035
157.811519,667.647572
157.814422,667.262035
157.817324,666.964926
157.820227,667.735880
157.823129,668.121690
157.826032,666.451384
157.828934,666.066538
157.831837,666.836453
157.834739,667.221744
157.837642,600.342518
157.840544,600.342518
157.843447,599.995846
157.846349,599.609260
157.849252,599.609260
157.852154,599.609260
157.855057,598.939600
157.857959,597.902616
157.860862,596.867427
157.863764,596.522762
157.866667,595.725218
157.869569,595.381213
157.872472,594.350389
157.875374,593.524586
157.878277,592.839315
157.881179,592.839315
157.884082,591.129598
157.886984,590.371397
157.889887,589.349247
157.892789,589.349247
157.895692,589.895388
157.898594,587.854505
157.901497,586.497841
157.904399,585.482398
157.907302,585.262083
157.910204,586.277144
157.913107,585.600241
157.916009,583.755114
157.918912,583.755114
157.921814,584.429884
157.924717,584.429884
157.927619,584.648602
157.930522,586.000988
157.933424,586.678355
157.936327,587.163648
157.939229,587.842358
157.942132,588.521853
157.945034,589.438960
157.947937,590.120300
157.950839,592.169050
157.953741,593.881773
157.956644,595.013413
157.959546,596.045386
157.962449,597.079149
157.965351,599.229503
157.968254,600.962647
157.971156,601.657308
157.974059,602.700804
157.976961,602.980343
157.979864,602.980343
157.982766,603.328739
157.985669,604.227249
157.988571,604.227249
157.991474,603.878335
157.994376,603.878335
157.997279,604.654155
158.000181,603.956034
158.003084,604.304994
158.005986,603.165776
158.008889,602.469374
158.011791,601.773776
158.014694,600.731884
158.017596,599.578850
158.020499,599.578850
158.023401,598.886589
158.026304,596.788092
158.029206,595.410810
158.032109,594.036707
158.035011,592.603904
158.037914,591.919696
158.040816,591.577889
158.043719,590.212631
158.046621,589.942733
158.049524,589.602067
158.052426,589.602067
158.055329,589.139319
158.058231,589.820313
158.061134,591.184663
158.064036,589.820313
158.066939,589.723080
158.069841,589.382541
158.072744,590.063816
158.075646,590.066946
158.078549,590.749012
158.081451,590.749012
158.084354,591.090340
158.087256,591.531165
158.090159,591.872945
158.093061,592.557099
158.095964,593.867840
158.098866,594.210971
158.101769,595.585477
158.104671,596.273922
158.107574,597.366856
158.110476,597.712008
158.113379,598.057360
158.116281,597.801674
158.119184,598.147077
158.122086,597.801674
158.124989,597.801674
158.127891,597.405003
158.130794,597.405003
158.133696,597.750178
158.136599,598.048224
158.139501,598.393770
158.142404,598.393770
158.145306,598.324688
158.148209,598.324688
158.151111,597.979182
158.154014,597.979182
158.156916,597.950137
158.159819,597.950137
158.162721,597.950137
158.165624,597.918322
158.168526,597.573050
158.171429,597.227978
158.174331,597.227978
158.177234,597.112836
158.180136,596.768029
158.183039,596.079014
158.185941,594.892996
158.188844,594.206145
158.191746,593.863017
158.194649,593.520088
158.197551,592.279788
158.200454,592.622001
158.203356,593.307020
158.206259,592.921509
158.209161,596.011899
158.212063,595.323757
158.214966,594.979984
158.217868,591.879155
158.220771,593.248267
158.223673,595.651838
158.226576,596.250670
158.229478,593.844682
158.232381,594.874629
158.235283,512.510488
158.238186,512.510488
158.241088,512.510488
158.243991,514.289795
158.246893,516.782134
158.249796,519.175700
158.252698,521.279164
158.255601,523.186991
158.258503,525.003365
158.261406,525.610223
158.264308,525.610223
158.267211,525.176902
158.270113,524.873636
158.273016,525.176902
158.275918,524.707635
158.278821,525.010805
158.281723,525.314151
158.284626,525.314151
158.287528,525.204941
158.290431,524.901658
158.293333,524.901658
158.296236,525.196558
158.299138,525.196558
158.302041,525.196558
158.304943,524.893281
158.307846,524.906386
158.310748,525.209671
158.313651,524.906386
158.316553,525.019794
158.319456,525.019794
158.322358,525.019794
158.325261,525.282033
158.328163,524.978705
158.331066,524.675553
158.333968,524.675553
158.336871,524.775154
158.339773,524.775154
158.342676,524.775154
158.345578,524.064242
158.348481,0.000000
158.351383,0.000000
158.354286,524.064242
158.357188,524.242949
158.360091,524.242949
158.362993,524.545851
158.365896,524.271828
158.368798,524.574747
158.371701,524.877841
158.374603,525.181110
158.377506,525.310324
158.380408,525.613843
158.383311,525.310324
158.386213,525.385251
158.389116,525.688813
158.392018,525.081864
158.394921,524.778653
158.397823,524.161311
158.400726,523.253796
158.403628,522.046218
158.406531,520.940264
158.409433,520.639444
158.412336,522.748838
158.415238,520.461942
158.418141,524.082041
158.421043,526.205383
158.423946,524.384851
158.426848,525.241987
158.429751,525.241987
158.432653,526.761138
158.435556,513.443269
158.438458,504.331224
158.441361,513.443269
158.444263,512.258333
158.447166,493.258358
158.450068,495.542970
158.452971,496.115774
158.455873,497.985679
158.458776,498.849371
158.461678,499.425997
158.464580,500.003290
158.467483,499.756660
158.470385,499.756660
158.473288,500.045414
158.476190,500.329267
158.479093,500.040349
158.481995,500.040349
158.484898,500.040349
158.487800,499.998669
158.490703,499.709941
158.493605,499.709941
158.496508,499.495009
158.499410,499.495009
158.502313,499.495009
158.505215,499.450142
158.508118,499.450142
158.511020,499.450142
158.513923,499.450142
158.516825,499.446892
158.519728,499.446892
158.522630,499.446892
158.525533,499.744331
158.528435,499.455751
158.531338,499.455751
158.534240,499.167337
158.537143,499.082084
158.540045,499.082084
158.542948,499.082084
158.545850,499.296051
158.548753,499.296051
158.551655,499.007729
158.554558,499.007729
158.557460,499.003496
158.560363,499.003496
158.563265,499.291815
158.566168,499.330732
158.569070,499.330732
158.571973,499.330732
158.574875,499.330732
158.577778,499.039326
158.580680,499.039326
158.583583,499.039326
158.586485,499.173055
158.589388,499.173055
158.592290,499.173055
158.595193,499.158836
158.598095,499.158836
158.600998,499.447245
158.603900,499.158836
158.606803,499.046064
158.609705,499.046064
158.612608,499.046064
158.615510,498.893734
158.618413,498.317722
158.621315,497.742375
158.624218,497.167693
158.627120,495.960007
158.630023,499.121295
158.632925,497.969411
158.635828,505.193887
158.638730,505.193887
158.641633,506.362483
158.644535,506.070081
158.647438,499.169833
158.650340,496.581581
158.653243,496.294827
158.656145,497.141219
158.659048,499.155409
158.661950,499.732389
158.664853,500.888351
158.667755,500.770807
158.670658,501.060148
158.673560,501.349655
158.676463,501.524701
158.679365,501.235092
158.682268,500.945651
158.685170,501.026361
158.688073,500.737040
158.690975,500.737040
158.693878,0.000000
158.696780,500.306195
158.699683,500.017290
158.702585,499.728552
158.705488,499.282620
158.708390,498.418178
158.711293,498.130364
158.714195,496.693782
158.717098,495.426305
158.720000,495.998975
158.722902,495.998975
158.725805,495.308159
158.728707,495.022140
158.731610,494.736287
158.734512,494.450599
158.737415,494.509048
158.740317,494.794770
158.743220,494.794770
158.746122,494.816156
158.749025,494.816156
158.751927,494.530422
158.754830,494.816156
158.757732,494.889927
158.760635,495.175869
158.763537,495.175869
158.766440,495.631490
158.769342,495.917861
158.772245,496.204397
158.775147,496.349975
158.778050,496.923712
158.780952,497.785562
158.783855,498.360959
158.786757,499.094760
158.789660,499.960375
158.792562,500.827491
158.795465,502.117020
158.798367,502.117020
158.801270,502.697424
158.804172,503.569287
158.807075,504.065691
158.809977,504.648347
158.812880,504.648347
158.815782,504.748119
158.818685,505.039757
158.821587,505.331563
158.824490,505.331563
158.827392,504.957217
158.830295,504.957217
158.833197,504.665626
158.836100,504.175038
158.839002,503.302125
158.841905,502.140593
158.844807,500.981741
158.847710,500.247501
158.850612,499.381389
158.853515,498.804814
158.856417,497.543900
158.859320,496.109010
158.862222,495.250063
158.865125,494.735080
158.868027,493.593319
158.870930,493.023427
158.873832,492.454193
158.876735,492.794293
158.879637,492.509726
158.882540,492.794293
158.885442,491.925845
158.888345,491.925845
158.891247,491.925845
158.894150,491.925845
158.897052,491.983848
158.899955,492.268111
158.902857,492.552539
158.905760,492.926110
158.908662,493.210918
158.911565,493.495890
158.914467,493.781026
158.917370,494.348666
158.920272,494.920090
158.923175,495.778465
158.926077,496.238360
158.928980,496.811968
158.931882,497.386239
158.934785,497.673624
158.937687,498.095381
158.940590,498.671135
158.943492,499.247556
158.946395,499.541964
158.949297,500.119391
158.952200,500.408355
158.955102,501.229259
158.958005,500.650551
158.960907,500.939821
158.963810,501.518864
158.966712,502.207207
158.969615,502.497377
158.972517,503.078220
158.975420,502.863667
158.978322,502.283072
158.981224,502.863667
158.984127,503.154217
158.987029,502.677027
158.989932,0.000000
158.992834,0.000000
158.995737,0.000000
158.998639,0.000000
159.001542,0.000000
159.004444,0.000000
159.007347,0.000000
159.010249,0.000000
159.013152,0.000000
159.016054,0.000000
159.018957,0.000000
159.021859,0.000000
159.024762,0.000000
159.027664,0.000000
159.030567,0.000000
159.033469,501.495477
159.036372,503.036503
159.039274,504.200108
159.042177,502.455708
159.045079,501.709778
159.047982,501.420063
159.050884,501.999660
159.053787,501.130515
159.056689,440.368680
159.059592,442.663943
159.062494,442.919710
159.065397,442.891679
159.068299,443.403623
159.071202,443.403623
159.074104,442.635928
159.077007,442.962791
159.079909,443.218730
159.082812,442.962791
159.085714,443.014639
159.088617,443.014639
159.091519,443.270609
159.094422,443.526726
159.097324,443.403871
159.100227,443.403871
159.103129,443.660065
159.106032,443.169163
159.108934,443.169163
159.111837,443.169163
159.114739,443.425221
159.117642,442.934092
159.120544,443.190015
159.123447,443.190015
159.126349,443.200186
159.129252,442.944258
159.132154,443.200186
159.135057,443.269233
159.137959,443.525350
159.140862,443.013265
159.143764,443.013265
159.146667,442.964083
159.149569,442.964083
159.152472,442.964083
159.155374,442.861150
159.158277,442.861150
159.161179,442.861150
159.164082,442.861150
159.166984,443.087584
159.169887,442.831720
159.172789,442.831720
159.175692,442.997809
159.178594,442.997809
159.181497,443.253768
159.184399,443.253768
159.187302,443.256556
159.190204,443.256556
159.193107,443.256556
159.196009,443.359980
159.198912,443.359980
159.201814,443.359980
159.204717,443.872465
159.207619,443.612161
159.210522,443.099976
159.213424,442.844105
159.216327,443.358832
159.219229,443.358832
159.222132,443.358832
159.225034,443.595891
159.227937,443.595891
159.230839,444.365250
159.233741,444.622000
159.236644,444.130871
159.239546,444.130871
159.242449,0.000000
159.245351,442.499327
159.248254,440.968396
159.251156,440.713756
159.254059,440.713756
159.256961,395.395925
159.259864,395.395925
159.262766,397.227270
159.265669,398.016306
159.268571,396.639274
159.271474,396.639274
159.274376,396.639274
159.277279,396.340603
159.280181,395.654392
159.283084,396.111734
159.285986,396.877734
159.288889,396.877734
159.291791,396.419507
159.294694,396.419507
159.297596,396.558534
159.300499,396.787661
159.303401,396.100676
159.306304,396.059526
159.309206,396.059526
159.312109,395.830819
159.315011,395.422795
159.317914,395.422795
159.320816,395.651266
159.323719,395.194456
159.326621,395.244020
159.329524,395.244020
159.332426,395.700888
159.335329,395.358165
159.338231,395.129863
159.341134,395.129863
159.344036,394.901693
159.346939,394.962492
159.349841,395.190697
159.352744,395.419034
159.355646,395.168010
159.358549,395.396334
159.361451,395.624790
159.364354,395.624790
159.367256,395.508115
159.370159,395.279726
159.373061,395.736635
159.375964,395.617878
159.378866,395.389426
159.381769,395.161106
159.384671,395.389426
159.387574,395.629926
159.390476,395.858517
159.393379,396.087239
159.396281,396.015335
159.399184,395.558104
159.402086,395.786653
159.404989,395.786653
159.407891,396.179633
159.410794,396.179633
159.413696,396.408542
159.416599,396.446868
159.419501,396.675931
159.422404,396.675931
159.425306,396.665142
159.428209,396.894331
159.431111,396.665142
159.434014,396.665142
159.436916,395.846564
159.439819,394.477039
159.442721,394.933020
159.445624,396.591934
159.448526,395.448184
159.451429,396.821081
159.454331,397.968802
159.457234,395.080921
159.460136,394.396890
159.463039,394.852779
159.465941,396.688282
159.468844,394.403525
159.471746,0.000000
159.474649,0.000000
159.477551,382.383459
159.480454,382.383459
159.483356,382.383459
159.486259,384.961700
159.489161,385.184127
159.492063,384.961700
159.494966,384.961700
159.497868,381.500106
159.500771,381.500106
159.503673,381.500106
159.506576,381.147925
159.509478,381.147925
159.512381,381.147925
159.515283,378.876937
159.518186,377.784276
159.521088,377.348095
159.523991,377.130193
159.526893,376.660594
159.529796,376.443089
159.532698,377.531871
159.535601,376.092184
159.538503,375.224230
159.541406,374.791004
159.544308,374.358279
159.547211,373.639919
159.550113,372.777624
159.553016,372.347223
159.555918,371.530449
159.558821,371.530449
159.561723,370.031251
159.564626,370.673022
159.567528,370.007529
159.570431,369.580327
159.573333,368.727401
159.576236,367.603231
159.579138,368.028148
159.582041,368.666445
159.584943,368.240791
159.587846,367.819301
159.590748,367.819301
159.593651,367.819301
159.596553,367.981631
159.599456,368.406986
159.602358,369.045940
159.605261,370.176332
159.608163,369.748935
159.611066,369.962572
159.613968,371.032610
159.616871,371.057492
159.619773,371.701043
159.622676,372.560848
159.625578,373.436314
159.628481,374.516400
159.631383,376.251038
159.634286,377.339264
159.637188,377.965319
159.640091,377.528929
159.642993,377.965319
159.645896,378.631252
159.648798,379.068917
159.651701,379.726363
159.654603,380.604732
159.657506,380.956541
159.660408,381.617261
159.663311,381.837755
159.666213,382.750265
159.669116,382.308350
159.672018,382.308350
159.674921,381.866945
159.677823,382.152997
159.680726,382.152997
159.683628,382.373801
159.686531,381.921702
159.689433,381.701159
159.692336,381.701159
159.695238,381.206732
159.698141,380.986602
159.701043,380.326974
159.703946,379.668488
159.706848,379.652673
159.709751,378.557775
159.712653,377.030221
159.715556,375.950311
159.718458,374.217059
159.721361,373.137837
159.724263,372.707020
159.727166,371.680756
159.730068,371.251621
159.732971,370.394838
159.735873,369.483390
159.738776,369.483390
159.741678,369.483390
159.744580,369.696873
159.747483,370.030742
159.750385,367.899522
159.753288,367.687076
159.756190,367.712490
159.759093,367.500152
159.761995,367.287937
159.764898,367.500152
159.767800,368.025117
159.770703,368.663409
159.773605,368.876418
159.776508,369.161391
159.779410,369.588110
159.782313,370.443027
159.785215,371.345562
159.788118,371.989612
159.791020,371.989612
159.793923,373.065513
159.796825,374.106176
159.799728,375.621883
159.802630,376.925948
159.805533,378.354951
159.808435,378.792296
159.811338,378.573561
159.814240,378.136468
159.817143,378.623067
159.820045,379.060722
159.822948,379.279740
159.825850,379.652083
159.828753,380.530280
159.831655,381.410508
159.834558,380.750147
159.837460,380.362308
159.840363,381.242147
159.843265,381.242147
159.846168,380.887607
159.849070,380.447842
159.851973,380.447842
159.854875,380.228150
159.857778,380.428310
159.860680,380.208629
159.863583,379.769649
159.866485,379.186623
159.869388,378.530112
159.872290,377.656531
159.875193,378.020691
159.878095,377.802401
159.880998,377.584237
159.883900,376.277895
159.886803,375.735674
159.889705,375.301858
159.892608,374.868542
159.895510,374.119714
159.898413,372.610068
159.901315,372.394902
159.904218,372.394902
159.907120,372.743366
159.910023,372.743366
159.912925,373.605582
159.915828,374.020426
159.918730,374.452761
159.921633,374.669116
159.924535,374.885596
159.927438,375.190285
159.930340,375.407066
159.933243,375.623972
159.936145,375.513248
159.939048,375.513248
159.941950,376.164527
159.944853,375.947308
159.947755,376.422719
159.950658,376.640212
159.953560,376.857831
159.956463,377.000742
159.959365,377.000742
159.962268,377.000742
159.965170,377.253417
159.968073,377.689489
159.970975,377.471390
159.973878,377.689489
159.976780,378.032761
159.979683,378.469734
159.982585,378.907212
159.985488,378.435692
159.988390,378.217162
159.991293,377.998758
159.994195,377.998758
159.997098,378.096325
160.000000,377.877991
160.002902,377.005915
160.005805,377.026219
160.008707,376.808503
160.011610,376.808503
160.014512,376.590913
160.017415,377.859303
160.020317,378.296075
160.023220,377.641106
160.026122,376.815550
160.029025,376.380487
160.031927,375.295026
160.034830,375.078309
160.037732,376.917774
160.040635,375.396837
160.043537,374.098063
160.046440,0.000000
160.049342,0.000000
160.052245,0.000000
160.055147,0.000000
160.058050,0.000000
160.060952,0.000000
160.063855,0.000000
160.066757,0.000000
160.069660,294.385836
160.072562,293.876145
160.075465,293.450218
160.078367,294.809384
160.081270,294.129016
160.084172,294.809384
160.087075,294.232127
160.089977,294.062221
160.092880,294.572234
160.095782,294.619845
160.098685,295.130825
160.101587,295.130825
160.104490,295.301349
160.107392,295.508377
160.110295,295.679119
160.113197,295.337734
160.116100,295.027771
160.119002,295.198235
160.121905,295.368798
160.124807,295.710218
160.127710,295.372302
160.130612,295.372302
160.133515,295.542965
160.136417,295.921776
160.139320,295.238841
160.142222,295.580111
160.145125,295.733172
160.148027,295.733172
160.150930,295.562399
160.153832,295.391725
160.156735,295.131110
160.159637,294.620129
160.162540,294.960685
160.165442,294.766407
160.168345,295.277641
160.171247,295.618957
160.174150,295.448250
160.177052,294.588400
160.179955,295.269831
160.182857,295.269831
160.185760,295.302573
160.188662,295.473196
160.191565,295.302573
160.194467,295.132049
160.197370,294.786065
160.200272,294.956389
160.203175,295.126812
160.206077,295.393355
160.208980,295.222778
160.211882,294.881920
160.214785,295.222778
160.217687,294.875961
160.220590,294.875961
160.223492,294.875961
160.226395,295.000318
160.229297,294.829968
160.232200,294.659717
160.235102,294.894557
160.238005,294.894557
160.240907,295.064944
160.243810,295.406013
160.246712,295.125848
160.249615,294.955426
160.252517,294.955426
160.255420,295.253441
160.258322,294.912548
160.261224,294.912548
160.264127,294.912548
160.267029,295.207612
160.269932,295.037143
160.272834,294.866772
160.275737,294.764668
160.278639,295.105390
160.281542,294.764668
160.284444,294.424339
160.287347,294.800025
160.290249,294.800025
160.293152,295.140788
160.296054,295.326816
160.298957,294.985838
160.301859,295.156278
160.304762,295.156278
160.307664,294.966395
160.310567,294.966395
160.313469,294.796065
160.316372,294.878500
160.319274,294.878500
160.322177,295.048877
160.325079,295.012500
160.327982,295.353508
160.330884,295.012500
160.333787,294.671885
160.336689,295.182735
160.339592,295.182735
160.342494,295.182735
160.345397,295.000308
160.348299,295.341303
160.351202,295.341303
160.354104,295.170756
160.357007,295.036857
160.359909,294.866486
160.362812,295.036857
160.365714,295.242972
160.368617,295.413560
160.371519,295.072482
160.374422,295.072482
160.377324,295.124122
160.380227,295.465260
160.383129,295.294642
160.386032,295.224692
160.388934,295.395270
160.391837,295.565946
160.394739,295.224692
160.397642,295.116454
160.400544,295.286969
160.403447,294.946037
160.406349,294.879820
160.409252,295.050198
160.412154,295.050198
160.415057,294.919455
160.417959,295.089857
160.420862,295.089857
160.423764,294.919455
160.426667,294.905703
160.429569,295.246589
160.432472,295.246589
160.435374,295.139446
160.438277,295.139446
160.441179,295.309974
160.444082,295.309974
160.446984,294.998068
160.449887,295.509703
160.452789,295.851287
160.455692,295.011337
160.458594,294.840981
160.461497,295.011337
160.464399,295.352344
160.467302,295.198404
160.470204,295.027940
160.473107,295.027940
160.476009,295.357477
160.478912,0.000000
160.481814,0.000000
160.484717,0.000000
160.487619,0.000000
160.490522,0.000000
160.493424,0.000000
160.496327,0.000000
160.499229,0.000000
160.502132,0.000000
160.505034,0.000000
160.507937,0.000000
160.510839,0.000000
160.513741,0.000000
160.516644,0.000000
160.519546,0.000000
160.522449,0.000000
160.525351,0.000000
160.528254,0.000000
160.531156,0.000000
160.534059,0.000000
160.536961,0.000000
160.539864,0.000000
160.542766,0.000000
160.545669,0.000000
160.548571,0.000000
160.551474,0.000000
160.554376,0.000000
160.557279,492.298719
160.560181,493.722589
160.563084,495.150576
160.565986,496.440241
160.568889,497.588588
160.571791,497.876089
160.574694,497.014083
160.577596,495.823309
160.580499,494.107890
160.583401,492.114069
160.586304,490.425622
160.589206,489.576515
160.592109,488.728878
160.595011,488.293774
160.597914,488.011806
160.600816,488.293774
160.603719,488.575905
160.606621,488.451863
160.609524,488.169804
160.612426,488.451863
160.615329,488.643590
160.618231,488.643590
160.621134,488.079413
160.624036,488.079413
160.626939,488.000863
160.629841,488.000863
160.632744,488.282825
160.635646,489.122063
160.638549,489.122063
160.641451,489.970381
160.644354,490.820171
160.647256,491.707957
160.650159,492.276328
160.653061,492.560760
160.655964,493.224824
160.658866,494.080258
160.661769,494.365733
160.664671,495.223146
160.667574,496.227090
160.670476,497.374943
160.673379,498.813495
160.676281,499.742282
160.679184,499.453702
160.682086,500.319940
160.684989,501.477261
160.687891,502.407985
160.690794,503.279346
160.693696,503.279346
160.696599,503.634774
160.699501,503.925769
160.702404,504.216932
160.705306,504.061802
160.708209,503.479823
160.711111,503.189086
160.714014,502.027814
160.716916,501.466388
160.719819,501.176813
160.722721,500.598165
160.725624,499.968012
160.728526,498.814174
160.731429,498.526131
160.734331,497.950544
160.737234,497.325857
160.740136,496.178117
160.743039,495.319050
160.745941,494.690390
160.748844,494.690390
160.751746,494.404728
160.754649,494.404728
160.757551,492.968717
160.760454,493.253549
160.763356,492.399546
160.766259,493.368779
160.769161,493.368779
160.772063,493.368779
160.774966,493.653842
160.777868,493.319193
160.780771,494.746014
160.783673,494.174791
160.786576,493.725388
160.789478,492.870568
160.792381,491.733110
160.795283,493.630209
160.798186,495.630174
160.801088,494.772056
160.803991,494.486347
160.806893,497.023997
160.809796,496.450144
160.812698,496.450144
160.815601,495.605286
160.818503,495.319096
160.821406,496.464849
160.824308,496.464849
160.827211,495.076192
160.830113,497.369223
160.833016,497.656598
160.835918,497.416245
160.838821,497.416245
160.841723,497.129009
160.844626,495.981723
160.847528,496.565228
160.850431,498.289178
160.853333,498.001438
160.856236,497.741868
160.859138,496.306407
160.862041,496.019812
160.864943,496.306407
160.867846,496.670162
160.870748,496.096717
160.873651,494.666001
160.876553,495.062714
160.879456,495.634963
160.882358,495.634963
160.885261,495.763801
160.888163,495.763801
160.891066,495.477520
160.893968,495.191403
160.896871,495.289830
160.899773,496.722351
160.902676,495.003822
160.905578,495.526626
160.908481,0.000000
160.911383,0.000000
160.914286,0.000000
160.917188,0.000000
160.920091,0.000000
160.922993,0.000000
160.925896,0.000000
160.928798,0.000000
160.931701,0.000000
160.934603,0.000000
160.937506,0.000000
160.940408,0.000000
160.943311,0.000000
160.946213,0.000000
160.949116,0.000000
160.952018,0.000000
160.954921,0.000000
160.957823,0.000000
160.960726,0.000000
160.963628,0.000000
160.966531,0.000000
160.969433,500.009775
160.972336,493.125993
160.975238,500.157616
160.978141,496.989765
160.981043,497.851729
160.983946,497.276920
160.986848,506.527626
160.989751,503.901222
160.992653,504.192371
160.995556,509.615404
160.998458,513.456558
161.001361,513.456558
161.004263,514.050069
161.007166,515.235926
161.010068,515.533624
161.012971,516.427750
161.015873,516.594031
161.018776,517.788996
161.021678,518.387515
161.024580,518.986726
161.027483,518.880407
161.030385,518.580777
161.033288,518.580777
161.036190,517.880947
161.039093,517.283013
161.041995,516.685769
161.044898,516.089215
161.047800,515.525929
161.050703,514.930714
161.053605,514.633365
161.056508,514.570411
161.059410,514.570411
161.062313,514.570411
161.065215,514.583914
161.068118,514.881235
161.071020,514.881235
161.073923,515.178728
161.076825,515.649528
161.079728,515.947465
161.082630,515.947465
161.085533,516.527772
161.088435,518.021719
161.091338,518.321026
161.094240,519.219987
161.097143,519.668721
161.100045,519.968980
161.102948,520.269413
161.105850,521.041466
161.108753,521.342518
161.111655,522.246719
161.114558,522.850391
161.117460,524.019995
161.120363,525.535612
161.123265,526.143085
161.126168,526.847619
161.129070,527.456609
161.131973,528.066302
161.134875,528.371414
161.137778,528.106925
161.140680,528.412059
161.143583,529.328521
161.146485,529.369049
161.149388,529.369049
161.152290,527.842377
161.155193,527.880702
161.158095,526.966746
161.160998,526.358322
161.163900,525.750600
161.166803,524.896593
161.169705,523.685224
161.172608,523.080589
161.175510,522.206405
161.178413,522.206405
161.181315,521.302274
161.184218,521.603477
161.187120,520.347214
161.190023,519.446302
161.192925,519.146344
161.195828,518.243152
161.198730,518.542588
161.201633,517.943890
161.204535,517.644800
161.207438,517.139126
161.210340,517.139126
161.213243,517.736894
161.216145,517.811189
161.219048,518.110374
161.221950,518.409733
161.224853,518.409733
161.227755,518.775272
161.230658,519.075015
161.233560,519.075015
161.236463,519.295753
161.239365,519.595797
161.242268,520.196404
161.245170,520.763459
161.248073,521.365416
161.250975,521.666655
161.253878,521.968069
161.256780,521.721609
161.259683,521.721609
161.262585,522.324673
161.265488,522.776892
161.268390,522.475011
161.271293,522.776892
161.274195,523.078947
161.277098,523.437613
161.280000,523.437613
161.282902,523.437613
161.285805,523.381873
161.288707,523.079643
161.291610,523.079643
161.294512,523.079643
161.297415,522.873241
161.300317,522.873241
161.303220,523.477637
161.306122,523.438023
161.309025,523.135761
161.311927,523.438023
161.314830,523.438023
161.317732,523.464861
161.320635,523.464861
161.323537,523.162583
161.326440,523.011645
161.329342,523.011645
161.332245,523.011645
161.335147,522.921151
161.338050,522.921151
161.340952,522.619187
161.343855,522.619187
161.346757,522.431274
161.349660,522.431274
161.352562,522.733130
161.355465,522.526631
161.358367,522.526631
161.361270,522.224895
161.364172,522.224895
161.367075,522.234406
161.369977,521.932839
161.372880,522.234406
161.375782,522.182736
161.378685,522.182736
161.381587,522.182736
161.384490,522.182736
161.387392,521.842883
161.390295,521.842883
161.393197,521.842883
161.396100,521.775374
161.399002,521.474071
161.401905,521.474071
161.404807,521.172943
161.407710,520.948184
161.410612,520.647359
161.413515,520.046231
161.416417,519.790914
161.419320,517.992574
161.422222,517.394511
161.425125,516.604421
161.428027,521.400990
161.430930,522.607075
161.433832,523.513469
161.436735,567.260456
161.439637,567.260456
161.442540,575.511450
161.445442,579.515640
161.448345,580.185510
161.451247,582.199768
161.454150,583.209518
161.457052,585.333180
161.459955,586.687150
161.462857,587.026132
161.465760,587.867926
161.468662,588.887506
161.471565,589.568209
161.474467,589.227759
161.477370,589.539514
161.480272,589.199081
161.483175,589.880144
161.486077,590.112106
161.488980,590.112106
161.491882,590.453067
161.494785,590.794224
161.497687,590.764383
161.500590,591.105720
161.503492,590.764383
161.506395,590.940879
161.509297,590.940879
161.512200,591.282318
161.515102,591.059617
161.518005,591.059617
161.520907,590.718306
161.523810,590.377192
161.526712,590.367462
161.529615,589.685836
161.532517,589.004998
161.535420,588.025009
161.538322,587.006922
161.541224,585.990597
161.544127,584.976032
161.547029,583.831845
161.549932,583.494708
161.552834,583.494708
161.555737,582.923958
161.558639,582.923958
161.561542,583.597767
161.564444,583.597767
161.567347,582.992780
161.570249,583.329627
161.573152,584.003905
161.576054,584.523396
161.578957,584.861127
161.581859,585.537176
161.584762,585.875493
161.587664,587.169754
161.590567,587.848471
161.593469,588.527973
161.596372,589.485569
161.599274,590.507956
161.602177,591.532115
161.605079,592.527870
161.607982,594.928523
161.610884,595.616209
161.613787,596.649228
161.616689,597.870964
161.619592,598.907894
161.622494,599.600179
161.625397,600.634414
161.628299,600.634414
161.631202,601.328695
161.634104,601.328695
161.637007,601.175368
161.639909,601.175368
161.642812,601.870274
161.645714,601.840263
161.648617,601.492727
161.651519,601.145392
161.654422,600.798257
161.657324,600.275980
161.660227,599.582914
161.663129,598.199183
161.666032,597.192277
161.668934,596.847425
161.671837,595.814063
161.674739,595.126149
161.677642,593.958168
161.680544,592.929809
161.683447,592.587418
161.686349,592.236214
161.689252,591.210836
161.692154,590.869438
161.695057,590.857198
161.697959,591.198589
161.700862,591.198589
161.703764,590.175007
161.706667,590.160968
161.709569,590.160968
161.712472,590.501957
161.715374,590.957562
161.718277,590.616310
161.721179,590.957562
161.724082,591.640657
161.726984,592.260839
161.729887,592.260839
161.732789,592.260839
161.735692,592.891547
161.738594,593.576878
161.741497,593.919840
161.744399,594.606360
161.747302,594.824343
161.750204,595.511908
161.753107,595.855989
161.756009,596.458764
161.758912,596.458764
161.761814,596.458764
161.764717,596.458764
161.767619,596.607031
161.770522,596.951744
161.773424,596.262517
161.776327,596.192485
161.779229,596.192485
161.782132,596.192485
161.785034,596.020141
161.787937,596.020141
161.790839,596.020141
161.793741,596.020141
161.796644,595.999518
161.799546,595.655355
161.802449,595.311390
161.805351,595.174938
161.808254,595.174938
161.811156,595.174938
161.814059,595.174938
161.816961,595.190426
161.819864,594.846730
161.822766,594.846730
161.825669,595.496223
161.828571,595.840295
161.831474,595.496223
161.834376,595.496223
161.837279,595.304198
161.840181,595.304198
161.843084,595.992318
161.845986,595.853987
161.848889,595.853987
161.851791,596.198265
161.854694,594.822345
161.857596,594.147709
161.860499,595.866155
161.863401,0.000000
161.866304,0.000000
161.869206,0.000000
161.872109,0.000000
161.875011,0.000000
161.877914,0.000000
161.880816,0.000000
161.883719,0.000000
161.886621,782.378401
161.889524,782.830451
161.892426,783.282762
161.895329,783.913563
161.898231,784.366500
161.901134,785.273159
161.904036,785.273159
161.906939,785.364535
161.909841,785.364535
161.912744,785.364535
161.915646,785.069617
161.918549,784.616273
161.921451,784.163192
161.924354,782.805518
161.927256,781.950693
161.930159,781.499151
161.933061,780.596849
161.935964,780.211395
161.938866,779.310580
161.941769,778.860563
161.944671,778.410805
161.947574,778.114773
161.950476,778.114773
161.953379,778.114773
161.956281,778.399760
161.959184,778.399760
161.962086,778.849511
161.964989,779.749793
161.967891,779.850466
161.970794,780.751906
161.973696,781.203016
161.976599,781.806254
161.979501,782.709954
161.982404,783.614699
161.985306,784.861656
161.988209,785.315141
161.991111,785.768888
161.994014,785.768888
161.996916,787.934381
161.999819,788.845165
162.002721,789.757001
162.005624,789.481018
162.008526,789.481018
162.011429,790.393589
162.014331,792.221897
162.017234,793.199757
162.020136,794.575459
162.023039,795.953547
162.025941,796.897001
162.028844,797.818145
162.031746,797.818145
162.034649,797.357440
162.037551,796.326263
162.040454,796.326263
162.043356,795.866420
162.046259,794.381937
162.049161,793.923217
162.052063,791.633585
162.054966,790.262976
162.057868,790.508077
162.060771,789.595374
162.063673,788.228294
162.066576,787.275770
162.069478,785.912707
162.072381,785.005309
162.075283,783.298210
162.078186,782.845890
162.081088,782.845890
162.083991,782.393831
162.086893,781.509942
162.089796,781.961490
162.092698,781.509942
162.095601,781.485154
162.098503,781.485154
162.101406,781.936688
162.104308,781.936688
162.107211,782.151009
162.110113,782.602928
162.113016,782.602928
162.115918,783.201004
162.118821,784.106316
162.121723,784.559364
162.124626,785.012674
162.127528,785.638766
162.130431,786.092700
162.133333,786.546896
162.136236,787.634050
162.139138,788.544486
162.142041,789.455975
162.144943,789.455975
162.147846,790.202967
162.150748,790.202967
162.153651,790.202967
162.156553,790.288699
162.159456,790.745319
162.162358,791.202204
162.165261,790.867955
162.168163,791.324910
162.171066,791.782129
162.173968,791.782129
162.176871,792.008900
162.179773,792.008900
162.182676,792.008900
162.185578,791.755517
162.188481,791.298313
162.191383,791.298313
162.194286,791.298313
162.197188,791.091000
162.200091,791.091000
162.202993,791.091000
162.205896,790.712968
162.208798,790.712968
162.211701,790.712968
162.214603,790.256366
162.217506,790.390522
162.220408,790.390522
162.223311,789.934106
162.226213,789.912010
162.229116,790.368413
162.232018,790.368413
162.234921,790.825080
162.237823,790.070650
162.240726,789.614419
162.243628,790.527144
162.246531,790.605695
162.249433,790.605695
162.252336,790.605695
162.255238,790.768029
162.258141,791.224926
162.261043,791.682088
162.263946,791.682088
162.266848,791.439468
162.269751,790.525689
162.272653,789.156999
162.275556,789.650922
162.278458,789.194933
162.281361,786.918937
162.284263,788.739208
162.287166,786.823766
162.290068,790.468077
162.292971,786.369410
162.295873,789.781984
162.298776,783.420995
162.301678,785.233175
162.304580,788.870119
162.307483,790.147398
162.310385,791.060740
162.313288,790.147398
162.316190,485.679214
162.319093,488.210642
162.321995,486.521561
162.324898,487.365370
162.327800,488.877392
162.330703,490.291366
162.333605,490.858100
162.336508,491.760770
162.339410,492.613665
162.342313,493.183083
162.345215,493.376144
162.348118,493.091241
162.351020,0.000000
162.353923,491.953273
162.356825,491.308286
162.359728,492.160396
162.362630,492.444761
162.365533,492.937617
162.368435,494.934775
162.371338,496.653064
162.374240,497.514445
162.377143,497.402817
162.380045,497.977772
162.382948,498.553391
162.385850,499.014330
162.388753,499.014330
162.391655,498.726171
162.394558,498.150353
162.397460,498.981465
162.400363,498.981465
162.403265,498.693326
162.406168,498.574297
162.409070,498.574297
162.411973,498.574297
162.414875,498.574297
162.417778,498.366892
162.420680,498.654843
162.423583,498.942961
162.426485,498.951429
162.429388,498.951429
162.432290,499.239718
162.435193,499.255729
162.438095,499.255729
162.440998,498.679299
162.443900,498.679299
162.446803,498.881142
162.449705,498.881142
162.452608,498.881142
162.455510,499.191593
162.458413,499.191593
162.461315,499.191593
162.464218,499.191593
162.467120,499.174325
162.470023,498.886074
162.472925,499.174325
162.475828,498.754263
162.478730,498.754263
162.481633,499.042438
162.484535,499.330780
162.487438,499.519214
162.490340,499.230764
162.493243,498.942480
162.496145,499.113207
162.499048,499.401589
162.501950,499.401589
162.504853,499.113207
162.507755,498.657735
162.510658,498.369783
162.513560,498.369783
162.516463,498.208514
162.519365,498.208514
162.522268,498.496373
162.525170,498.166479
162.528073,497.591307
162.530975,497.591307
162.533878,498.166479
162.536780,497.928458
162.539683,496.205756
162.542585,494.203469
162.545488,490.549439
162.548390,487.442443
162.551293,485.756020
162.554195,485.756020
162.557098,441.307746
162.560000,442.328562
162.562902,443.351739
162.565805,443.044585
162.568707,443.044585
162.571610,442.788746
162.574512,443.044585
162.577415,443.493654
162.580317,443.493654
162.583220,443.237556
162.586122,443.404164
162.589025,443.148118
162.591927,443.148118
162.594830,443.404164
162.597732,443.268473
162.600635,443.268473
162.603537,443.524589
162.606440,443.561896
162.609342,443.561896
162.612245,443.305759
162.615147,443.163404
162.618050,442.907497
162.620952,443.163404
162.623855,443.163404
162.626757,443.405148
162.629660,443.405148
162.632562,443.149101
162.635465,443.249227
162.638367,442.993270
162.641270,443.249227
162.644172,442.993270
162.647075,442.846001
162.649977,442.846001
162.652880,442.590277
162.655782,442.783859
162.658685,442.783859
162.661587,442.783859
162.664490,442.783859
162.667392,442.681325
162.670295,442.937102
162.673197,442.937102
162.676100,442.965364
162.679002,442.965364
162.681905,442.965364
162.684807,442.709571
162.687710,442.688794
162.690612,442.944575
162.693515,442.944575
162.696417,443.036249
162.699320,443.036249
162.702222,442.780415
162.705125,442.907405
162.708027,442.907405
162.710930,443.163313
162.713832,443.163313
162.716735,442.922692
162.719637,442.922692
162.722540,442.922692
162.725442,443.079126
162.728345,443.079126
162.731247,443.079126
162.734150,443.335132
162.737052,442.997825
162.739955,442.230833
162.742857,442.486350
162.745760,442.627060
162.748662,441.860710
162.751565,442.627060
162.754467,442.627060
162.757370,442.409816
162.760272,441.899019
162.763175,442.154343
162.766077,443.033643
162.768980,445.600111
162.771882,444.571745
162.774785,442.777811
162.777687,492.101573
162.780590,494.952289
162.783492,496.383833
162.786395,497.049560
162.789297,497.336750
162.792200,497.911628
162.795102,498.726864
162.798005,499.015023
162.800907,498.726864
162.803810,499.015023
162.806712,498.521841
162.809615,498.809882
162.812517,499.098089
162.815420,498.933749
162.818322,498.933749
162.821224,498.933749
162.824127,498.933749
162.827029,499.440311
162.829932,499.728882
162.832834,499.728882
162.835737,499.388281
162.838639,499.388281
162.841542,499.388281
162.844444,499.676822
162.847347,499.733563
162.850249,499.444989
162.853152,499.444989
162.856054,499.247799
162.858957,499.247799
162.861859,499.536259
162.864762,499.824886
162.867664,499.616913
162.870567,499.905586
162.873469,499.905586
162.876372,499.535759
162.879274,499.535759
162.882177,499.824385
162.885079,500.011788
162.887982,500.011788
162.890884,500.011788
162.893787,499.723053
162.896689,499.785307
162.899592,499.785307
162.902494,499.785307
162.905397,499.823325
162.908299,499.823325
162.911202,498.957947
162.914104,498.957947
162.917007,498.869761
162.919909,498.869761
162.922812,498.869761
162.925714,498.415258
162.928617,497.839799
162.931519,496.977855
162.934422,495.830918
162.937324,494.169232
162.940227,495.598511
162.943129,0.000000
162.946032,498.725130
162.948934,499.013288
162.951837,499.013288
162.954739,497.861654
162.957642,496.464158
162.960544,499.628659
162.963447,502.522979
162.966349,509.279307
162.969252,508.397557
162.972154,512.821624
162.975057,513.827890
162.977959,517.103069
162.980862,517.999917
162.983764,515.611771
162.986667,519.387801
162.989569,519.988168
162.992472,520.589229
162.995374,520.615636
162.998277,520.916443
163.001179,520.916443
163.004082,521.819905
163.006984,522.439080
163.009887,521.835884
163.012789,521.835884
163.015692,522.067665
163.018594,522.369310
163.021497,522.369310
163.024399,522.369310
163.027302,522.466058
163.030204,522.466058
163.033107,522.466058
163.036009,522.384122
163.038912,522.384122
163.041814,522.384122
163.044717,522.685950
163.047619,522.677948
163.050522,522.677948
163.053424,522.376125
163.056327,522.612365
163.059229,522.612365
163.062132,522.612365
163.065034,522.519123
163.067937,522.821029
163.070839,522.821029
163.073741,522.821029
163.076644,522.718014
163.079546,522.718014
163.082449,522.416167
163.085351,522.442584
163.088254,522.442584
163.091156,522.442584
163.094059,522.442584
163.096961,522.277261
163.099864,522.277261
163.102766,522.277261
163.105669,522.243530
163.108571,522.243530
163.111474,522.243530
163.114376,521.941957
163.117279,522.019712
163.120181,522.019712
163.123084,522.019712
163.125986,521.922671
163.128889,521.922671
163.131791,521.621284
163.134694,521.922671
163.137596,521.775706
163.140499,521.775706
163.143401,521.775706
163.146304,521.731134
163.149206,521.731134
163.152109,521.429857
163.155011,521.416348
163.157914,521.416348
163.160816,521.717617
163.163719,520.513585
163.166621,519.122841
163.169524,519.422785
163.172426,519.422785
163.175329,519.400395
163.178231,519.700500
163.181134,521.806089
163.184036,519.700500
163.186939,520.442353
163.189841,521.947623
163.192744,523.457245
163.195646,576.369538
163.198549,578.704724
163.201451,580.378505
163.204354,582.729934
163.207256,584.442993
163.210159,588.508116
163.213061,589.869430
163.215964,591.235461
163.218866,591.918877
163.221769,593.630877
163.224671,593.630877
163.227574,594.530882
163.230476,594.874395
163.233379,594.874395
163.236281,595.318584
163.239184,596.006721
163.242086,596.351087
163.244989,595.662553
163.247891,595.131812
163.250794,595.475673
163.253696,595.475673
163.256599,594.277344
163.259501,593.591204
163.262404,592.905857
163.265306,592.646014
163.268209,591.961757
163.271111,590.595614
163.274014,590.254571
163.276916,589.421345
163.279819,590.102664
163.282721,588.400840
163.285624,587.293664
163.288526,586.954528
163.291429,586.615587
163.294331,585.938294
163.297234,585.088212
163.300136,584.412682
163.303039,583.737932
163.305941,583.763437
163.308844,583.426339
163.311746,583.763437
163.314649,584.775898
163.317551,584.397668
163.320454,583.722935
163.323356,584.060204
163.326259,584.517702
163.329161,584.855430
163.332063,585.193353
163.334966,585.531472
163.337868,585.890874
163.340771,586.568113
163.343673,587.585439
163.346576,588.027182
163.349478,588.027182
163.352381,588.706891
163.355283,589.673633
163.358186,590.696345
163.361088,591.379139
163.363991,591.720831
163.366893,592.417805
163.369796,593.445277
163.372698,594.818012
163.375601,595.240120
163.378503,595.928166
163.381406,596.961726
163.384308,599.034227
163.387211,599.822053
163.390113,600.168623
163.393016,600.862366
163.395918,600.519803
163.398821,601.213952
163.401723,601.908902
163.404626,602.256679
163.407528,602.491114
163.410431,602.839227
163.413333,603.187541
163.416236,602.564228
163.419138,601.520968
163.422041,601.520968
163.424943,601.520968
163.427846,601.432778
163.430748,601.085477
163.433651,600.391476
163.436553,599.755572
163.439456,599.063107
163.442358,596.645771
163.445261,594.306897
163.448163,592.592948
163.451066,592.592948
163.453968,591.566951
163.456871,590.690235
163.459773,588.986715
163.462676,587.966963
163.465578,585.335614
163.468481,584.322183
163.471383,582.637029
163.474286,581.628271
163.477188,580.943570
163.480091,580.608100
163.482993,579.937743
163.485896,579.680098
163.488798,580.350157
163.491701,580.685478
163.494603,580.685478
163.497506,581.117578
163.500408,581.789299
163.503311,582.798337
163.506213,582.998134
163.509116,583.334984
163.512018,584.346703
163.514921,585.022157
163.517823,585.564671
163.520726,586.580257
163.523628,587.597604
163.526531,588.434301
163.529433,589.114479
163.532336,590.477197
163.535238,591.217182
163.538141,592.242571
163.541043,591.900577
163.543946,593.955507
163.546848,594.859609
163.549751,595.891315
163.552653,597.614805
163.555556,598.651567
163.558458,599.689851
163.561361,600.036345
163.564263,600.036345
163.567166,600.748963
163.570068,600.748963
163.572971,601.443376
163.575873,601.908770
163.578776,602.256546
163.581678,602.604524
163.584580,602.256546
163.587483,602.462193
163.590385,602.462193
163.593288,601.766604
163.596190,601.915851
163.599093,601.568271
163.601995,601.220892
163.604898,600.526736
163.607800,600.118305
163.610703,600.118305
163.613605,598.733337
163.616508,597.562872
163.619410,595.839532
163.622313,594.807915
163.625215,593.389999
163.628118,592.020560
163.631020,590.995555
163.633923,589.631641
163.636825,588.043776
163.639728,587.704207
163.642630,586.347889
163.645533,585.282208
163.648435,584.268869
163.651338,583.257285
163.654240,582.247452
163.657143,581.829189
163.660045,581.157422
163.662948,581.157422
163.665850,581.064938
163.668753,581.736599
163.671655,582.072720
163.674558,582.745545
163.677460,582.966091
163.680363,583.302923
163.683265,583.639949
163.686168,584.253324
163.689070,584.928670
163.691973,585.943153
163.694875,586.281705
163.697778,587.152857
163.700680,587.831555
163.703583,588.511037
163.706485,589.722493
163.709388,590.404161
163.712290,591.428140
163.715193,592.524392
163.718095,593.552049
163.720998,594.925031
163.723900,595.268772
163.726803,596.691345
163.729705,598.762907
163.732608,599.455025
163.735510,600.881734
163.738413,601.923885
163.741315,601.923885
163.744218,601.923885
163.747120,602.001853
163.750023,602.349683
163.752925,602.001853
163.755828,601.913600
163.758730,602.261380
163.761633,0.000000
163.764535,0.000000
163.767438,601.954802
163.770340,601.954802
163.773243,601.607200
163.776145,601.749530
163.779048,601.749530
163.781950,601.402046
163.784853,601.054763
163.787755,600.331819
163.790658,599.638689
163.793560,598.254829
163.796463,596.094282
163.799365,593.688925
163.802268,593.003465
163.805170,592.614388
163.808073,591.246739
163.810975,589.882246
163.813878,588.181057
163.816780,586.914958
163.819683,586.237319
163.822585,585.560462
163.825488,584.606431
163.828390,584.268846
163.831293,583.594262
163.834195,583.931457
163.837098,584.428711
163.840000,584.091230
163.842902,584.091230
163.845805,584.230892
163.848707,584.906212
163.851610,585.582312
163.854512,585.920655
163.857415,586.493866
163.860317,586.832736
163.863220,588.190175
163.866122,588.515042
163.869025,589.195314
163.871927,589.535745
163.874830,590.899437
163.877732,591.858287
163.880635,593.227351
163.883537,593.227351
163.886440,594.674875
163.889342,596.394846
163.892245,597.084226
163.895147,597.864280
163.898050,599.593476
163.900952,599.247237
163.903855,599.593476
163.906757,600.454287
163.909660,600.454287
163.912562,600.454287
163.915465,599.479201
163.918367,600.172147
163.921270,600.518920
163.924172,600.518920
163.927075,599.728916
163.929977,600.075433
163.932880,599.382599
163.935782,599.626759
163.938685,599.973217
163.941587,599.280501
163.944490,598.588584
163.947392,598.416206
163.950295,597.035167
163.953197,596.345843
163.956100,596.612553
163.959002,596.612553
163.961905,595.923717
163.964807,596.268035
163.967710,596.446895
163.970612,596.102473
163.973515,595.758250
163.976417,595.647077
163.979320,595.303117
163.982222,594.959355
163.985125,594.644680
163.988027,594.988259
163.990930,595.332037
163.993832,595.332037
163.996735,595.344600
163.999637,595.344600
164.002540,595.344600
164.005442,595.138374
164.008345,596.170565
164.011247,596.170565
164.014150,596.170565
164.017052,596.233877
164.019955,596.578375
164.022857,596.233877
164.025760,595.959286
164.028662,595.615146
164.031565,595.959286
164.034467,0.000000
164.037370,0.000000
164.040272,0.000000
164.043175,0.000000
164.046077,0.000000
164.048980,596.571369
164.051882,596.571369
164.054785,596.226875
164.057687,596.113832
164.060590,596.113832
164.063492,596.113832
164.066395,596.040100
164.069297,596.040100
164.072200,596.040100
164.075102,595.416497
164.078005,595.416497
164.080907,595.416497
164.083810,595.760522
164.086712,595.539358
164.089615,595.195460
164.092517,594.851761
164.095420,594.779227
164.098322,594.435768
164.101224,594.779227
164.104127,594.779227
164.107029,594.393692
164.109932,594.393692
164.112834,594.737127
164.115737,594.871897
164.118639,595.215607
164.121542,595.559517
164.124444,595.215607
164.127347,596.213143
164.130249,595.524769
164.133152,594.837189
164.136054,0.000000
164.138957,0.000000
164.141859,0.000000
164.144762,0.000000
164.147664,0.000000
164.150567,0.000000
164.153469,0.000000
164.156372,0.000000
164.159274,0.000000
164.162177,0.000000
164.165079,0.000000
164.167982,0.000000
164.170884,0.000000
164.173787,0.000000
164.176689,0.000000
164.179592,0.000000
164.182494,0.000000
164.185397,788.791965
164.188299,789.247721
164.191202,790.616569
164.194104,791.530453
164.197007,792.982990
164.199909,793.441167
164.202812,793.441167
164.205714,793.093212
164.208617,792.635236
164.211519,792.177524
164.214422,791.262893
164.217324,790.397641
164.220227,789.485065
164.223129,788.118176
164.226032,785.836901
164.228934,784.476328
164.231837,782.665896
164.234739,780.859641
164.237642,779.654081
164.240544,777.854777
164.243447,777.405600
164.246349,775.963519
164.249252,774.620041
164.252154,773.725682
164.255057,773.615519
164.257959,774.062506
164.260862,774.062506
164.263764,774.062506
164.266667,774.378195
164.269569,774.825623
164.272472,775.721254
164.275374,776.284878
164.278277,777.631244
164.281179,779.430030
164.284082,780.781851
164.286984,781.934619
164.289887,782.838467
164.292789,784.196199
164.295692,784.996406
164.298594,788.176853
164.301497,789.543844
164.304399,790.456488
164.307302,791.341405
164.310204,792.713884
164.313107,793.630192
164.316009,794.329068
164.318912,795.706729
164.321814,798.008142
164.324717,800.778625
164.327619,803.018440
164.330522,804.411171
164.333424,804.875952
164.336327,805.167602
164.339229,804.702653
164.342132,804.702653
164.345034,803.976650
164.347937,802.584671
164.350839,801.195102
164.353741,799.346085
164.356644,797.237820
164.359546,796.317346
164.362449,794.938628
164.365351,793.813341
164.368254,792.896821
164.371156,791.066955
164.374059,789.697328
164.376961,787.600905
164.379864,785.783261
164.382766,783.517104
164.385669,781.302077
164.388571,779.949356
164.391474,779.048843
164.394376,777.700024
164.397279,776.917692
164.400181,775.124703
164.403084,773.782677
164.405986,772.864510
164.408889,773.311063
164.411791,773.757874
164.414694,773.757874
164.417596,773.685508
164.420499,774.132535
164.423401,774.579821
164.426304,774.886234
164.429206,775.333955
164.432109,776.678671
164.435011,777.849964
164.437914,778.749091
164.440816,779.199044
164.443719,780.099730
164.446621,782.111119
164.449524,783.467589
164.452426,784.826412
164.455329,786.842538
164.458231,788.662632
164.461134,789.574258
164.464036,790.943672
164.466939,791.443980
164.469841,791.901268
164.472744,792.358820
164.475646,792.857344
164.478549,794.232452
164.481451,795.150516
164.484354,797.450320
164.487256,798.740993
164.490159,799.664268
164.493061,800.126306
164.495964,799.059746
164.498866,798.137168
164.501769,797.215657
164.504671,797.215657
164.507574,795.940276
164.510476,795.021301
164.513379,794.562211
164.516281,793.503851
164.519184,792.130005
164.522086,790.301909
164.524989,789.389443
164.527891,789.225639
164.530794,788.314416
164.533696,787.404245
164.536599,786.304103
164.539501,784.942721
164.542404,784.036444
164.545306,0.000000
164.548209,0.000000
164.551111,0.000000
164.554014,0.000000
164.556916,0.000000
164.559819,0.000000
164.562721,783.561805
164.565624,783.704254
164.568526,784.610148
164.571429,785.063488
164.574331,785.970953
164.577234,786.584887
164.580136,787.039368
164.583039,787.494111
164.585941,788.412031
164.588844,789.323366
164.591746,789.779429
164.594649,789.779429
164.597551,790.228055
164.600454,791.141490
164.603356,791.598603
164.606259,791.645458
164.609161,792.102862
164.612063,792.560531
164.614966,792.560531
164.617868,792.616644
164.620771,792.616644
164.623673,792.616644
164.626576,793.072838
164.629478,793.072838
164.632381,793.072838
164.635283,792.741429
164.638186,792.741429
164.641088,792.741429
164.643991,793.199467
164.646893,793.080308
164.649796,793.080308
164.652698,793.080308
164.655601,792.534506
164.658503,791.619463
164.661406,790.705476
164.664308,790.248879
164.667211,788.972386
164.670113,785.334970
164.673016,785.788728
164.675918,788.518094
164.678821,789.429552
164.681723,791.712810
164.684626,794.002671
164.687528,792.521765
164.690431,791.149619
164.693333,791.149619
164.696236,760.721243
164.699138,760.721243
164.702041,760.721243
164.704943,760.721243
164.707846,752.444007
164.710748,754.184532
164.713651,754.620292
164.716553,754.686765
164.719456,754.686765
164.722358,755.122815
164.725261,755.315974
164.728163,755.315974
164.731066,755.315974
164.733968,755.315974
164.736871,755.244247
164.739773,755.244247
164.742676,755.244247
164.745578,755.269049
164.748481,755.269049
164.751383,755.269049
164.754286,755.269049
164.757188,755.308809
164.760091,755.308809
164.762993,755.308809
164.765896,755.060838
164.768798,755.060838
164.771701,755.060838
164.774603,755.060838
164.777506,754.946626
164.780408,754.946626
164.783311,754.946626
164.786213,754.857647
164.789116,755.293796
164.792018,755.293796
164.794921,755.293796
164.797823,755.048142
164.800726,755.484401
164.803628,755.484401
164.806531,755.812771
164.809433,756.249471
164.812336,756.249471
164.815238,756.116890
164.818141,756.116890
164.821043,756.553767
164.823946,756.553767
164.826848,756.272054
164.829751,756.272054
164.832653,755.835340
164.835556,755.694199
164.838458,755.694199
164.841361,755.694199
164.844263,755.694199
164.847166,755.402398
164.850068,755.402398
164.852971,754.966186
164.855873,754.925588
164.858776,754.925588
164.861678,754.489651
164.864580,754.489651
164.867483,754.460927
164.870385,754.025259
164.873288,753.154678
164.876190,753.216843
164.879093,752.781893
164.881995,751.912747
164.884898,751.044605
164.887800,751.222493
164.890703,753.395245
164.893605,756.884726
164.896508,752.781890
164.899410,748.878630
164.902313,753.652040
164.905215,753.385781
164.908118,753.385781
164.911020,752.515938
164.913923,752.081393
164.916825,752.245544
164.919728,756.166354
164.922630,751.811156
164.925533,647.578182
164.928435,649.076136
164.931338,651.705896
164.934240,656.997424
164.937143,662.411944
164.940045,665.095736
164.942948,665.095736
164.945850,665.468722
164.948753,666.237946
164.951655,666.622891
164.954558,666.622891
164.957460,666.319521
164.960363,666.704514
164.963265,666.704514
164.966168,666.185277
164.969070,666.570192
164.971973,666.570192
164.974875,666.955329
164.977778,666.831365
164.980680,666.831365
164.983583,666.831365
164.986485,666.839046
164.989388,666.839046
164.992290,667.224338
164.995193,667.317176
164.998095,667.317176
165.000998,667.317176
165.003900,666.931829
165.006803,667.360293
165.009705,667.360293
165.012608,667.360293
165.015510,667.416923
165.018413,667.416923
165.021315,667.416923
165.024218,667.416923
165.027120,667.392070
165.030023,667.392070
165.032925,667.392070
165.035828,667.418115
165.038730,667.418115
165.041633,667.418115
165.044535,667.418115
165.047438,667.460430
165.050340,667.460430
165.053243,667.460430
165.056145,667.458308
165.059048,667.458308
165.061950,667.458308
165.064853,667.458308
165.067755,667.548651
165.070658,667.548651
165.073560,667.548651
165.076463,667.237872
165.079365,667.237872
165.082268,667.237872
165.085170,667.237446
165.088073,667.237446
165.090975,667.237446
165.093878,667.237446
165.096780,667.401218
165.099683,667.401218
165.102585,667.401218
165.105488,667.387101
165.108390,667.387101
165.111293,667.387101
165.114195,667.387101
165.117098,667.354573
165.120000,667.354573
165.122902,667.354573
165.125805,667.241569
165.128707,667.241569
165.131610,667.627094
165.134512,667.241569
165.137415,667.429989
165.140317,667.815623
165.143220,667.815623
165.146122,667.793696
165.149025,667.408074
165.151927,667.408074
165.154830,667.793696
165.157732,667.706915
165.160635,667.706915
165.163537,666.550869
165.166440,667.692219
165.169342,667.692219
165.172245,666.536198
165.175147,581.885955
165.178050,581.885955
165.180952,585.256786
165.183855,588.647144
165.186757,589.941939
165.189660,590.965117
165.192562,590.623861
165.195465,590.449862
165.198367,591.473920
165.201270,591.473920
165.204172,591.473920
165.207075,591.335720
165.209977,590.994249
165.212880,590.652976
165.215782,590.821926
165.218685,591.163297
165.221587,590.480753
165.224490,589.458413
165.227392,589.100601
165.230295,588.760422
165.233197,588.080652
165.236100,584.629801
165.239002,583.617592
165.241905,584.629801
165.244807,583.954800
165.247710,583.354055
165.250612,583.017194
165.253515,582.344055
165.256417,581.535997
165.259320,580.529145
165.262222,580.529145
165.265125,580.308328
165.268027,580.979114
165.270930,580.308328
165.273832,580.643624
165.276735,580.111233
165.279637,580.446415
165.282540,581.117360
165.285442,581.184954
165.288345,581.856753
165.291247,582.865908
165.294150,584.214172
165.297052,584.255412
165.299955,584.930760
165.302857,586.283800
165.305760,587.409369
165.308662,589.448707
165.311565,590.471029
165.314467,591.836884
165.317370,593.057764
165.320272,594.086345
165.323175,595.804614
165.326077,595.959019
165.328980,596.992633
165.331882,598.373573
165.334785,598.719307
165.337687,599.231697
165.340590,599.231697
165.343492,598.885667
165.346395,599.415535
165.349297,599.415535
165.352200,599.069399
165.355102,598.376812
165.358005,597.340801
165.360907,597.685939
165.363810,597.340801
165.366712,596.449826
165.369615,594.386266
165.372517,593.700001
165.375420,593.376439
165.378322,593.033790
165.381224,590.982049
165.384127,588.937407
165.387029,587.264088
165.389932,586.924969
165.392834,586.247318
165.395737,583.421105
165.398639,581.402621
165.401542,579.056548
165.404444,579.391121
165.407347,579.362219
165.410249,578.693300
165.413152,579.362219
165.416054,579.643120
165.418957,579.978032
165.421859,579.978032
165.424762,580.313137
165.427664,580.933983
165.430567,581.605492
165.433469,582.950839
165.436372,582.802282
165.439274,582.802282
165.442177,583.139019
165.445079,584.688097
165.447982,586.040575
165.450884,587.396182
165.453787,588.754924
165.456689,589.743609
165.459592,590.766442
165.462494,591.791050
165.465397,592.848536
165.468299,593.876755
165.471202,594.219891
165.474104,595.594417
165.477007,596.503199
165.479909,596.503199
165.482812,596.847853
165.485714,597.114903
165.488617,597.459910
165.491519,597.114903
165.494422,597.114903
165.497324,597.172205
165.500227,597.172205
165.503129,597.517245
165.506032,597.161507
165.508934,596.816673
165.511837,596.472038
165.514739,596.816673
165.517642,596.789082
165.520544,596.789082
165.523447,596.789082
165.526349,596.987762
165.529252,596.643027
165.532154,596.643027
165.535057,596.329834
165.537959,596.329834
165.540862,596.329834
165.543764,596.329834
165.546667,596.468565
165.549569,596.124131
165.552472,595.779896
165.555374,595.623145
165.558277,595.623145
165.561179,595.279199
165.564082,595.279199
165.566984,595.200004
165.569887,594.856302
165.572789,594.512799
165.575692,594.311382
165.578594,594.311382
165.581497,593.968193
165.584399,593.968193
165.587302,593.468481
165.590204,593.125779
165.593107,592.783275
165.596009,592.253624
165.598912,591.569821
165.601814,590.886808
165.604717,590.545597
165.607619,590.271985
165.610522,589.931129
165.613424,588.909742
165.616327,587.604183
165.619229,585.233085
165.622132,589.644196
165.625034,593.314702
165.627937,591.603614
165.630839,588.876132
165.633741,592.287457
165.636644,590.414883
165.639546,593.149493
165.642449,594.178234
165.645351,596.587993
165.648254,589.395049
165.651156,590.758415
165.654059,592.809380
165.656961,0.000000
165.659864,511.874722
165.662766,511.874722
165.665669,517.333192
165.668571,517.931184
165.671474,521.232517
165.674376,522.438213
165.677279,524.003888
165.680181,524.912705
165.683084,524.003888
165.685986,525.293549
165.688889,524.990215
165.691791,524.990215
165.694694,524.384073
165.697596,523.893761
165.700499,523.893761
165.703401,524.196461
165.706304,524.171227
165.709206,523.868541
165.712109,523.566030
165.715011,523.735194
165.717914,523.432760
165.720816,523.432760
165.723719,523.130500
165.726621,523.115686
165.729524,523.115686
165.732426,523.115686
165.735329,522.948629
165.738231,522.646649
165.741134,522.344844
165.744036,522.344844
165.746939,522.406902
165.749841,522.406902
165.752744,522.105235
165.755646,521.915062
165.758549,521.915062
165.761451,522.216619
165.764354,521.915062
165.767256,521.774795
165.770159,521.473493
165.773061,521.473493
165.775964,521.515980
165.778866,521.214828
165.781769,521.214828
165.784671,521.515980
165.787574,521.723015
165.790476,521.723015
165.793379,521.421743
165.796281,521.504041
165.799184,521.805361
165.802086,521.805361
165.804989,521.805361
165.807891,521.684988
165.810794,521.986412
165.813696,522.288011
165.816599,522.034837
165.819501,522.336464
165.822404,522.336464
165.825306,522.557572
165.828209,522.557572
165.831111,522.557572
165.834014,522.557572
165.836916,522.553275
165.839819,522.553275
165.842721,522.553275
165.845624,522.694953
165.848526,522.694953
165.851429,522.091461
165.854331,522.091461
165.857234,521.914058
165.860136,521.612676
165.863039,521.010433
165.865941,521.067217
165.868844,520.465604
165.871746,519.864686
165.874649,518.664930
165.877551,517.398233
165.880454,516.204170
165.883356,517.996301
165.886259,520.870552
165.889161,521.472633
165.892063,521.773934
165.894966,520.269166
165.897868,522.117039
165.900771,522.418712
165.903673,518.810103
165.906576,511.650881
165.909478,0.000000
165.912381,504.024224
165.915283,498.089240
165.918186,499.818481
165.921088,501.553725
165.923991,501.553725
165.926893,501.514304
165.929796,501.224702
165.932698,501.224702
165.935601,501.159966
165.938503,501.159966
165.941406,500.870568
165.944308,500.870568
165.947211,500.704736
165.950113,500.704736
165.953016,500.415602
165.955918,500.737188
165.958821,501.026508
165.961723,500.737188
165.964626,500.737188
165.967528,0.000000
165.970431,500.532506
165.973333,500.821708
165.976236,500.888006
165.979138,500.888006
165.982041,500.888006
165.984943,500.598765
165.987846,500.420866
165.990748,500.420866
165.993651,500.710004
165.996553,500.578947
165.999456,500.578947
166.002358,500.578947
166.005261,500.672868
166.008163,500.383752
166.011066,500.383752
166.013968,500.672868
166.016871,500.863631
166.019773,500.863631
166.022676,500.863631
166.025578,500.869998
166.028481,501.159396
166.031383,501.159396
166.034286,500.869998
166.037188,500.815342
166.040091,501.104708
166.042993,501.104708
166.045896,501.068509
166.048798,501.068509
166.051701,501.068509
166.054603,501.068509
166.057506,500.991326
166.060408,500.991326
166.063311,500.991326
166.066213,501.042009
166.069116,501.042009
166.072018,501.331506
166.074921,501.331506
166.077823,501.655455
166.080726,501.655455
166.083628,501.655455
166.086531,501.642669
166.089433,501.642669
166.092336,501.352993
166.095238,501.515304
166.098141,501.515304
166.101043,501.515304
166.103946,501.515304
166.106848,501.466355
166.109751,501.466355
166.112653,501.466355
166.115556,0.000000
166.118458,501.515045
166.121361,501.515045
166.124263,501.515045
166.127166,501.689510
166.130068,501.689510
166.132971,501.399806
166.135873,501.419473
166.138776,501.709187
166.141678,501.419473
166.144580,501.709187
166.147483,501.411547
166.150385,501.411547
166.153288,501.701258
166.156190,501.739957
166.159093,501.739957
166.161995,501.739957
166.164898,501.739957
166.167800,501.911426
166.170703,501.621594
166.173605,501.911426
166.176508,501.606102
166.179410,501.606102
166.182313,501.606102
166.185215,501.905900
166.188118,502.195896
166.191020,502.195896
166.193923,502.195896
166.196825,502.458285
166.199728,502.458285
166.202630,502.748600
166.205533,502.867777
166.208435,502.867777
166.211338,502.867777
166.214240,502.577393
166.217143,502.367322
166.220045,502.367322
166.222948,503.820313
166.225850,503.733750
166.228753,502.281009
166.231655,505.482587
166.234558,504.898968
166.237460,501.105734
166.240363,0.000000
166.243265,0.000000
166.246168,0.000000
166.249070,0.000000
166.251973,0.000000
166.254875,0.000000
166.257778,528.391361
166.260680,528.391361
166.263583,531.145411
166.266485,529.682261
166.269388,528.765186
166.272290,529.070701
166.275193,528.948314
166.278095,528.032510
166.280998,527.422855
166.283900,526.509692
166.286803,526.139419
166.289705,525.228478
166.292608,523.713748
166.295510,523.501746
166.298413,522.293596
166.301315,522.293596
166.304218,521.389314
166.307120,520.234316
166.310023,519.333599
166.312925,518.434442
166.315828,517.550427
166.318730,517.251564
166.321633,516.654357
166.324535,516.654357
166.327438,516.450274
166.330340,516.748673
166.333243,517.047245
166.336145,517.634646
166.339048,518.232987
166.341950,518.532416
166.344853,518.832019
166.347755,520.032078
166.350658,520.934006
166.353560,520.934006
166.356463,521.216329
166.359365,521.818810
166.362268,522.723837
166.365170,524.020788
166.368073,525.536407
166.370975,525.840056
166.373878,526.752057
166.376780,527.470162
166.379683,528.690285
166.382585,529.607230
166.385488,530.174479
166.388390,531.400859
166.391293,532.322505
166.394195,533.553853
166.397098,533.590468
166.400000,534.207252
166.402902,534.824749
166.405805,534.509723
166.408707,534.201067
166.411610,534.509723
166.414512,534.201067
166.417415,533.508844
166.420317,533.817100
166.423220,532.892867
166.426122,531.667511
166.429025,530.746999
166.431927,529.522129
166.434830,528.910754
166.437732,527.635498
166.440635,527.330812
166.443537,526.113825
166.446440,523.995422
166.449342,522.484247
166.452245,521.579635
166.455147,520.589069
166.458050,519.387641
166.460952,518.488390
166.463855,0.000000
166.466757,516.616927
166.469660,514.235157
166.472562,513.641433
166.475465,512.930976
166.478367,512.930976
166.481270,512.930976
166.484172,512.338757
166.487075,512.328804
166.489977,511.441775
166.492880,512.032957
166.495782,512.582696
166.498685,513.471704
166.501587,514.362254
166.504490,514.659447
166.507392,516.072700
166.510295,516.072700
166.513197,516.669235
166.516100,517.745701
166.519002,518.943331
166.521905,519.243171
166.524807,520.143731
166.527710,521.032342
166.530612,522.237574
166.533515,523.143327
166.536417,524.767849
166.539320,525.981722
166.542222,526.589711
166.545125,527.654381
166.548027,528.264304
166.550930,528.874931
166.553832,529.792196
166.556735,530.946605
166.559637,531.253380
166.562540,531.867463
166.565442,533.270251
166.568345,533.578369
166.571247,533.578369
166.574150,533.270251
166.577052,533.072448
166.579955,532.456974
166.582857,531.535095
166.585760,531.169014
166.588662,0.000000
166.591565,530.249365
166.594467,529.331309
166.597370,528.894878
166.600272,528.284228
166.603175,527.674282
166.606077,527.265018
166.608980,526.352129
166.611882,525.440820
166.614785,524.228195
166.617687,522.763506
166.620590,521.858411
166.623492,521.255884
166.626395,520.071512
166.629297,519.171077
166.632200,518.871279
166.635102,518.213761
166.638005,517.914515
166.640907,517.615442
166.643810,517.615442
166.646712,517.224292
166.649615,517.224292
166.652517,516.925618
166.655420,516.970100
166.658322,516.970100
166.661224,517.567673
166.664127,517.866718
166.667029,517.886311
166.669932,518.185541
166.672834,519.084266
166.675737,520.375705
166.678639,520.375705
166.681542,520.977214
166.684444,521.579418
166.687347,522.800336
166.690249,524.009658
166.693152,524.918484
166.696054,525.312117
166.698957,525.615637
166.701859,526.223202
166.704762,527.440442
166.707664,528.351036
166.710567,528.351036
166.713469,528.656312
166.716372,529.101034
166.719274,528.795502
166.722177,529.101034
166.725079,529.774915
166.727982,530.081013
166.730884,530.387289
166.733787,530.081013
166.736689,529.519261
166.739592,529.519261
166.742494,529.213487
166.745397,528.654890
166.748299,528.349615
166.751202,527.739594
166.754104,527.130277
166.757007,526.383852
166.759909,525.776101
166.762812,525.472488
166.765714,524.719665
166.768617,524.416663
166.771519,523.811183
166.774422,523.508705
166.777324,523.261368
166.780227,523.261368
166.783129,522.657221
166.786032,522.483397
166.788934,522.483397
166.791837,522.785282
166.794739,523.389576
166.797642,523.276427
166.800544,523.276427
166.803447,523.276427
166.806349,523.837936
166.809252,524.140604
166.812154,524.443447
166.815057,524.567725
166.817959,524.870815
166.820862,524.567725
166.823764,525.477520
166.826667,525.997315
166.829569,525.693574
166.832472,525.693574
166.835374,526.460907
166.838277,526.460907
166.841179,526.156899
166.844082,524.033753
166.846984,524.088148
166.849887,523.785511
166.852789,522.576706
166.855692,521.844711
166.858594,520.339739
166.861497,524.261726
166.864399,523.354037
166.867302,503.319926
166.870204,499.843241
166.873107,499.843241
166.876009,497.826272
166.878912,498.401716
166.881814,497.826272
166.884717,498.113911
166.887619,498.689220
166.890522,498.977357
166.893424,499.265661
166.896327,499.373345
166.899229,499.373345
166.902132,499.661877
166.905034,499.812526
166.907937,499.812526
166.910839,499.523906
166.913741,499.235453
166.916644,498.911342
166.919546,498.911342
166.922449,498.911342
166.925351,498.545607
166.928254,498.545607
166.931156,498.545607
166.934059,498.257719
166.936961,498.384553
166.939864,498.384553
166.942766,498.384553
166.945669,498.215537
166.948571,498.503401
166.951474,498.503401
166.954376,498.503401
166.957279,498.944088
166.960181,499.232373
166.963084,499.232373
166.965986,499.261616
166.968889,499.261616
166.971791,499.261616
166.974694,499.550084
166.977596,499.450155
166.980499,499.450155
166.983401,499.450155
166.986304,499.613127
166.989206,499.613127
166.992109,499.613127
166.995011,499.691604
166.997914,499.691604
167.000816,499.403054
167.003719,499.114671
167.006621,499.231882
167.009524,499.231882
167.012426,499.520333
167.015329,499.490800
167.018231,499.490800
167.021134,499.202366
167.024036,499.490800
167.026939,499.325367
167.029841,499.325367
167.032744,499.037029
167.035646,499.269314
167.038549,499.269314
167.041451,499.269314
167.044354,499.269314
167.047256,499.337694
167.050159,499.337694
167.053061,499.049348
167.055964,499.174468
167.058866,499.174468
167.061769,499.174468
167.064671,499.174468
167.067574,499.277861
167.070476,499.277861
167.073379,498.989551
167.076281,498.973047
167.079184,498.973047
167.082086,498.973047
167.084989,498.973047
167.087891,499.081047
167.090794,499.081047
167.093696,499.081047
167.096599,499.317056
167.099501,499.317056
167.102404,499.317056
167.105306,499.160429
167.108209,499.160429
167.111111,499.160429
167.114014,499.160429
167.116916,499.148081
167.119819,499.148081
167.122721,499.148081
167.125624,499.263548
167.128526,499.552017
167.131429,499.263548
167.134331,499.263548
167.137234,499.589673
167.140136,499.589673
167.143039,499.589673
167.145941,499.268841
167.148844,499.268841
167.151746,499.268841
167.154649,499.268841
167.157551,499.113746
167.160454,499.402129
167.163356,499.402129
167.166259,499.290490
167.169161,499.290490
167.172063,499.290490
167.174966,499.002172
167.177868,499.085352
167.180771,499.085352
167.183673,499.085352
167.186576,498.783214
167.189478,498.783214
167.192381,498.495188
167.195283,498.111285
167.198186,497.823647
167.201088,496.961732
167.203991,496.101308
167.206893,494.376629
167.209796,493.805833
167.212698,493.805833
167.215601,487.801855
167.218503,494.040248
167.221406,492.900090
167.224308,493.184882
167.227211,497.384003
167.230113,498.246651
167.233016,493.378019
167.235918,426.008179
167.238821,425.762178
167.241723,428.476019
167.244626,432.454334
167.247528,434.409119
167.250431,436.925625
167.253333,439.456709
167.256236,440.963729
167.259138,441.728523
167.262041,441.983749
167.264943,442.239123
167.267846,441.964145
167.270748,441.708930
167.273651,442.219507
167.276553,442.139244
167.279456,441.883928
167.282358,442.139244
167.285261,442.422817
167.288163,442.678445
167.291066,442.678445
167.293968,442.678445
167.296871,442.645339
167.299773,442.901095
167.302676,442.901095
167.305578,442.840314
167.308481,443.096182
167.311383,442.840314
167.314286,442.840314
167.317188,443.188695
167.320091,443.188695
167.322993,442.932773
167.325896,443.242178
167.328798,443.242178
167.331701,442.986225
167.334603,443.242178
167.337506,443.247246
167.340408,443.247246
167.343311,443.247246
167.346213,443.163324
167.349116,443.163324
167.352018,443.163324
167.354921,443.419379
167.357823,443.185300
167.360726,443.185300
167.363628,443.185300
167.366531,442.940397
167.369433,443.196323
167.372336,443.452397
167.375238,443.565848
167.378141,443.565848
167.381043,443.822136
167.383946,443.565848
167.386848,443.483612
167.389751,443.739852
167.392653,443.739852
167.395556,443.531575
167.398458,443.787843
167.401361,443.787843
167.404263,443.787843
167.407166,443.831571
167.410068,443.831571
167.412971,443.831571
167.415873,443.610619
167.418776,443.610619
167.421678,443.610619
167.424580,443.610619
167.427483,443.785015
167.430385,443.785015
167.433288,443.528749
167.436190,443.700789
167.439093,443.444572
167.441995,443.444572
167.444898,443.444572
167.447800,443.609634
167.450703,443.609634
167.453605,443.609634
167.456508,443.667275
167.459410,443.667275
167.462313,443.411077
167.465215,443.402678
167.468118,443.402678
167.471020,443.658872
167.473923,443.658872
167.476825,443.451800
167.479728,443.451800
167.482630,443.708022
167.485533,443.662857
167.488435,443.662857
167.491338,443.662857
167.494240,443.406662
167.497143,443.794083
167.500045,443.794083
167.502948,443.794083
167.505850,443.600691
167.508753,443.600691
167.511655,443.344531
167.514558,443.600691
167.517460,443.591078
167.520363,443.591078
167.523265,443.591078
167.526168,443.682870
167.529070,443.682870
167.531973,443.682870
167.534875,443.939225
167.537778,443.796211
167.540680,443.796211
167.543583,443.796211
167.546485,443.662716
167.549388,443.662716
167.552290,443.662716
167.555193,443.629745
167.558095,443.629745
167.560998,443.629745
167.563900,443.629745
167.566803,443.647783
167.569705,443.647783
167.572608,443.647783
167.575510,443.591723
167.578413,443.591723
167.581315,443.591723
167.584218,443.591723
167.587120,443.626462
167.590023,443.626462
167.592925,443.626462
167.595828,443.654117
167.598730,443.397927
167.601633,443.397927
167.604535,443.654117
167.607438,443.761959
167.610340,443.761959
167.613243,443.761959
167.616145,443.701029
167.619048,443.701029
167.621950,443.444811
167.624853,443.444811
167.627755,443.399981
167.630658,443.656173
167.633560,443.656173
167.636463,443.687517
167.639365,443.687517
167.642268,443.687517
167.645170,443.640046
167.648073,443.640046
167.650975,443.640046
167.653878,443.640046
167.656780,443.723125
167.659683,443.723125
167.662585,443.723125
167.665488,443.740965
167.668390,443.740965
167.671293,443.740965
167.674195,443.740965
167.677098,443.693323
167.680000,443.693323
167.682902,443.693323
167.685805,443.870027
167.688707,443.613712
167.691610,443.613712
167.694512,443.613712
167.697415,443.562325
167.700317,443.562325
167.703220,443.562325
167.706122,443.609379
167.709025,443.609379
167.711927,443.353214
167.714830,443.353214
167.717732,443.182040
167.720635,443.182040
167.723537,443.182040
167.726440,443.034292
167.729342,443.034292
167.732245,443.546401
167.735147,443.493937
167.738050,443.237839
167.740952,442.981889
167.743855,442.981889
167.746757,442.963415
167.749660,442.707623
167.752562,442.963415
167.755465,443.131772
167.758367,443.387808
167.761270,443.643993
167.764172,442.875883
167.767075,443.380990
167.769977,443.380990
167.772880,443.124957
167.775782,442.844934
167.778685,443.356824
167.781587,444.639139
167.784490,443.869306
167.787392,441.969535
167.790295,443.760194
167.793197,442.224900
167.796100,392.279337
167.799002,392.279337
167.801905,392.279337
167.804807,392.279337
167.807710,394.795099
167.810612,393.883982
167.813515,0.000000
167.816417,394.100909
167.819320,394.100909
167.822222,393.645888
167.825125,393.795644
167.828027,394.023175
167.830930,393.795644
167.833832,393.568244
167.836735,394.415369
167.839637,394.415369
167.842540,393.959986
167.845442,393.973072
167.848345,393.973072
167.851247,393.745570
167.854150,393.745570
167.857052,393.910686
167.859955,393.910686
167.862857,393.910686
167.865760,393.603567
167.868662,393.830987
167.871565,393.603567
167.874467,393.830987
167.877370,393.448503
167.880272,394.130888
167.883175,393.903295
167.886077,393.792212
167.888980,393.792212
167.891882,394.019741
167.894785,394.019741
167.897687,393.802532
167.900590,394.030067
167.903492,394.030067
167.906395,393.974788
167.909297,393.974788
167.912200,394.202423
167.915102,394.057110
167.918005,393.829560
167.920907,393.829560
167.923810,394.057110
167.926712,393.938090
167.929615,393.710608
167.932517,393.483257
167.935420,393.518118
167.938322,393.518118
167.941224,393.745488
167.944127,393.745488
167.947029,393.820550
167.949932,393.593136
167.952834,393.593136
167.955737,393.738586
167.958639,393.966084
167.961542,393.966084
167.964444,394.193714
167.967347,394.158061
167.970249,393.930453
167.973152,393.930453
167.976054,394.186406
167.978957,394.414162
167.981859,394.186406
167.984762,394.186406
167.987664,394.141674
167.990567,394.141674
167.993469,394.141674
167.996372,394.251696
167.999274,394.251696
168.002177,394.024033
168.005079,394.188850
168.007982,394.188850
168.010884,394.188850
168.013787,394.188850
168.016689,394.284929
168.019592,394.284929
168.022494,394.284929
168.025397,394.338468
168.028299,394.110755
168.031202,394.110755
168.034104,394.110755
168.037007,394.125976
168.039909,394.125976
168.042812,394.125976
168.045714,394.144166
168.048617,394.371899
168.051519,394.144166
168.054422,393.916565
168.057324,393.845697
168.060227,393.845697
168.063129,393.845697
168.066032,393.716066
168.068934,393.943551
168.071837,393.943551
168.074739,393.943551
168.077642,393.802673
168.080544,393.802673
168.083447,393.802673
168.086349,393.924542
168.089252,393.924542
168.092154,393.924542
168.095057,393.930480
168.097959,394.158089
168.100862,394.158089
168.103764,394.158089
168.106667,394.104944
168.109569,394.104944
168.112472,394.332653
168.115374,394.118233
168.118277,394.118233
168.121179,394.118233
168.124082,394.345950
168.126984,394.325566
168.129887,394.325566
168.132789,394.553403
168.135692,394.458179
168.138594,394.458179
168.141497,394.230397
168.144399,394.458179
168.147302,394.369587
168.150204,394.369587
168.153107,394.369587
168.156009,394.515403
168.158912,394.743350
168.161814,394.743350
168.164717,394.743350
168.167619,394.746370
168.170522,394.746370
168.173424,394.746370
168.176327,394.693476
168.179229,394.921526
168.182132,394.921526
168.185034,395.033575
168.187937,395.261821
168.190839,395.261821
168.193741,395.261821
168.196644,395.063753
168.199546,395.292016
168.202449,395.520412
168.205351,395.465774
168.208254,395.465774
168.211156,395.694270
168.214059,395.922898
168.216961,395.822655
168.219864,395.822655
168.222766,395.822655
168.225669,395.875430
168.228571,395.875430
168.231474,396.104162
168.234376,396.104162
168.237279,396.339510
168.240181,396.339510
168.243084,396.339510
168.245986,396.172103
168.248889,396.172103
168.251791,396.401007
168.254694,396.630044
168.257596,396.455167
168.260499,396.455167
168.263401,396.226232
168.266304,396.143656
168.269206,396.143656
168.272109,396.372544
168.275011,396.312785
168.277914,396.312785
168.280816,396.312785
168.283719,396.312785
168.286621,396.372712
168.289524,396.372712
168.292426,396.143825
168.295329,396.125821
168.298231,395.897076
168.301134,395.668462
168.304036,395.211632
168.306939,395.022980
168.309841,395.022980
168.312744,394.566895
168.315646,394.175261
168.318549,393.947642
168.321451,393.492799
168.324354,393.038481
168.327256,392.915043
168.330159,392.688151
168.333061,392.688151
168.335964,392.258561
168.338866,392.032049
168.341769,392.032049
168.344671,391.353298
168.347574,391.486120
168.350476,391.034119
168.353379,391.034119
168.356281,390.694485
168.359184,390.694485
168.362086,390.468876
168.364989,390.018049
168.367891,390.148405
168.370794,390.148405
168.373696,390.599383
168.376599,390.140957
168.379501,390.591925
168.382404,390.366376
168.385306,390.766019
168.388209,391.217710
168.391111,391.217710
168.394014,391.443752
168.396916,391.596505
168.399819,392.049156
168.402721,392.275678
168.405624,392.546938
168.408526,393.000688
168.411429,393.000688
168.414331,393.454962
168.417234,394.007340
168.420136,394.462778
168.423039,395.146923
168.425941,395.909214
168.428844,396.825016
168.431746,397.742936
168.434649,398.202692
168.437551,398.852364
168.440454,400.005960
168.443356,400.931239
168.446259,399.969525
168.449161,400.431855
168.452063,400.431855
168.454966,400.663220
168.457868,400.892551
168.460771,400.661053
168.463673,400.429689
168.466576,400.421063
168.469478,399.958745
168.472381,399.727787
168.475283,399.845901
168.478186,400.076928
168.481088,399.615008
168.483991,398.692767
168.486893,398.072744
168.489796,397.842875
168.492698,397.154063
168.495601,396.513410
168.498503,395.598327
168.501406,394.685356
168.504308,394.913401
168.507211,395.040895
168.510113,394.584789
168.513016,392.765627
168.515918,391.924905
168.518821,390.794614
168.521723,390.794614
168.524626,390.568948
168.527528,390.166854
168.530431,389.941550
168.533333,389.491332
168.536236,388.110308
168.539138,387.886191
168.542041,387.662204
168.544943,387.438346
168.547846,387.706901
168.550748,388.155056
168.553651,387.706901
168.556553,387.291266
168.559456,387.738941
168.562358,388.187133
168.565261,388.888852
168.568163,389.113548
168.571066,388.888852
168.573968,388.888852
168.576871,389.779669
168.579773,390.230220
168.582676,391.132886
168.585578,391.220296
168.588481,392.351818
168.591383,392.125252
168.594286,394.396811
168.597188,395.175313
168.600091,394.719053
168.602993,394.947117
168.605896,394.895262
168.608798,396.495197
168.611701,398.331634
168.614603,399.253040
168.617506,399.650398
168.620408,400.343539
168.623311,401.037883
168.626213,400.710811
168.629116,400.710811
168.632018,400.710811
168.634921,401.173998
168.637823,400.881966
168.640726,401.113591
168.643628,401.345350
168.646531,401.249515
168.649433,401.481353
168.652336,401.481353
168.655238,0.000000
168.658141,401.137596
168.661043,400.905957
168.663946,400.674452
168.666848,400.470825
168.669751,399.777463
168.672653,398.394338
168.675556,397.788434
168.678458,397.329156
168.681361,396.870408
168.684263,395.725855
168.687166,395.728162
168.690068,394.814892
168.692971,394.359047
168.695873,393.395483
168.698776,392.714371
168.701678,391.808056
168.704580,391.129692
168.707483,390.132780
168.710385,389.907495
168.713288,389.682341
168.716190,389.427092
168.719093,388.752850
168.721995,388.528363
168.724898,388.304005
168.727800,388.508214
168.730703,389.631891
168.733605,389.857016
168.736508,390.336468
168.739410,390.111066
168.742313,389.885794
168.745215,390.350427
168.748118,390.575968
168.751020,390.575968
168.753923,0.000000
168.756825,0.000000
168.759728,0.000000
168.762630,0.000000
168.765533,0.000000
168.768435,0.000000
168.771338,0.000000
168.774240,0.000000
168.777143,0.000000
168.780045,0.000000
168.782948,0.000000
168.785850,0.000000
168.788753,0.000000
168.791655,0.000000
168.794558,0.000000
168.797460,0.000000
168.800363,0.000000
168.803265,0.000000
168.806168,0.000000
168.809070,0.000000
168.811973,0.000000
168.814875,0.000000
168.817778,0.000000
168.820680,0.000000
168.823583,0.000000
168.826485,0.000000
168.829388,0.000000
168.832290,0.000000
168.835193,0.000000
168.838095,0.000000
168.840998,0.000000
168.843900,0.000000
168.846803,0.000000
168.849705,397.451275
168.852608,396.305046
168.855510,394.981133
168.858413,394.753049
168.861315,394.297276
168.864218,393.842029
168.867120,393.861685
168.870023,392.725809
168.872925,392.499027
168.875828,391.310165
168.878730,390.858367
168.881633,389.506100
168.884535,389.506100
168.887438,390.000642
168.890340,389.775434
168.893243,388.875901
168.896145,388.308267
168.899048,388.084036
168.901950,388.308267
168.904853,388.981737
168.907755,389.042244
168.910658,389.042244
168.913560,389.042244
168.916463,389.507375
168.919365,390.182925
168.922268,390.633943
168.925170,390.806249
168.928073,391.936573
168.930975,392.616336
168.933878,392.843185
168.936780,394.570202
168.939683,395.026290
168.942585,395.026290
168.945488,394.971855
168.948390,396.343098
168.951293,396.801236
168.954195,397.259903
168.957098,397.772947
168.960000,400.308383
168.962902,400.771104
168.965805,400.814938
168.968707,401.278245
168.971610,401.278245
168.974512,401.278245
168.977415,401.814242
168.980317,401.350316
168.983220,401.350316
168.986122,401.397243
168.989025,400.933798
168.991927,400.933798
168.994830,401.165453
168.997732,400.131787
169.000635,399.208353
169.003537,399.208353
169.006440,399.202145
169.009342,398.280857
169.012245,397.132237
169.015147,395.830871
169.018050,394.917363
169.020952,394.917363
169.023855,394.917363
169.026757,394.889478
169.029660,393.978143
169.032562,392.615082
169.035465,391.683889
169.038367,390.554293
169.041270,390.328766
169.044172,389.878101
169.047075,389.870204
169.049977,389.870204
169.052880,390.320860
169.055782,389.505627
169.058685,389.505627
169.061587,389.280705
169.064490,389.730680
169.067392,390.008235
169.070295,390.233577
169.073197,390.233577
169.076100,390.117967
169.079002,390.568909
169.081905,391.472358
169.084807,391.698547
169.087710,391.414039
169.090612,392.092896
169.093515,394.136539
169.096417,394.708047
169.099320,394.480121
169.102222,394.936105
169.105125,395.213115
169.108027,395.441465
169.110930,395.898561
169.113832,397.962039
169.116735,399.482386
169.119637,400.175237
169.122540,400.175237
169.125442,400.362615
169.128345,400.131423
169.131247,400.825399
169.134150,401.520579
169.137052,401.769418
169.139955,402.233828
169.142857,402.001556
169.145760,401.887234
169.148662,401.887234
169.151565,402.351780
169.154467,401.887234
169.157370,401.465858
169.160272,399.845865
169.163175,399.153585
169.166077,398.549527
169.168980,397.859491
169.171882,397.170650
169.174785,396.712086
169.177687,396.424484
169.180590,395.966781
169.183492,395.738128
169.186395,395.131052
169.189297,393.764003
169.192200,393.309371
169.195102,392.359683
169.198005,391.002222
169.200907,389.424451
169.203810,389.874592
169.206712,388.842630
169.209615,388.842630
169.212517,388.842630
169.215420,389.406085
169.218322,388.956485
169.221224,389.181220
169.224127,388.956485
169.227029,389.107720
169.229932,389.332542
169.232834,390.007789
169.235737,389.620091
169.238639,389.170244
169.241542,389.395103
169.244444,389.845209
169.247347,390.600642
169.250249,391.504165
169.253152,391.730372
169.256054,393.877248
169.258957,395.701559
169.261859,395.016455
169.264762,393.877248
169.267664,393.845501
169.270567,394.756529
169.273469,395.669665
169.276372,396.483220
169.279274,397.859710
169.282177,397.859710
169.285079,400.116385
169.287982,399.423637
169.290884,398.962471
169.293787,398.732088
169.296689,399.428706
169.299592,400.352650
169.302494,400.583969
169.305397,399.852663
169.308299,399.160371
169.311202,400.546156
169.314104,399.621766
169.317007,399.139283
169.319909,399.139283
169.322812,399.139283
169.325714,398.809666
169.328617,396.054886
169.331519,395.826182
169.334422,397.659520
169.337324,397.099562
169.340227,396.641079
169.343129,395.497188
169.346032,394.027593
169.348934,394.027593
169.351837,392.891238
169.354739,392.210999
169.357642,391.496215
169.360544,390.818392
169.363447,391.044202
169.366349,390.596352
169.369252,390.822034
169.372154,390.596352
169.375057,391.664803
169.377959,390.535263
169.380862,390.760910
169.383764,390.535263
169.386667,391.046942
169.389569,391.272885
169.392472,391.725163
169.395374,391.915568
169.398277,392.595295
169.401179,393.730794
169.404082,393.730794
169.406984,393.839510
169.409887,393.839510
169.412789,394.294754
169.415692,394.253061
169.418594,394.480856
169.421497,394.708783
169.424399,395.850394
169.427302,397.015968
169.430204,399.315859
169.433107,399.315859
169.436009,399.105395
169.438912,399.105395
169.441814,399.797591
169.444717,399.797591
169.447619,400.185897
169.450522,399.262339
169.453424,399.954808
169.456327,401.001934
169.459229,400.770373
169.462132,401.233628
169.465034,400.891781
169.467937,400.891781
169.470839,400.197690
169.473741,399.504801
169.476644,398.717384
169.479546,400.101630
169.482449,398.947759
169.485351,0.000000
169.488254,0.000000
169.491156,0.000000
169.494059,0.000000
169.496961,0.000000
169.499864,0.000000
169.502766,0.000000
169.505669,0.000000
169.508571,0.000000
169.511474,0.000000
169.514376,0.000000
169.517279,0.000000
169.520181,0.000000
169.523084,0.000000
169.525986,0.000000
169.528889,0.000000
169.531791,0.000000
169.534694,0.000000
169.537596,0.000000
169.540499,0.000000
169.543401,0.000000
169.546304,0.000000
169.549206,0.000000
169.552109,0.000000
169.555011,0.000000
169.557914,0.000000
169.560816,0.000000
169.563719,0.000000
169.566621,0.000000
169.569524,0.000000
169.572426,0.000000
169.575329,0.000000
169.578231,0.000000
169.581134,0.000000
169.584036,0.000000
169.586939,0.000000
169.589841,0.000000
169.592744,0.000000
169.595646,0.000000
169.598549,0.000000
169.601451,0.000000
169.604354,0.000000
169.607256,0.000000
169.610159,0.000000
169.613061,0.000000
169.615964,0.000000
169.618866,0.000000
169.621769,0.000000
169.624671,0.000000
169.627574,0.000000
169.630476,0.000000
169.633379,0.000000
169.636281,0.000000
169.639184,0.000000
169.642086,0.000000
169.644989,0.000000
169.647891,0.000000
169.650794,0.000000
169.653696,0.000000
169.656599,0.000000
169.659501,0.000000
169.662404,0.000000
169.665306,0.000000
169.668209,0.000000
169.671111,0.000000
169.674014,0.000000
169.676916,0.000000
169.679819,0.000000
169.682721,0.000000
169.685624,0.000000
169.688526,0.000000
169.691429,0.000000
169.694331,0.000000
169.697234,0.000000
169.700136,0.000000
169.703039,0.000000
169.705941,0.000000
169.708844,0.000000
169.711746,0.000000
169.714649,0.000000
169.717551,0.000000
169.720454,0.000000
169.723356,0.000000
169.726259,0.000000
169.729161,0.000000
169.732063,0.000000
169.734966,0.000000
169.737868,0.000000
169.740771,0.000000
169.743673,0.000000
169.746576,0.000000
169.749478,0.000000
169.752381,0.000000
169.755283,0.000000
169.758186,0.000000
169.761088,0.000000
169.763991,0.000000
169.766893,0.000000
169.769796,0.000000
169.772698,0.000000
169.775601,0.000000
169.778503,0.000000
169.781406,0.000000
169.784308,0.000000
169.787211,0.000000
169.790113,0.000000
169.793016,0.000000
169.795918,0.000000
169.798821,0.000000
169.801723,0.000000
169.804626,0.000000
169.807528,0.000000
169.810431,0.000000
169.813333,0.000000
169.816236,0.000000
169.819138,0.000000
169.822041,0.000000
169.824943,0.000000
169.827846,0.000000
169.830748,0.000000
169.833651,0.000000
169.836553,0.000000
169.839456,0.000000
169.842358,0.000000
169.845261,0.000000
169.848163,0.000000
169.851066,0.000000
169.853968,0.000000
169.856871,0.000000
169.859773,0.000000
169.862676,0.000000
169.865578,0.000000
169.868481,0.000000
169.871383,0.000000
169.874286,0.000000
169.877188,0.000000
169.880091,0.000000
169.882993,0.000000
169.885896,0.000000
169.888798,0.000000
169.891701,0.000000
169.894603,0.000000
169.897506,0.000000
169.900408,0.000000
169.903311,0.000000
169.906213,0.000000
169.909116,0.000000
169.912018,0.000000
169.914921,0.000000
169.917823,0.000000
169.920726,0.000000
169.923628,0.000000
169.926531,0.000000
169.929433,0.000000
169.932336,0.000000
169.935238,0.000000
169.938141,0.000000
169.941043,0.000000
169.943946,0.000000
169.946848,0.000000
169.949751,0.000000
169.952653,0.000000
169.955556,0.000000
169.958458,0.000000
169.961361,0.000000
169.964263,0.000000
169.967166,0.000000
169.970068,0.000000
169.972971,0.000000
169.975873,0.000000
169.978776,0.000000
169.981678,0.000000
169.984580,0.000000
169.987483,0.000000
169.990385,0.000000
169.993288,0.000000
169.996190,0.000000
169.999093,0.000000
170.001995,0.000000
170.004898,0.000000
170.007800,0.000000
170.010703,0.000000
170.013605,0.000000
170.016508,0.000000
170.019410,0.000000
170.022313,0.000000
170.025215,0.000000
170.028118,0.000000
170.031020,0.000000
170.033923,0.000000
170.036825,0.000000
170.039728,0.000000
170.042630,0.000000
170.045533,0.000000
170.048435,0.000000
170.051338,0.000000
170.054240,0.000000
170.057143,0.000000
170.060045,0.000000
170.062948,0.000000
170.065850,0.000000
170.068753,0.000000
170.071655,0.000000
170.074558,0.000000
170.077460,0.000000
170.080363,0.000000
170.083265,0.000000
170.086168,0.000000
170.089070,0.000000
170.091973,0.000000
170.094875,0.000000
170.097778,0.000000
170.100680,0.000000
170.103583,0.000000
170.106485,0.000000
170.109388,0.000000
170.112290,0.000000
170.115193,0.000000
170.118095,0.000000
170.120998,0.000000
170.123900,0.000000
170.126803,0.000000
170.129705,0.000000
170.132608,0.000000
170.135510,0.000000
170.138413,0.000000
170.141315,0.000000
170.144218,0.000000
170.147120,0.000000
170.150023,0.000000
170.152925,0.000000
170.155828,0.000000
170.158730,0.000000
170.161633,0.000000
170.164535,0.000000
170.167438,0.000000
170.170340,0.000000
170.173243,0.000000
170.176145,0.000000
170.179048,0.000000
170.181950,0.000000
170.184853,0.000000
170.187755,0.000000
170.190658,0.000000
170.193560,0.000000
170.196463,0.000000
170.199365,0.000000
170.202268,0.000000
170.205170,0.000000
170.208073,0.000000
170.210975,0.000000
170.213878,0.000000
170.216780,0.000000
170.219683,0.000000
170.222585,0.000000
170.225488,0.000000
170.228390,0.000000
170.231293,0.000000
170.234195,0.000000
170.237098,0.000000
170.240000,0.000000
170.242902,0.000000
170.245805,0.000000
170.248707,0.000000
170.251610,0.000000
170.254512,0.000000
170.257415,0.000000
170.260317,0.000000
170.263220,0.000000
170.266122,0.000000
170.269025,0.000000
170.271927,0.000000
170.274830,0.000000
170.277732,0.000000
170.280635,0.000000
170.283537,0.000000
170.286440,0.000000
170.289342,0.000000
170.292245,0.000000
170.295147,0.000000
170.298050,0.000000
170.300952,0.000000
170.303855,0.000000
170.306757,0.000000
170.309660,0.000000
170.312562,0.000000
170.315465,0.000000
170.318367,0.000000
170.321270,0.000000
170.324172,0.000000
170.327075,0.000000
170.329977,0.000000
170.332880,0.000000
170.335782,0.000000
170.338685,0.000000
170.341587,0.000000
170.344490,0.000000
170.347392,0.000000
170.350295,0.000000
170.353197,0.000000
170.356100,0.000000
170.359002,0.000000
170.361905,0.000000
170.364807,0.000000
170.367710,0.000000
170.370612,0.000000
170.373515,0.000000
170.376417,0.000000
170.379320,0.000000
170.382222,0.000000
170.385125,0.000000
170.388027,0.000000
170.390930,0.000000
170.393832,0.000000
170.396735,0.000000
170.399637,0.000000
170.402540,0.000000
170.405442,0.000000
170.408345,0.000000
170.411247,0.000000
170.414150,0.000000
170.417052,0.000000
170.419955,0.000000
170.422857,0.000000
170.425760,0.000000
170.428662,0.000000
170.431565,0.000000
170.434467,0.000000
170.437370,0.000000
170.440272,0.000000
170.443175,0.000000
170.446077,0.000000
170.448980,0.000000
170.451882,0.000000
170.454785,0.000000
170.457687,0.000000
170.460590,0.000000
170.463492,0.000000
170.466395,0.000000
170.469297,0.000000
170.472200,0.000000
170.475102,0.000000
170.478005,0.000000
170.480907,0.000000
170.483810,0.000000
170.486712,0.000000
170.489615,0.000000
170.492517,0.000000
170.495420,0.000000
170.498322,0.000000
170.501224,0.000000
170.504127,0.000000
170.507029,0.000000
170.509932,0.000000
170.512834,0.000000
170.515737,0.000000
170.518639,0.000000
170.521542,0.000000
170.524444,0.000000
170.527347,0.000000
170.530249,0.000000
170.533152,0.000000
170.536054,0.000000
170.538957,0.000000
170.541859,0.000000
170.544762,0.000000
170.547664,0.000000
170.550567,0.000000
170.553469,0.000000
170.556372,0.000000
170.559274,0.000000
170.562177,0.000000
170.565079,0.000000
170.567982,0.000000
170.570884,0.000000
170.573787,0.000000
170.576689,0.000000
170.579592,0.000000
170.582494,0.000000
170.585397,0.000000
170.588299,0.000000
170.591202,0.000000
170.594104,0.000000
170.597007,0.000000
170.599909,0.000000
170.602812,0.000000
170.605714,0.000000
170.608617,0.000000
170.611519,0.000000
170.614422,0.000000
170.617324,0.000000
170.620227,0.000000
170.623129,0.000000
170.626032,0.000000
170.628934,0.000000
170.631837,0.000000
170.634739,0.000000
170.637642,0.000000
170.640544,0.000000
170.643447,0.000000
170.646349,0.000000
170.649252,0.000000
170.652154,0.000000
170.655057,0.000000
170.657959,0.000000
170.660862,0.000000
170.663764,0.000000
170.666667,0.000000
170.669569,0.000000
170.672472,0.000000
170.675374,0.000000
170.678277,0.000000
170.681179,0.000000
170.684082,0.000000
170.686984,0.000000
170.689887,0.000000
170.692789,0.000000
170.695692,0.000000
170.698594,0.000000
170.701497,0.000000
170.704399,0.000000
170.707302,0.000000
170.710204,0.000000
170.713107,0.000000
170.716009,0.000000
170.718912,0.000000
170.721814,0.000000
170.724717,0.000000
170.727619,0.000000
170.730522,0.000000
170.733424,0.000000
170.736327,0.000000
170.739229,0.000000
170.742132,0.000000
170.745034,0.000000
170.747937,0.000000
170.750839,0.000000
170.753741,0.000000
170.756644,0.000000
170.759546,0.000000
170.762449,0.000000
170.765351,0.000000
170.768254,0.000000
170.771156,0.000000
170.774059,0.000000
170.776961,0.000000
170.779864,0.000000
170.782766,0.000000
170.785669,0.000000
170.788571,0.000000
170.791474,0.000000
170.794376,0.000000
170.797279,0.000000
170.800181,0.000000
170.803084,0.000000
170.805986,0.000000
170.808889,0.000000
170.811791,0.000000
170.814694,0.000000
170.817596,0.000000
170.820499,0.000000
170.823401,0.000000
170.826304,0.000000
170.829206,0.000000
170.832109,0.000000
170.835011,0.000000
170.837914,0.000000
170.840816,0.000000
170.843719,0.000000
170.846621,0.000000
170.849524,0.000000
170.852426,0.000000
170.855329,0.000000
170.858231,0.000000
170.861134,0.000000
170.864036,0.000000
170.866939,0.000000
170.869841,0.000000
170.872744,0.000000
170.875646,0.000000
170.878549,0.000000
170.881451,0.000000
170.884354,0.000000
170.887256,0.000000
170.890159,0.000000
170.893061,0.000000
170.895964,0.000000
170.898866,0.000000
170.901769,0.000000
170.904671,0.000000
170.907574,0.000000
170.910476,0.000000
170.913379,0.000000
170.916281,0.000000
170.919184,0.000000
170.922086,0.000000
170.924989,0.000000
170.927891,0.000000
170.930794,0.000000
170.933696,0.000000
170.936599,0.000000
170.939501,0.000000
170.942404,0.000000
170.945306,0.000000
170.948209,0.000000
170.951111,0.000000
170.954014,0.000000
170.956916,0.000000
170.959819,0.000000
170.962721,0.000000
170.965624,0.000000
170.968526,0.000000
170.971429,0.000000
170.974331,0.000000
170.977234,0.000000
170.980136,0.000000
170.983039,0.000000
170.985941,0.000000
170.988844,0.000000
170.991746,0.000000
170.994649,0.000000
170.997551,0.000000
171.000454,0.000000
171.003356,0.000000
171.006259,0.000000
171.009161,0.000000
171.012063,0.000000
171.014966,0.000000
171.017868,0.000000
171.020771,0.000000
171.023673,0.000000
171.026576,0.000000
171.029478,0.000000
171.032381,0.000000
171.035283,0.000000
